step temp press pressGiga vol ke pe density
0 1649.8843771618030587 19605.857186229015497 1.9605857186229 20466.502724159228819 368.30743543606752155 -7195.8864520597999217 8.2624284081196215368
1000 1647.7183648088391692 13657.807412041072894 1.36578074120411 20598.336881042130699 367.82391158076848114 -7173.873468947004767 8.2095469405875363123
2000 1648.0494322603854016 14100.110250487166923 1.41001102504872 20582.504015166261524 367.89781651963761533 -7176.158880452100675 8.2158620446932459913
3000 1710.4376898787113532 14012.116304560906428 1.40121163045609 20560.066588538535143 381.82488891501242279 -7188.6777194653204788 8.2248281052367513411
4000 1628.755870878529322 11609.669139272948087 1.16096691392729 20575.367028452903469 363.59087100797466974 -7190.3830545724422336 8.2187118844152156072
5000 1619.8766281142284242 18477.414496317418525 1.84774144963174 20494.964398367574177 361.60873748613386169 -7188.8808619776027626 8.250954245932719644
6000 1685.8671063357671756 17944.553294590416044 1.79445532945904 20525.353626084415737 376.33994176529955666 -7183.8496150702630985 8.2387381286356102805
7000 1651.9815106381165606 16887.757541446328105 1.68877575414463 20537.073765544475464 368.77558330334824177 -7179.7520638165287892 8.2340364286298122209
8000 1693.3845376041031159 10454.178762842422657 1.04541787628424 20631.701055623143475 378.01807501501889419 -7178.0330861764778092 8.1962710232689239831
9000 1670.0645403243374858 13300.879651176623156 1.33008796511766 20561.001596866743057 372.81229907618524066 -7191.1472876570460357 8.22445408246649734
10000 1659.1061886572233561 24438.506862069411 2.44385068620694 20404.50274842332874 370.36604135352934009 -7200.3557000445434824 8.2875341589011561894
11000 1674.2734711362325015 13453.44733294537582 1.34534473329454 20524.47698685017167 373.75186825734419926 -7203.2333860321568864 8.2390900207246922093
12000 1619.1541030999237591 11605.273095700427803 1.16052730957004 20620.875484204934764 361.44744658675898563 -7173.9215236738655221 8.200573911252188708
13000 1685.8489973938310413 9458.0201810888356704 0.945802018108884 20631.307616605419753 376.33589926507636392 -7180.9147954074896916 8.1964273261499780432
14000 1603.6067659167026704 16802.894620133654826 1.68028946201337 20505.828331989574508 357.97677920844097343 -7190.5822101927160475 8.246582912193122894
15000 1661.4477252419908382 17149.66040171316854 1.71496604017132 20531.802194773867086 370.88874788160677554 -7185.1669261868883041 8.2361505297374275614
16000 1662.25733193033102 17637.835136719317234 1.76378351367193 20508.1595754730115 371.06947822078808485 -7190.2352485928622627 8.245645490548634271
17000 1663.1860998839231343 17531.769183308289939 1.75317691833083 20474.349446400545276 371.27680919975716733 -7200.8485057035195496 8.2592618615620860822
18000 1724.2312762600595306 15436.803458608030269 1.5436803458608 20528.451323880079144 384.90406252008619958 -7196.0723811778607342 8.2374949213162906858
19000 1666.8394959329675658 20406.491219769326563 2.04064912197693 20469.319953894570062 372.09236509451056918 -7190.3392448410850193 8.2612912350699101438
20000 1635.2820018684383285 14136.483716330352763 1.41364837163304 20550.67442240192031 365.04771404587779671 -7187.8781634698298149 8.228587054963737657
21000 1610.624868579542408 11853.937610805332952 1.18539376108053 20568.792814506115974 359.54344619987227816 -7188.7105720398230915 8.2213387556556618563
22000 1678.9524147751801593 9831.1655659771677165 0.983116556597717 20580.418185894977796 374.79635946901032639 -7195.2204667174346469 8.2166947238636538486
23000 1633.9435346433065206 18000.60681773520264 1.80006068177352 20470.771620762599923 364.74892496833552968 -7200.2300921650912642 8.2607053928263809439
24000 1614.9788662623252549 5623.5770642101770136 0.562357706421018 20716.373602780025976 360.51539898798154127 -7167.0818921375293939 8.1627709929047682635
25000 1696.2598873038505189 15152.256201527834492 1.51522562015278 20531.294392897692887 378.65994585673058737 -7192.7190900365803827 8.2363542349988403402
26000 1654.601125679887673 17976.27978823853482 1.79762797882385 20484.134898376840283 369.36036591673610019 -7193.8684177497598284 8.255316339297811723
27000 1717.4310228341885249 15372.650848471910649 1.53726508484719 20548.612310219159554 383.38602650843159836 -7188.4085739355541591 8.2294128172758984618
28000 1677.5675347832354873 8638.6790523367581045 0.863867905233676 20626.004899654020846 374.48720956415621686 -7186.7176607816045362 8.1985345366512234477
29000 1653.2405331847805883 15478.736181967546145 1.54787361819675 20500.592938878693531 369.05663776494378681 -7197.3993304931846069 8.2486889051024760988
30000 1683.8124051859545034 13520.93019705379993 1.35209301970538 20594.926381106208282 375.88126616260257151 -7177.0141401032642534 8.2109064336392094674
31000 1625.6222582212099041 19668.491737624943198 1.96684917376249 20485.5473934721158 362.89134753988014381 -7188.1192287123712958 8.2547471285457021395
32000 1660.1110525611320554 11765.509471480652792 1.17655094714807 20595.51982666238473 370.59035940425695799 -7184.4112700393870909 8.2106698420903558855
33000 1631.502043365643658 13264.294906215158335 1.32642949062152 20591.442269649749505 364.20390532722444732 -7177.9717516505716048 8.2122957347284053498
34000 1621.9623307950926119 25388.917654445423977 2.53889176544454 20410.567794190686982 362.07433363099380585 -7188.9971733288912219 8.2850714996317460503
35000 1695.7159409171390507 15477.265631705016858 1.5477265631705 20533.852082220309967 378.53851946984099186 -7192.0945246143119221 8.2353283176405280841
36000 1608.9777668575222833 11128.415464417663316 1.11284154644177 20591.138633616963489 359.17575994286124796 -7183.8793010674071411 8.2124168328833615504
37000 1638.2111719462702695 11377.055377380824211 1.13770553773808 20561.124654712686606 365.70159933278387143 -7197.2596976113482015 8.2244048593028598049
38000 1646.8667024173546451 15440.611485291408826 1.54406114852914 20525.264385210983164 367.63379305149027232 -7191.7974331297045865 8.2387739494743961188
39000 1629.6217460768848468 17634.300502047823102 1.76343005020478 20498.033990454481682 363.78416229439966401 -7190.8639185879655997 8.2497186609066357477
40000 1618.4041389881979285 13733.361158396999599 1.3733361158397 20582.496238992978761 361.28003039536866936 -7177.9794412947940145 8.2158651486883211845
41000 1609.8232316833377809 12306.674434642889537 1.23066744346429 20557.102391387612442 359.36449497548409227 -7191.5027852910743604 8.2260140706307165459
42000 1637.3666251142904002 16208.954054614612687 1.62089540546146 20508.600815147019603 365.51306922600923599 -7194.6850366071885219 8.2454680866408285311
43000 1520.3058213066210556 16206.035260902152004 1.62060352609022 20524.550428383005055 339.38132021541832728 -7182.8084859132595739 8.2390605393773466147
44000 1656.6493532041185972 13748.596873093174509 1.37485968730932 20542.912447838942171 369.81759639729665423 -7190.313316882809886 8.231696160528592543
45000 1664.6687705742690468 11248.729590018672752 1.12487295900187 20614.80660593252469 371.60778914424088271 -7178.8932999626067613 8.2029881121604315553
46000 1669.154647542922703 17776.04297601849612 1.77760429760185 20473.851181149890181 372.60918164475577896 -7200.920789356622663 8.2594628644484160418
47000 1724.0674710824378053 21813.433354004464491 2.18134333540045 20459.234372723673005 384.86749591837997286 -7191.9972875857338295 8.2653637199835596761
48000 1654.998998181851448 16916.371702937522059 1.69163717029375 20529.625197457058675 369.44918389868513486 -7184.0630744743930336 8.2370239055263958505
49000 1678.9040094847725868 12198.389291235329438 1.21983892912353 20642.28032465205979 374.7855538461324727 -7168.4617957682557972 8.1920703945193231732
50000 1638.9684443152505082 12897.089966749272207 1.28970899667493 20580.435935368626815 365.87064696303383471 -7183.2195070269635835 8.2166876374245259029
51000 1638.4082175370438108 15762.438497236060357 1.57624384972361 20534.629879324213107 365.74558626738752309 -7187.3549202142694412 8.2350163853314093387
52000 1680.7133989160467991 15945.646095976149809 1.59456460959761 20534.740945572091732 375.18946795694074581 -7187.9043568972629146 8.2349718446004818162
53000 1614.3219073043846947 20510.120564842320164 2.05101205648423 20432.565661238873872 360.36874454823100677 -7202.6226351984696521 8.2761517239973354521
54000 1646.8403428268704829 14296.753660780052087 1.42967536607801 20558.854184455158247 367.62790874025932908 -7185.3417300339915528 8.2253131427339969406
55000 1623.2773016008684408 15364.462976379903921 1.53644629763799 20541.890059115063195 362.36787754949659757 -7188.862781175346754 8.2321058596024698772
56000 1623.8808860677725079 15282.642503023262179 1.52826425030233 20530.825064898159326 362.50261708043080944 -7190.8418929489807851 8.2365425153842775075
57000 1611.8422153755500403 19348.63366338587366 1.93486336633859 20535.101692391930555 359.81519728902748056 -7174.1581087536524137 8.2348271781679063253
58000 1653.7683728449960654 21226.614217591912166 2.12266142175919 20448.388844022614649 369.17446861070868636 -7194.3438762908899662 8.2697475489557863426
59000 1665.0042445045367003 16313.680324934406599 1.63136803249344 20530.240003599974443 371.68267775135956299 -7186.9103227771774982 8.2367772365690150593
60000 1647.0992705005266998 10784.869528791525227 1.07848695287915 20587.807064624023042 367.6857097527228575 -7188.2849581639420649 8.2137457861415512639
61000 1642.3112809718440985 9515.1741713096344029 0.951517417130963 20615.364536835117178 366.61687597951180351 -7185.2091011833799712 8.2027661078125007066
62000 1599.0406531769281173 8477.3833102171192877 0.847738331021712 20661.304445871166536 356.95747549457030345 -7172.3779311184425751 8.1845274564328587275
63000 1638.0308481378308443 17060.411195966138621 1.70604111959661 20514.410425523212325 365.66134523961608238 -7188.9965623510033765 8.2431329984779679876
64000 1635.3242301050752303 15790.349008899032924 1.5790349008899 20566.792017730680527 365.05714075101786875 -7173.0653949149073014 8.2221385511735007867
65000 1699.3532390237289746 14883.342726744613174 1.48833427267446 20576.447624853000889 379.35048178435124555 -7183.524634253262775 8.2182802690733609552
66000 1651.6160156237469891 17365.77818291953372 1.73657781829195 20489.360680822428549 368.69399302146518949 -7198.2862329832059913 8.2532108325482003153
67000 1624.9829645926517969 14907.484210404612895 1.49074842104046 20492.081031363195507 362.74863657171522391 -7203.8877647145891387 8.2521152080229498438
68000 1644.6971876965940282 13631.93975363964455 1.36319397536396 20548.427457284618868 367.14948735467612551 -7191.9064767762347401 8.229486848785704467
69000 1635.365285766366469 15360.720574275022955 1.5360720574275 20486.462914353305678 365.06630569950129939 -7208.514357921845658 8.2543782316113354369
70000 1616.1653421085868558 21436.844242957027745 2.1436844242957 20479.144589182065829 360.78025868493506323 -7182.013372540549426 8.2573279751283195083
71000 1633.8287948452766614 14220.282033836303526 1.42202820338363 20492.109042494153982 364.72331134271433939 -7205.9612829164179857 8.2521039280185686238
72000 1645.5333668567625409 18820.407402063305199 1.88204074020633 20506.087465194650576 367.33614952707426937 -7187.2776765010294184 8.2464787010185354177
73000 1653.3865659299574418 10650.660055914278928 1.06506600559143 20623.271602529348456 369.08923698620452569 -7177.5515517299081694 8.199621126175303587
74000 1692.4930311061136763 20303.776465385857591 2.03037764653859 20504.81732947657656 377.81906199538303781 -7182.0804369736997614 8.2469895149886482955
75000 1624.1010771303451747 16740.460985319870815 1.67404609853199 20548.911955748557375 362.55177083125403215 -7175.6118389643779665 8.2292928154594715551
76000 1591.7387252074229309 19260.745818707553553 1.92607458187076 20523.358913266551099 355.32744953553083178 -7174.6603193664268474 8.23953887068848978
77000 1608.7268652428094811 11263.039698105894786 1.12630396981059 20591.825288473632099 359.11975060575815633 -7183.9016873382170161 8.2121429816912350219
78000 1657.2055196159831212 19348.585668063467892 1.93485856680635 20480.859028352591849 369.94175068814570295 -7190.5998730834016897 8.2566367596619745228
79000 1628.4522160170297411 18079.531460754904401 1.80795314607549 20515.187084642660921 363.523085443819582 -7180.7223658257917123 8.2428209318909235748
80000 1656.4679508716353666 17550.935793494125392 1.75509357934941 20473.53873455790017 369.77710154275786181 -7199.120062583586332 8.2595889120778522852
81000 1650.9045408049516936 18765.143318379254197 1.87651433183793 20469.581733086328313 368.53516888232240944 -7196.1069107476823774 8.2611855839544858782
82000 1613.891557322341896 15851.711492193522645 1.58517114921935 20551.108503331968677 360.27267654466652402 -7178.6917696053806139 8.2284132505813030178
83000 1658.150181758918734 21525.977335833507823 2.15259773358335 20499.041463587644103 370.15262976308838461 -7177.61689829444731 8.2493132092701877411
84000 1656.3050841537399265 12162.595706285770575 1.21625957062858 20584.096387650100951 369.74074443554701475 -7182.827742996586494 8.2152264708791431502
85000 1735.6926093648983169 21399.343294101177889 2.13993432941012 20492.459753035844187 387.46260193106201086 -7184.5348767136729293 8.2519627004708002715
86000 1695.5127107265186623 23522.355633398005011 2.3522355633398 20426.912272939516697 378.49315193297195492 -7196.6988200205714747 8.2784422463579812046
87000 1679.8605377533701812 19403.514777080246859 1.94035147770802 20489.022383866045857 374.99908182324764994 -7189.7990047312714523 8.2533471024029907426
88000 1646.3823819881454256 13229.919293638393356 1.32299192936384 20550.885952238480968 367.52567710246950128 -7191.4540860250654077 8.2285023582903740191
89000 1580.5190562225902795 9154.6119788484938908 0.915461197884849 20627.706695145647245 352.82285735474187049 -7179.995508642434288 8.1978581537009223013
90000 1660.1135515593364289 6513.8564226473763483 0.651385642264738 20599.584250632862677 370.59091726129986455 -7203.7127210050548456 8.2090498267097622431
91000 1698.2388444774530853 13597.433004744381833 1.35974330047444 20539.16893850786073 379.1017129596479549 -7197.6387211663313792 8.2331964856624786364
92000 1610.5861789395223695 24892.360399878496537 2.48923603998785 20386.143961302936077 359.53480942368906881 -7200.4955470853892621 8.2949975161532698564
93000 1633.5285597746885742 14953.414535383173643 1.49534145353832 20574.188559998019628 364.65628918624878452 -7176.5979059647916074 8.2191826438168469338
94000 1603.8538886990745596 11543.109576832483071 1.15431095768325 20520.008562817343773 358.03194498822114156 -7208.953579020451798 8.2408841597351383257
95000 1658.6088900705260585 13717.846888152334941 1.37178468881523 20537.214447511480103 370.25502826094674447 -7197.4517361195548801 8.233980024659150132
96000 1609.8277115078265069 12469.104581959101779 1.24691045819591 20605.851027735210664 359.36549501687574093 -7171.4005449918895465 8.2065532404044052583
97000 1661.4764777897732984 17102.052687272349431 1.71020526872723 20526.977899684021395 370.89516637812846511 -7185.402679857059411 8.2380862077877470284
98000 1607.6767785427184663 17416.384054744888999 1.74163840547449 20469.995692172717099 358.88533736756420467 -7199.7753304296165879 8.2610185202731702958
99000 1700.5553249003598921 14090.218846703228337 1.40902188467032 20544.422467513075389 379.61882614382540169 -7192.3648629992785573 8.2310911290085506664
100000 1673.2730959520381475 22204.801740601658821 2.22048017406017 20444.716843907946895 373.52855223370966087 -7193.0349484743692301 8.2712328477828549467
101000 1665.8933183119763726 22141.628729052234121 2.21416287290522 20478.968945383479877 371.8811477159607648 -7180.6925519473516033 8.2573987964892783253
102000 1643.8685212958614557 22011.712399942054617 2.20117123999421 20498.221695807616925 366.96450227262397448 -7175.0167323728355768 8.2496431169703132724
103000 1653.2132671801205106 17922.411162370277452 1.79224111623703 20516.345971583730716 369.05055111281836844 -7187.4243047551181007 8.2423553276576555504
104000 1630.2461538042232405 10552.973542494179128 1.05529735424942 20551.743034212198836 363.92355024903804406 -7200.0422571240560501 8.2281591999981422703
105000 1625.5222531664626331 13951.010934425579762 1.39510109344256 20573.053655986786907 362.86902318445584115 -7181.1498121774911851 8.2196360516340583047
106000 1724.5114620840033695 25521.963196497876197 2.55219631964979 20443.078373649637797 384.96660903770333562 -7184.3032914829509537 8.2718957699109694204
107000 1717.2478744450413615 12259.97118349289849 1.22599711834929 20566.824979432385589 383.34514187769946147 -7195.8009187253810524 8.2221253738513535581
108000 1699.5951628404820895 16502.432411340338149 1.65024324113403 20513.98503696771877 379.40448698723247389 -7191.1097872030150029 8.2433039323278585186
109000 1663.7411544638832765 16622.920942872275191 1.66229209428723 20487.332190014221851 371.40071529384590576 -7198.9300419735845935 8.2540279990858813619
110000 1590.5436973593791663 13249.710018514238982 1.32497100185142 20591.298570598904917 355.06068075580287768 -7174.3141624761792627 8.2123530453005528784
111000 1621.6625075249608017 12359.648928555017847 1.2359648928555 20587.661638912999479 362.00740340167908471 -7182.2179860179548996 8.2138038058351945381
112000 1659.3203393312469416 12172.256695406560539 1.21722566954066 20563.336382920620963 370.41384669470249946 -7193.1158083549562434 8.2235202680146528564
113000 1621.1764263874347307 14026.553216578698994 1.40265532165787 20556.252637739682541 361.89889440574319224 -7185.8090492283490676 8.2263541173107999072
114000 1638.6262242906989286 20188.449132223478955 2.01884491322235 20488.338339024066954 365.79425240997176161 -7185.949611373427615 8.2536226571805926255
115000 1709.9681059772169647 17425.400510796753224 1.74254005107968 20541.27654909613193 381.72006263453152997 -7179.81804045833087 8.2323517293958925478
116000 1612.0641156021472398 19140.273666221408348 1.91402736662214 20449.481641860536911 359.86473258041638701 -7200.4691660250700807 8.2693056227299805983
117000 1594.3910057900479842 15580.199211770739566 1.55801992117707 20546.58889240366625 355.91952415176785962 -7181.4465058700106965 8.2302232457413104783
118000 1675.196721528573562 19687.84084186785185 1.96878408418679 20439.817988976203196 373.9579675385880364 -7205.0747729930808418 8.2732152318652296685
119000 1618.2139008063027177 13126.962952061581746 1.31269629520616 20571.469364520107774 361.23756309410458698 -7185.1518921032202343 8.2202690788148125023
120000 1592.4355627543616265 13807.762874250493041 1.38077628742505 20545.832500658136269 355.48300616324439716 -7188.5270839288223215 8.2305262401771273062
121000 1663.8016441701474832 17409.168416628799605 1.74091684166288 20532.426878781956475 371.4142185483119647 -7180.2170548041158327 8.2358999509064627631
122000 1644.9753990201709257 13354.096756393124451 1.33540967563931 20607.379707662821602 367.21159310009335286 -7172.7463213211140101 8.2059444685279494536
123000 1628.2623687051079742 17830.679477936875628 1.78306794779369 20486.278349586911645 363.48070539734709428 -7195.2724526573756521 8.2544525968700739327
124000 1613.7086207010236194 17313.531593567200616 1.73135315935672 20500.533523680343933 360.2318391873475889 -7189.1101802093835431 8.2487128116748031914
125000 1641.2314011614489573 13089.462884042450241 1.30894628840425 20552.257611666769662 366.37581195766199471 -7192.6170432366234309 8.2279531873402174114
126000 1668.0874763191841339 9176.3378575250953872 0.91763378575251 20638.066640305201872 372.37095458955906224 -7181.6227239419804391 8.1937429736126734525
127000 1671.9484039866588319 15050.409672542466069 1.50504096725425 20536.705297383570723 373.23283823867751607 -7189.7136331551027979 8.2341841631478747132
128000 1666.0485253279657627 21518.033048384015274 2.1518033048384 20492.758581658428739 371.9157949305244415 -7180.6678014509861896 8.2518423690553106553
129000 1628.0167682144738137 11904.602574194668705 1.19046025741947 20593.922503012276138 363.42587944220781537 -7182.387813991231269 8.2113066851745273311
130000 1641.915382161774005 16881.951278540120256 1.68819512785401 20491.417118424702494 366.52849858928522053 -7196.9442244027904962 8.2523825729408990526
131000 1679.1116061023401471 17225.741850938138668 1.72257418509381 20509.467424908329122 374.8318961104025675 -7190.0469904473429779 8.2451196815368632542
132000 1638.1445451432439313 11377.587014374819773 1.13775870143748 20624.975336164061446 365.68672608027384285 -7172.3936885953435194 8.1989437934717788181
133000 1600.7244151655174846 15378.510255830058668 1.53785102558301 20544.849547167239507 357.3333455061215318 -7183.8935325485326757 8.2309200237617243801
134000 1630.2083031912725346 8524.3032747258366726 0.852430327472584 20647.19877878967236 363.91510077077248297 -7178.7928950323148456 8.1901189277388048993
135000 1620.8377795578101086 17883.031126651090744 1.78830311266511 20501.729544758527481 361.82329750509728683 -7191.8350805664958898 8.2482316018154531179
136000 1637.1840748172899112 18570.340281587868958 1.85703402815879 20518.939866260818235 365.47231810874490066 -7180.9535371692691115 8.2413133731633969603
137000 1654.9756151412991585 16780.038220796493988 1.67800382207965 20533.964844652666216 369.44396404945348422 -7184.0687434813280561 8.2352830932691336585
138000 1684.3967219605319769 23607.137991008337849 2.36071379910083 20428.70063390739233 376.01170452283309942 -7192.6173480046036275 8.2777175383477406001
139000 1693.1622718796843401 13429.820476532120665 1.34298204765321 20600.207988384827331 377.96845813272142323 -7177.5857504970181253 8.208801271244324127
140000 1674.377665270808393 16663.705579314857459 1.66637055793149 20481.246405910194881 373.77512775056948158 -7200.5550601763598024 8.2564805955439037888
141000 1686.6944630936195608 22998.760284455747751 2.29987602844557 20457.10599787566025 376.52463449279815677 -7185.3173428062709718 8.2662236555117374337
142000 1673.6625738472216653 16790.476118307116849 1.67904761183071 20576.283116456401331 373.61549626852786332 -7171.5152844607619045 8.2183459746287432779
143000 1711.6057387711739466 19725.524032825040194 1.9725524032825 20481.356593770575273 382.08563512123259898 -7191.1312339969817913 8.2564361764192746307
144000 1640.6115192741499413 14548.00115881315287 1.45480011588132 20573.420811892719939 366.23743431657106839 -7178.5583342988684308 8.219489362955078704
145000 1586.8012899753066449 11590.304769714435679 1.15903047697144 20558.54383007569777 354.22525465863850513 -7193.1109462657423137 8.2254373131021605303
146000 1635.8105272994373536 13791.8531961296394 1.37918531961296 20552.224548762835184 365.16569797781181705 -7189.9720531808998203 8.227966423864817358
147000 1674.3589879600951917 19967.451124216873723 1.99674511242169 20500.088433016753697 373.7709583720937303 -7187.2741957245625599 8.2488919048075519669
148000 1672.6296835430571264 19524.65126465184585 1.95246512646518 20505.146399743989605 373.38492182083962234 -7181.9174956409533479 8.2468571658216553999
149000 1666.2442410664177714 11312.854976825645281 1.13128549768256 20587.694840183241467 371.95948499917500385 -7190.508213945911848 8.2137905596353668614
150000 1647.564402171443362 3672.6614365850059585 0.367266143658501 20681.398285302577278 367.78954215166351105 -7184.5421658637733344 8.1765754515315069995
151000 1582.7276968849948844 15356.73033489543559 1.53567303348954 20577.111400025067269 353.31589722434137002 -7171.5512959725638211 8.2180151643026455588
152000 1660.1799309850339341 15838.225913907421273 1.58382259139074 20521.969083407875587 370.60573529120716785 -7189.6635242126594676 8.2400968852287945765
153000 1645.6989083833773293 12890.165148942222004 1.28901651489422 20523.214975839473482 367.37310373790842277 -7201.1488053757493617 8.2395966578347419329
154000 1634.9690175596920199 15367.628371477394467 1.53676283714774 20559.565849775233801 364.97784584803207508 -7181.6304517905437024 8.2250284251405805236
155000 1692.9325126915755391 13895.227824902529392 1.38952278249025 20581.221165753850073 377.91716846751126013 -7181.9136949310350246 8.2163741481156638002
156000 1670.6692438462339396 19271.872975751128251 1.92718729757511 20507.711456073968293 372.94728841630609395 -7183.1053775884101924 8.2458256683178543511
157000 1649.7584255159172244 22299.17619963594916 2.2299176199636 20455.934804628843267 368.27931896419391933 -7189.3284752797098918 8.266696933580645279
158000 1640.4544330643320791 17393.118347433948657 1.73931183474339 20526.937456897991069 366.20236760530252695 -7181.8889205685354682 8.2381024387115520113
159000 1659.5912631438441167 13046.324012576918904 1.30463240125769 20588.345359198916412 370.47432563249805071 -7183.2763611782020234 8.213531032856666414
160000 1582.351401342901454 15945.618621981095203 1.59456186219811 20532.170851499973651 353.23189591613277116 -7184.7840353801730089 8.2360026490134661259
161000 1698.8712621905278866 10137.04578782021963 1.01370457878202 20585.715243875347369 379.24288900158836668 -7193.2502967507807625 8.2145804272339919549
162000 1666.1157168427434954 16391.477194711762422 1.63914771947118 20558.02992471903417 371.93079424492094631 -7174.84143269309061 8.2256429308734926309
163000 1645.6059112972570802 13100.963199775615067 1.31009631997756 20588.713514462768217 367.35234378723180271 -7177.3317711975478232 8.2133841633263084958
164000 1740.479168092439977 14262.610235166723214 1.42626102351667 20631.078889807635278 388.5311163032858417 -7166.2320869215645871 8.1965181959772710485
165000 1662.3738536773232681 14717.950990980702045 1.47179509909807 20567.458117543192202 371.09548963492187568 -7182.5504548978497041 8.2218722681493137117
166000 1624.0220554935124255 17960.99179062233452 1.79609917906223 20494.88283452781252 362.53413065185191044 -7191.3026366972771939 8.250987082398065553
167000 1613.8774447412863537 13542.282831508189702 1.35422828315082 20538.612562300073478 360.26952616115607952 -7192.1058699834693471 8.2334195170198665181
168000 1642.0847481291175427 18099.160056098582572 1.80991600560986 20492.785526252941054 366.56630653870632841 -7191.860488552478273 8.25183151925910785
169000 1624.053324794351056 17375.464063352581434 1.73754640633526 20524.832606717562157 362.54111096887243093 -7183.0581159876737729 8.2389472675945327751
170000 1723.4868278424798973 11066.223897876998308 1.1066223897877 20588.68565607563869 384.73787760962306947 -7191.9128324703233375 8.2133952767912230541
171000 1667.4953510974239634 13477.448792608685835 1.34774487926087 20567.316461133395933 372.23877313193554528 -7182.5090560550652299 8.221928895901870149
172000 1659.4091360108607205 18448.490336087725154 1.84484903360877 20509.254623860426364 370.43366897909794488 -7183.8620690998086502 8.2452052317014352667
173000 1657.0828333869164908 11131.151333148585763 1.11311513331486 20600.692859373302781 369.91436316268260498 -7184.430603235833587 8.208608063685055356
174000 1588.0133961215271938 10198.604229045969987 1.0198604229046 20608.23729655977877 354.49583586564330062 -7180.1758463857913739 8.2056029872666460534
175000 1636.1528352698976505 13882.367196551158486 1.38823671965512 20526.084498669879395 365.2421121632388008 -7199.1049854470766149 8.2384447717687692148
176000 1634.3580011832168566 15621.12646389069414 1.56211264638907 20535.669013832190103 364.84144727505076844 -7188.1073878663428331 8.2345996816099980009
177000 1677.3650694688342355 13533.604108641109633 1.35336041086411 20602.821164006618346 374.44201277234208192 -7173.2540605345402582 8.2077601012416625537
178000 1676.3176028391621912 29980.590931163649657 2.99805909311636 20390.235890115618531 374.20818441841646518 -7177.4963276394628338 8.2933328694311629903
179000 1635.0491022795554272 19263.728545479058084 1.92637285454791 20531.105722600343142 364.99572334187274691 -7172.2725933479068772 8.2364299228562583011
180000 1668.4805985886462167 20163.642387827840139 2.01636423878278 20405.97866564461583 372.45871216632173173 -7214.4794432654471166 8.2869347407312385911
181000 1664.1633835052361974 12291.242871367992848 1.2291242871368 20573.170352330595051 371.494970441382236 -7187.8544363593355229 8.2195894277322363308
182000 1644.4820843334557594 9989.3802943894243072 0.998938029438942 20624.598048475414544 367.10146934254890994 -7180.1586449975302457 8.1990937775124823617
183000 1658.00577591735032 19196.817363399484748 1.91968173633995 20501.261160206660861 370.1203937192138369 -7186.2475123324820743 8.248420046040045861
184000 1677.4545612072336098 9078.0819078912827536 0.907808190789128 20627.21817865650155 374.46199021628837045 -7182.6457128262518381 8.1980523044026352153
185000 1630.3205708989269169 21736.824996726478275 2.17368249967265 20483.343195133849804 363.94016254604645155 -7179.3780967299071563 8.2556354161523799462
186000 1648.0348708239869211 16187.171304811519803 1.61871713048115 20494.982038626567373 367.89456593712986887 -7199.471816109127758 8.250947144244628717
187000 1652.5699350717115976 21423.046569049143727 2.14230465690491 20477.757637701899512 368.90693862562733329 -7186.0827799514536309 8.2578872411114385699
188000 1618.0253457089918356 13949.005221710847763 1.39490052217108 20542.950064885615575 361.19547151163357057 -7189.1458291713242943 8.2316810871288268459
189000 1618.7951957664267866 13975.443778998556809 1.39754437789986 20528.622917282005801 361.36732688783388312 -7195.5734789827474742 8.2374260662458560489
190000 1629.8361191991382384 21221.66932093966534 2.12216693209397 20476.046804026544123 363.83201729319620199 -7184.5784796029001882 8.2585772117739697507
191000 1721.7845197145813927 24600.619768155695056 2.46006197681557 20433.028769699882105 384.35786750128636413 -7188.4218408808992535 8.2759641475038456804
192000 1659.4715776630466735 11186.914823170736781 1.11869148231707 20602.387817622809962 370.44760797088389381 -7183.458487285870433 8.2079327415778475796
193000 1633.3972629268309902 15035.48352898226949 1.50354835289823 20577.834153110547049 364.62697949280317289 -7174.268340980004723 8.2177265238280305937
194000 1645.0872516655254003 26064.072158896316978 2.60640721588963 20398.491353496141528 367.23656222006775351 -7194.8652286499309412 8.2899764787736582861
195000 1659.3976480260930657 19621.525154363811453 1.96215251543638 20499.902772497724072 370.43110449017586916 -7180.6676636935326314 8.2489666121644340535
196000 1613.5118858416476542 17452.727975054865965 1.74527279750549 20540.960169891619444 360.18792161801928842 -7176.0956620382276014 8.2324785270173226337
197000 1673.5002337772743886 15396.736390722551732 1.53967363907226 20560.29140851817283 373.57925672613424695 -7180.7622686551094375 8.2247381694644214889
198000 1682.1141725682371089 20567.847492815239093 2.05678474928152 20552.228158020079718 375.5021658396566977 -7162.4753376361140909 8.2279649789194220233
199000 1644.5446614676532135 15973.568590116763517 1.59735685901168 20538.260059140022349 367.1154385782918439 -7183.423412148906209 8.2335608292045119327
200000 1637.2165926020995812 15314.00836924194482 1.53140083692419 20522.674672592809657 365.47957712767680505 -7193.5050476828700994 8.239813582816326587
200000 1637.2165926021000359 15314.008369241901164 1.53140083692419 20522.674672592809657 365.47957712767686189 -7193.5050476828710089 8.239813582816326587
