step	temp	press	pressGiga	vol	ke	pe	density(1600)
0	2584.405768	17097.95772	1.709795772	21823.99415	576.9227672	-6814.753722	7.748490599
1000	1613.332441	-5103.492759	-0.510349276	21391.21135	360.1478636	-7028.637521	7.905256546
2000	1580.773537	1695.824753	0.169582475	21260.85197	352.8796656	-7038.614223	7.953727055
3000	1614.166054	5322.945569	0.532294557	21166.09713	360.333953	-7043.046059	7.989333718
4000	1637.881882	-586.0423782	-0.058604238	21204.17071	365.6280912	-7053.629199	7.974988309
5000	1580.208617	1829.962806	0.182996281	21146.50325	352.7535573	-7059.147151	7.99673646
6000	1633.793676	6377.321061	0.637732106	21002.46958	364.7154716	-7080.032934	8.051577597
7000	1584.804976	6010.131419	0.601013142	20964.95377	353.7796129	-7084.238277	8.065985519
8000	1636.654029	4406.314155	0.440631415	20876.39877	365.3539947	-7122.099032	8.100200393
9000	1561.305367	4186.808576	0.418680858	20816.72824	348.5337419	-7138.587207	8.123419374
10000	1609.29479	16713.42117	1.671342117	20563.71614	359.2465297	-7172.697046	8.223368402
11000	1584.014125	19908.1303	1.99081303	20479.60327	353.6030694	-7187.939094	8.257143034
12000	1607.565966	15210.00507	1.521000507	20581.59992	358.8606004	-7172.226628	8.216222944
13000	1621.204133	16636.93058	1.663693058	20499.3855	361.9050794	-7197.028119	8.249174762
14000	1600.593453	19206.72757	1.920672757	20425.75412	357.3041106	-7213.736601	8.278911637
15000	1612.311669	14829.54217	1.482954217	20499.03492	359.9199946	-7201.154924	8.249315841
16000	1630.105959	11330.58523	1.133058523	20576.06771	363.8922543	-7190.423514	8.218432009
17000	1631.174784	10919.48727	1.091948727	20565.25125	364.1308504	-7195.932647	8.222754562
18000	1600.614427	15363.24054	1.536324054	20466.67593	357.3087925	-7208.462464	8.262358486
19000	1617.356539	17045.38519	1.704538519	20457.48919	361.0461722	-7206.818572	8.266068819
20000	1548.97746	15772.68436	1.577268436	20444.89904	345.7817553	-7214.997954	8.271159139
21000	1592.050441	10839.76152	1.083976152	20538.74004	355.3970345	-7203.54228	8.233368416
22000	1619.061364	13551.63227	1.355163227	20526.1983	361.4267442	-7198.96187	8.238399096
23000	1583.330432	18192.16434	1.819216434	20432.6454	353.4504472	-7208.400215	8.276119427
24000	1604.058587	13479.82849	1.347982849	20529.15714	358.0776402	-7197.006118	8.237211706
25000	1575.052643	18128.44231	1.812844231	20445.71908	351.6025776	-7204.685401	8.270827397
26000	1592.849557	19339.08304	1.933908304	20414.74278	355.5754231	-7211.142188	8.283377134
27000	1553.901068	14139.58986	1.413958986	20506.64313	346.8808634	-7200.978733	8.246255249
28000	1610.767283	15212.86441	1.521286441	20485.93622	359.5752377	-7205.877185	8.254590453
29000	1574.081614	17129.50244	1.712950244	20499.78766	351.3858124	-7191.130898	8.249012932
30000	1627.742477	21452.31165	2.145231165	20396.49859	363.3646489	-7210.053224	8.29078642
31000	1638.394765	19989.42876	1.998942876	20458.86276	365.7425831	-7192.921556	8.265513851
32000	1632.151186	15815.52615	1.581552615	20496.75643	364.3488149	-7199.045043	8.250232863
33000	1624.858294	15440.0733	1.54400733	20486.94028	362.720806	-7203.353065	8.254185897
34000	1562.414861	20740.15021	2.074015021	20451.33884	348.7814167	-7191.097493	8.268554681
35000	1555.826125	18480.98965	1.848098965	20449.00393	347.3105982	-7204.156618	8.269498802
36000	1536.977696	10825.26297	1.082526297	20533.77382	343.1030207	-7204.724724	8.235359706
37000	1593.385407	9294.493028	0.929449303	20575.60377	355.695042	-7196.281323	8.218617319
38000	1649.772815	18045.13397	1.804513397	20475.40514	368.2825311	-7198.27904	8.258836021
39000	1606.730737	19325.56337	1.932556337	20416.46458	358.6741503	-7214.303379	8.282678565
40000	1574.269606	15543.8741	1.55438741	20453.60828	351.4277784	-7213.747452	8.267637239
41000	1635.590025	10522.92116	1.052292116	20531.90576	365.1164747	-7208.588611	8.236108985
42000	1609.962405	14798.78547	1.479878547	20472.72795	359.3955629	-7210.413878	8.259916018
43000	1563.946976	7849.452366	0.784945237	20547.26567	349.1234343	-7210.209637	8.229952162
44000	1579.440352	12849.7429	1.28497429	20494.31536	352.5820557	-7211.481553	8.251215547
45000	1601.299755	17498.21588	1.749821588	20432.17036	357.4617799	-7214.04366	8.276311843
46000	1627.789802	18275.70052	1.827570052	20460.95461	363.3752132	-7200.521263	8.264668817
47000	1628.367038	18625.50167	1.862550167	20453.23968	363.504071	-7202.835693	8.267786236
48000	1576.937866	12862.17886	1.286217886	20536.6326	352.0234201	-7195.648459	8.234213311
49000	1610.742521	19020.43009	1.902043009	20447.40068	359.5697099	-7201.492335	8.2701472
50000	1614.992473	20949.92623	2.094992623	20433.6134	360.5184365	-7200.09507	8.275727364
51000	1595.023829	19696.33094	1.969633094	20436.86787	356.0607907	-7201.408936	8.274409494
52000	1627.295547	23809.46269	2.380946269	20386.5393	363.2648795	-7204.193783	8.294836658
53000	1600.55331	19734.52262	1.973452262	20430.48248	357.2951493	-7205.898981	8.276995597
54000	1588.305604	15707.20733	1.570720733	20484.65122	354.5610661	-7202.41895	8.255108261
55000	1637.142437	16640.23342	1.664023342	20471.28213	365.4630232	-7205.424996	8.26049939
56000	1567.991186	13515.65632	1.351565632	20500.09767	350.0262323	-7206.212435	8.248888188
57000	1580.817052	12068.16847	1.206816847	20505.57932	352.8893797	-7209.192171	8.246683056
58000	1593.783122	14515.41236	1.451541236	20462.63249	355.783825	-7216.151909	8.263991135
59000	1657.338742	16536.96158	1.653696158	20467.75576	369.9714902	-7209.561602	8.261922581
60000	1652.155014	20381.7384	2.03817384	20396.39406	368.8143148	-7216.833629	8.29082891
61000	1655.499155	16153.12552	1.615312552	20472.47767	369.5608351	-7208.129956	8.260016998
62000	1604.618069	20073.83389	2.007383389	20391.34558	358.2025346	-7216.914752	8.292881547
63000	1605.675677	15071.39212	1.507139212	20488.75049	358.4386269	-7203.255506	8.253456626
64000	1555.547937	10418.63901	1.041863901	20595.23613	347.2484978	-7186.218516	8.210782943
65000	1603.135463	13553.09911	1.355309911	20518.59311	357.8715693	-7199.341993	8.241452646
66000	1574.577356	11838.49728	1.183849728	20530.13622	351.4964781	-7201.415411	8.236818874
67000	1574.976511	10416.13585	1.041613585	20517.36332	351.5855824	-7212.972631	8.241946634
68000	1578.170192	13672.70354	1.367270354	20531.07801	352.298515	-7195.060297	8.236441039
69000	1574.742756	17445.31147	1.744531147	20494.03373	351.5334007	-7193.081804	8.251328937
70000	1627.220839	18003.26282	1.800326282	20420.16034	363.2482023	-7218.393805	8.281179515
71000	1587.192279	14866.16084	1.486616084	20455.06277	354.3125361	-7214.013981	8.267049356
72000	1581.311934	8744.211439	0.874421144	20574.0501	352.9998533	-7199.366538	8.219237959
73000	1597.075203	15873.88653	1.587388653	20466.66297	356.5187237	-7204.695626	8.262363715
74000	1627.061108	14777.62976	1.477762976	20508.50584	363.2125453	-7199.660299	8.24550627
75000	1627.715192	14312.06782	1.431206782	20522.54845	363.3585579	-7198.224311	8.239864261
76000	1613.706568	11949.32894	1.194932894	20543.17782	360.2313809	-7195.994026	8.231589823
77000	1579.513741	15717.70891	1.571770891	20453.6912	352.5984386	-7214.172101	8.267603723
78000	1575.728796	14734.44764	1.473444764	20492.40684	351.7535166	-7203.39476	8.251984006
79000	1623.995593	9045.933109	0.904593311	20573.4137	362.5282233	-7200.132975	8.219492204
80000	1650.322052	15353.58597	1.535358597	20499.99107	368.4051385	-7201.612775	8.248931081
81000	1614.047026	15727.24879	1.572724879	20487.46195	360.3073821	-7203.930742	8.253975722
82000	1572.134166	11964.19516	1.196419516	20475.16105	350.9510793	-7220.705418	8.258934476
83000	1573.560642	20367.54879	2.036754879	20421.48878	351.2695148	-7204.843828	8.280640816
84000	1623.452575	10055.08399	1.005508399	20543.37221	362.4070043	-7206.494379	8.231511933
85000	1583.04368	17867.0509	1.78670509	20430.17926	353.3864348	-7211.976352	8.277118442
86000	1623.940669	21951.70183	2.195170183	20422.90881	362.5159625	-7196.978854	8.280065053
87000	1585.524773	22132.32939	2.213232939	20439.25857	353.9402948	-7194.906965	8.273441668
88000	1540.332879	17668.84589	1.766884589	20412.52274	343.8520059	-7216.406274	8.284278024
89000	1589.061745	13598.21978	1.359821978	20487.40541	354.7298612	-7210.326669	8.253998499
90000	1509.372104	9739.092568	0.973909257	20531.00999	336.9405617	-7206.200161	8.236468326
91000	1630.732636	21144.30171	2.114430171	20398.72656	364.0321488	-7210.383247	8.289880891
92000	1646.304588	15353.2161	1.53532161	20511.95775	367.5083111	-7198.786685	8.244118654
93000	1591.966913	18889.82441	1.888982441	20429.40954	355.3783885	-7207.996157	8.277430298
94000	1565.576387	10942.83156	1.094283156	20527.12575	349.4871714	-7204.791189	8.238026872
95000	1606.590268	9365.457612	0.936545761	20545.53997	358.6427933	-7208.501847	8.230643429
96000	1598.159565	13279.05141	1.327905141	20526.31011	356.7607882	-7197.450483	8.23835422
97000	1621.191057	17726.99715	1.772699715	20465.83217	361.9021605	-7201.6395	8.262699122
98000	1571.92844	22217.53185	2.221753185	20356.56535	350.9051546	-7217.693783	8.30705036
99000	1655.681894	13288.53012	1.328853012	20481.52343	369.6016283	-7214.712298	8.25636892
100000	1569.118268	16724.61794	1.672461794	20449.67024	350.2778334	-7210.641732	8.269229358
100000	1569.118268	16724.61794	1.672461794	20449.67024	350.2778334	-7210.641732	8.269229358
