step temp press vol ke pe density
150000 2263.8347816988953127 -3580.0484451769975749 17976.488042962479085 401.18697224180476724 -5313.0676051033879048 7.4689038748310663252
151000 2419.7220514354044099 3249.6747287562620841 17901.097844192307093 428.81263744591410614 -5317.6345295466526295 7.5003590488444018547
152000 2289.1643688229146392 5846.7813799982250202 17872.335397257866134 405.67577171099321731 -5307.1285107891799271 7.5124295854775011705
153000 2228.5910426356622338 -9728.6649432688809611 18110.66538459900039 394.94122980531483336 -5294.3842948241908744 7.4135686540878369399
154000 2271.4324560442692018 2822.7152302907002195 17899.002966340991406 402.53339910623009246 -5311.8357272345274396 7.5012368818766601564
155000 2310.2855991683422872 2487.7637312731517341 17899.717747100752604 409.41878446121916113 -5310.4914637166712055 7.5009373386171889209
156000 2347.0805121165440141 1032.2725890802744289 17968.461127063474123 415.93941919963930332 -5299.0601832476786512 7.4722404022519217648
157000 2231.7464872159703191 -5682.7596223830041708 18011.448224119249062 395.50042399540524229 -5300.2447197096962554 7.4544067489332750398
158000 2372.1316570875947036 3583.6952966518415451 17920.530163428837113 420.37887435925318869 -5305.1281366359817184 7.492225954003091104
159000 2312.0958860640312196 4192.6984965173724049 17812.396661826860509 409.73959564604660955 -5332.185759217638406 7.5377089197477173954
160000 2285.0365079573798539 -4632.0245268173948716 17989.500998152183456 404.94425012829333355 -5312.0626932844534167 7.4635011395662376188
161000 2277.4160851662795721 2411.6377818279197527 17891.297570633487339 403.59379188307212871 -5320.1489986858323391 7.5044675026990121935
162000 2314.7353635276172099 -1605.2814808733280643 18050.84906606979348 410.20735238363050712 -5292.4743685024932347 7.4381354975879920843
163000 2290.4349623508610421 6653.8750985636224868 17851.675552192162286 405.90094078010889689 -5314.2613363503232904 7.521123762718691097
164000 2340.3219030848586044 -2065.451717866171748 17923.096995036798035 414.74168784755141814 -5322.202914035804497 7.4911529651999817503
165000 2387.1380187424415453 -298.75492983229105448 17959.3870244836653 423.03823662603286948 -5310.5743554954660794 7.4760158025937366588
166000 2299.4229489073691184 -7140.712765528314776 18007.183725508748466 407.49375273896112049 -5317.7436066526688592 7.4561721170056793895
167000 2313.556226168143894 -7283.2866621901875988 17982.100291809183545 409.99839077966169043 -5320.7394582158685807 7.4665728152508474835
168000 2362.0520501949249592 -565.93368288292413126 17883.886691498428263 418.59261018337411997 -5331.2624987854596839 7.5075772686349546703
169000 2280.3327396469144333 -3075.6457184456912728 17968.927020099403308 404.11066872833521302 -5309.3928088273451067 7.4720466642083360753
170000 2304.6158845574341285 -2022.989875827915057 17975.329717364962562 408.41402225126739722 -5308.3472332464134524 7.4693851690648651598
171000 2388.5850312070815562 -2176.5117006257241883 18004.212669529970299 423.29466989323861981 -5297.5331141769183887 7.4574025348614139119
172000 2292.8363941694087771 -4850.7465720685067936 17936.649021136312513 406.32651210188413415 -5328.1358704908561776 7.4854930283644991462
173000 2282.3319989252559026 -153.61960678402940061 17920.66703775708811 404.4649687784484513 -5323.4103734541131416 7.4921687299392543125
174000 2351.5959235648265349 -3305.5746369051653346 17986.772155730799568 416.73962081417721492 -5307.771340270046494 7.4646334560455569473
175000 2297.1289884966818136 -2550.55656181872655 18012.844133787886676 407.08722703353146244 -5302.5591595184705511 7.4538290678975931414
176000 2357.6570917333488069 6803.7955309454637245 17926.351795445312746 417.81375472422922712 -5300.5458658207107874 7.4897928330320091561
177000 2349.643961339262205 -8153.8091252572839949 18037.594775744953949 416.3937025424309013 -5314.8285545693051972 7.4436011491111706562
178000 2268.4407450179419357 886.27941404226442046 17885.020810602480196 402.00322106577527848 -5321.4712674685915772 7.5071012005947954648
179000 2354.0325371669246124 2883.685308908044135 17901.311867952776083 417.17142689890187057 -5317.402821645297081 7.5002693763633940804
180000 2318.9747554569471504 -12673.531182299237116 18071.458136427536374 410.95863901727699385 -5316.0823515809934179 7.4296528916663806541
181000 2251.6996411062395964 3848.1732424639826604 17878.934573046914011 399.03643530710729692 -5315.884480227640779 7.5096567220702965528
182000 2301.9706162591860448 2526.8725017593787925 17853.594217104029667 407.94523928710384553 -5325.5246695051919232 7.5203154931856293075
183000 2284.9379716636881312 -5869.6610958037135788 18028.058103111819946 404.9267879540915942 -5308.1310741189590772 7.4475387438850884081
184000 2275.8315488726238982 -6840.6741633369083502 18061.793455331069708 403.31298723990732924 -5302.260975920877172 7.4336284230017923846
185000 2286.3111690694668141 2590.6166997711338809 17878.327308981530223 405.17014003701223146 -5317.5326827702647279 7.5099117987668950747
186000 2328.0326608829359429 5485.6568225809805881 17958.850706763652852 412.56384169464632805 -5293.9608554730320975 7.4762390640827645072
187000 2273.353778916120973 2894.0551358114389586 17890.896103587903781 402.87388760472322247 -5310.4036970015604311 7.5046359009938514717
188000 2344.3478023822599425 -9263.1961113817160367 18048.280249899933551 415.45514024378269369 -5313.3275313673038909 7.4391941692439758071
189000 2399.1283959001411858 9835.6186105387459975 17859.217636295823468 425.16311921323512024 -5306.1590729040945007 7.5179475346706503558
190000 2316.9297394683330822 -2892.8069989206478567 17956.425126459202147 410.59623016160838915 -5319.036293916374234 7.4772489654466216535
191000 2274.5692216463185105 11356.972460714699992 17846.973075919999246 403.08928308888278025 -5301.7096096793093238 7.5231054940679644716
192000 2233.597397854961855 -4188.2750844803822474 18068.092880376942048 395.82843434366481006 -5288.9655249543775426 7.431036694844338264
193000 2272.3235161276320468 4511.5046933621606513 17924.052238484757254 402.69130890592913374 -5301.2071944542949495 7.4907537321084651794
194000 2304.1194532219328721 3499.7626653055735915 17901.620607629185542 408.32604684509999515 -5311.2866618719926919 7.5001400232287815939
195000 2309.0296996288129776 -2068.2358860661774997 18012.240091517254768 409.19621939694110324 -5295.9700812148548721 7.4540790327999149056
196000 2325.8337835105326121 1815.871845136378397 17811.427355803676619 412.17416619248649567 -5339.1709761295514909 7.5381191253146804243
197000 2353.7400396761049706 -10339.320617565612338 18053.679742165662901 417.11959176337040844 -5312.7947329070138949 7.4369692559878552984
198000 2262.1566944679761946 -8070.6675353702530629 17990.935686137821904 400.88958890766195964 -5317.9124472319745109 7.4629059623279578872
199000 2259.327202748471791 3017.7953503823769097 17902.553904956566839 400.38815866853502712 -5309.6351690229730593 7.4997490253479295319
200000 2312.2801905882947722 3346.175260420225186 17854.798541141321039 409.77225729373282093 -5325.3479986536221986 7.5198082403764985315
