step temp press vol ke pe density
150000 1438.1184003330174619 1805.8199004233988489 16291.795658674176593 254.85709974022725532 -5756.1044205126090674 8.2412438759290953527
151000 1386.892730025712126 -3359.9063210212111699 16299.820200554693656 245.77910882950268956 -5767.0893499714529753 8.2371866405843956471
152000 1411.0576730335128559 1777.7796129984992604 16294.917111918737646 250.06151512437369888 -5754.0213834171072449 8.2396651837971237597
153000 1395.1507684347761824 -619.56817604021443913 16272.717644471124004 247.24256254651939457 -5767.9376623959724384 8.2509058494943552375
154000 1371.3589005067940434 -2777.3570434361704429 16308.653301537628067 243.02627099769838992 -5760.847237042753477 8.2327252114236753044
155000 1422.4913937696337598 -1503.2641187968554277 16277.588892477522677 252.0877494771034435 -5770.2588782005677785 8.2484366749172206568
156000 1351.9137046718474267 -421.08388777006416603 16286.735413536747728 239.5802778074105106 -5759.8486988685845063 8.243804408361818048
157000 1380.4739326378100941 1356.4121445892117208 16271.751575119295012 244.64159742173399081 -5760.48554209690883 8.2513957136143432081
158000 1376.5698673904344105 -3297.4738642463926226 16241.873187167737342 243.94973592694162789 -5785.1032292819018039 8.266574898886394962
159000 1394.78359341100645 -9376.7513147002428013 16360.114484612297019 247.17749338278895266 -5765.8671855426273396 8.2068289513634535837
160000 1440.5158274787359005 4671.0034182325616712 16201.256849248096842 255.28196137126874987 -5774.8592875543599803 8.2872990934754575676
161000 1423.3314910482502 4354.8733574172701992 16211.276217498083497 252.23662786978530903 -5772.7494555137545831 8.2821771339022998148
162000 1401.0312558917896695 -1828.9570290493413722 16271.291625141049735 248.28467700524973338 -5771.7338896282562928 8.2516289605726313994
163000 1394.6223316827338294 87.231682368970709263 16298.746009730544756 247.14891527937470528 -5757.3148530769876743 8.2377295234724918771
164000 1357.2111277168489778 7077.4608890405424972 16196.501764235839801 240.51906412224627729 -5767.3240161640533188 8.2897321381097306414
165000 1395.6738080692155108 -7485.4203194254851041 16356.398343585407929 247.33525335991245697 -5763.4418142641206941 8.2086935265056197863
166000 1401.8004663472056563 -8755.2794545429733262 16372.9342863546226 248.42099314285829337 -5760.1294156773392388 8.2004031074524235123
167000 1399.3453127079815204 422.37515000395239895 16265.492637287543403 247.98590147324026134 -5764.2378922193456674 8.2545708386442662174
168000 1384.3996351300725109 996.02345177719348612 16221.957353679381413 245.33729337513341306 -5778.5094947619809318 8.2767238424211218017
169000 1373.4943666386684527 -3855.8954865971645631 16318.261153460778587 243.40470903509293521 -5761.6496420102084812 8.2278779544756783793
170000 1385.420846291783846 -3381.365987566522108 16320.594851184741856 245.51826798392491469 -5760.014700446068673 8.2267014422081725655
171000 1445.6140332615523221 3918.2909257153883118 16195.042941596369928 256.18544326774303954 -5781.4215046217314011 8.2904788634479604781
172000 1463.5018474589446669 1023.0725878134771847 16304.38012383217756 259.35544404513649397 -5752.6823119188302371 8.2348829075495846297
173000 1406.8291372149774361 1858.9933950070003448 16230.825348481697802 249.31215236355367892 -5773.8271189648812651 8.2722017098469056151
174000 1408.2483517591797408 3159.6094432450618115 16264.555108634431235 249.56365940397594727 -5758.854140088738859 8.2550466522542116365
175000 1353.206601206941059 1320.3454875980908128 16275.446935152998776 239.80939931863090919 -5760.6531624376939362 8.2495222241756902548
176000 1428.3844524126666329 2367.4042190560812742 16250.079454697233814 253.13209174684607206 -5766.9775753523736057 8.2624002900568189744
177000 1460.1363195024669039 2447.5066733903954628 16233.786218528777681 258.75901979113632478 -5772.4238626322894561 8.2706929481854913888
178000 1339.7700963121856148 100.85806416082964176 16280.130969008931061 237.42824025180456715 -5762.3615691197273918 8.2471487149289366414
179000 1426.4401079667743488 -1742.5943764442931752 16306.470611665105025 252.78752346494286485 -5761.0544793914932598 8.233827196419090555
180000 1422.1382563604859115 3621.5489072102927821 16240.644557555388019 252.02516799849612994 -5765.7912664548402972 8.2672002779270776784
181000 1434.2154363339536758 -2636.9740042571188496 16289.881659401044089 254.16543340388000161 -5768.6856261349294073 8.2422121908081127373
182000 1360.6641236370453498 -3763.7569776824361725 16314.734054126294723 241.13098906906034813 -5763.5485387925673422 8.2296567479737010586
183000 1382.9604841863701949 898.42994517335114324 16294.451123002032546 245.0822532925397752 -5753.6335721593386552 8.2399008218449480978
184000 1411.9054496523522175 -566.86996846789202209 16269.405080118516707 250.21175441639229575 -5767.4602115845718799 8.2525857914749707334
185000 1428.6757673321417315 -1025.2957908642897564 16270.952840767607995 253.18371731221765231 -5769.3288267127009021 8.2518007712203935711
186000 1406.5371878870471392 -4216.1312625040891362 16337.003891426906193 249.26041437106974286 -5757.962545604477782 8.2184384659658569205
187000 1372.5395939520788033 -2292.0158615040240875 16267.372909854861064 243.23550836443948242 -5772.9758345130103407 8.253616729877665037
188000 1410.6631112631957876 -245.20269285746221044 16284.17055935704775 249.99159260031163399 -5763.3834893391176593 8.2451028568223243553
189000 1390.0280697700939072 2197.1582028833672666 16268.15526731333739 246.33474012784941465 -5759.8943530920678313 8.2532198023525751296
190000 1367.9733047971906217 4077.7948238233166194 16221.977369805048511 242.42629042360746894 -5767.7466034580984342 8.276713629859436594
191000 1387.0713409815843988 921.30187844066426806 16272.263992902508107 245.8107614877155811 -5765.0273297202984395 8.2511358750386030181
192000 1421.2021351500038691 5058.5735651915510971 16241.708388692106382 251.85927266146856596 -5761.2995421391151467 8.266658776697116906
193000 1417.997231815506666 2231.1666104832206656 16229.744903400565818 251.29131360567137676 -5770.8174880231817951 8.2727524060963375518
194000 1429.1457621484689753 -3877.9978520088898222 16292.893291431888429 253.26700775322333925 -5775.0747448229431029 8.2406886731740840446
195000 1398.2281198730163396 -2849.8784597988938003 16323.232982432009521 247.78791740899083607 -5760.6726795777231018 8.2253718576730499024
196000 1393.8723670951862914 -4946.0204292182397694 16324.707140171285573 247.01600981091954168 -5764.975627918466671 8.2246290881104293646
197000 1419.8771764285550034 3340.1234010428747752 16249.223785250960645 251.62446922877083466 -5761.6195128323206518 8.2628353805924970032
198000 1470.1211845634250039 719.03451768543754952 16256.890408122906592 260.52849423089315906 -5770.8672777559331735 8.2589386917961995493
199000 1351.6693787737458479 -5606.142206765379342 16337.669670518343992 239.53697943241778034 -5761.0201440958026069 8.2181035550143413104
200000 1409.9328929949763278 2409.8285644817010507 16241.697988343530596 249.86218648884496929 -5767.3405966904883826 8.266664070240494766
