step temp press pressGiga vol ke pe density
250000 990.28600960920607577 -187.70830879824870863 -0.0187708308798249 23833.571829709344456 262.02523850721195231 -8740.9842735075872042 8.4090789173172595383
251000 1016.8276220843607689 1240.6198681752143784 0.124061986817521 23838.383056609327468 269.04803017717898683 -8732.1612927088681317 8.4073817390063396715
252000 1004.9658158004779125 4703.5378056822719373 0.470353780568227 23802.83241291343802 265.90944941313557592 -8729.0248071844071092 8.4199385569275797536
253000 977.30889602083357204 -551.66391039294978782 -0.055166391039295 23843.030401817530219 258.59155243052958895 -8738.5479522354253277 8.4057430209164056834
254000 999.83250334674926307 -5276.8269280019530925 -0.527682692800195 23912.828554917672591 264.55119795146839579 -8738.5568301481325761 8.3812078498910729252
255000 1032.6058140469976934 1752.5606267049947746 0.175256062670499 23820.998999652161729 273.22286903393916191 -8740.1236284520091431 8.4135172668661777351
256000 997.03625582835195473 5687.3904532048627516 0.568739045320486 23782.864977066015854 263.81132339419536947 -8731.1842835523038957 8.4270077045318245723
257000 957.60237325696925836 -2591.8015086814525603 -0.259180150868145 23885.32532735874338 253.37729485519835748 -8732.1228843034623424 8.3908585564883253483
258000 990.02141821373061248 -131.99086352195445215 -0.0131990863521954 23864.720664833352203 261.95522881018132466 -8731.4161902843170537 8.3981031754923716193
259000 990.29544142812358132 3951.93581150258251 0.395193581150258 23806.363833714829525 262.02773412421294097 -8730.5848420419570175 8.418689548621479446
260000 1008.9916510015233371 87.156996806838932912 0.00871569968068389 23828.763822852764861 266.97466735876821531 -8743.0545472536032321 8.4107756444069465829
261000 1003.0950416512102947 -1628.3047333289794096 -0.162830473332898 23897.879671558239352 265.41445096026598094 -8728.5728226085502683 8.3864505618086617744
262000 1005.9721721693827021 -1547.243104459118058 -0.154724310445912 23862.969169816471549 266.17572679666602653 -8739.7503658185451059 8.3987195797528162444
263000 1025.6650436160023219 5191.2411508819932351 0.519124115088199 23802.769140871601849 271.38637229465570044 -8729.168456847401103 8.4199609386387788135
264000 988.60564814928159194 1048.1018062708074012 0.104810180627081 23845.328164733098674 261.5806223982872325 -8732.7695221990961727 8.4049330339681116442
265000 1007.7356279812050843 -3489.9229375109298417 -0.348992293751093 23921.161814658753428 266.64232929857558929 -8729.4528305633011769 8.3782881429596844924
266000 969.06542961347997789 1015.7951094954131577 0.101579510949541 23828.056117481319234 256.4103681761287703 -8735.78452290180212 8.4110254487162965376
267000 1005.9699579793380053 5279.514057747976949 0.527951405774798 23784.461155483895709 266.17514093190681024 -8732.109227261174965 8.4264421669004541116
268000 994.31228458363830214 -1590.8218503645766759 -0.159082185036458 23903.122898528468795 263.09057281491118374 -8723.7376567859973875 8.3846109668755293143
269000 990.66910854510399531 -2158.3954461459675258 -0.215839544614597 23893.990962451105588 262.12660476814716048 -8731.5541697312619362 8.3878154433275131652
270000 1028.4144242502723046 1535.2574021062330303 0.153525740210623 23843.757105237429641 272.11384608450151745 -8729.9584653155543492 8.4054868330105687591
271000 976.91192355218629473 4257.1490532457628433 0.425714905324576 23796.771199798258749 258.48651529502654967 -8731.1836288343292836 8.4220831773713271673
272000 1002.6440871826398507 -1011.3146424749210155 -0.101131464247492 23877.176577845166321 265.2951304295945647 -8731.9340798559023824 8.3937221699627979632
273000 969.65308703589494144 -6018.4676686189986867 -0.6018467668619 23916.676529393003875 256.56585969552281767 -8740.056100267542206 8.3798593902152820334
274000 1010.9209458270236155 5646.2346361327445265 0.564623463613274 23786.192151017392462 267.48515012020999393 -8731.4202674189382378 8.425828948371757221
275000 1004.1054841319140678 1255.4354819178652178 0.125543548191787 23842.464623909403599 265.68180951065960471 -8732.3640977509658114 8.4059424878665573999
276000 1017.6615229691263949 -4145.2768713037212365 -0.414527687130372 23926.318417440441408 269.26867661275605315 -8731.122561093805416 8.3764824533759387748
277000 982.14677745488586424 843.4498287180688294 0.0843449828718069 23848.054610163300822 259.87163416886238565 -8730.8617806941510935 8.4039721341531699039
278000 994.88105123770401406 6133.2137303105919273 0.613321373031059 23757.721822412560869 263.24106592169084706 -8737.3932369509257114 8.4359261336457223024
279000 1001.5875542055630376 535.29129976561341664 0.0535291299765613 23833.764243995778088 265.01557654049281609 -8738.7399225532426499 8.4090110293033113464
280000 1011.2649840132020245 -4416.4652202082188523 -0.441646522020822 23925.84763082569043 267.57618108188592032 -8731.050245060443558 8.3766472766197619393
281000 992.76174920857260986 -626.33040218573182756 -0.0626330402185732 23853.446021371735696 262.68030810600572522 -8738.8037527444394073 8.4020726488746539928
282000 1004.0250015015401459 2342.445029579615948 0.234244502957962 23827.963582995736942 265.66051416748121028 -8732.8353686191749148 8.411058112435560119
283000 979.0978163174306701 523.05587614233047589 0.052305587614233 23839.582423423067667 259.06489272094853504 -8735.4372723320266232 8.4069587645402137355
284000 979.96722346266051318 -7078.9623751090366568 -0.707896237510904 23985.511164127783559 259.29493395386327848 -8722.3940844417302287 8.3558105151962251966
285000 992.98654569340408216 462.70625509718297508 0.0462706255097183 23854.660980665234092 262.73978824808790478 -8731.7475048384258116 8.4016447167293311082
286000 998.30267833108257491 2907.0872664200055624 0.290708726642001 23774.8711017356909 264.14641311081152253 -8748.0180295036352618 8.4298411352036222155
287000 1000.6116308822877272 -1239.8498419166724034 -0.123984984191667 23882.846030621949467 264.75735160439899119 -8729.2284659742654185 8.3917296180113662984
288000 985.35620498837545256 -2880.2619483118451171 -0.288026194831185 23894.055338277328701 260.72083430576634555 -8733.3527951578653301 8.3877928447128482503
289000 994.69510011913655489 -291.95916171005563911 -0.0291959161710056 23841.041621442258474 263.19186408937116539 -8739.2635364487941843 8.4064442141371138462
290000 1037.3983860847490632 5173.891769767524238 0.517389176976752 23809.693837994367641 274.4909621091411509 -8726.8308089181846299 8.4175121175962939191
291000 988.19230270416414896 -510.32887322566631383 -0.0510328873225666 23838.177621660335717 261.47125304661329892 -8742.1337909693611437 8.407454192952531713
292000 987.93535276700310988 -4093.1180188162061313 -0.409311801881621 23897.936312081412325 261.40326524519457507 -8737.7338868300212198 8.3864306850736518584
293000 1030.1700988638538092 -1718.028023813648133 -0.171802802381365 23886.571888990813022 272.57838971624107671 -8732.5321908915502718 8.3904206651749433377
294000 991.85107314215247243 4432.1622820409284031 0.443216228204093 23780.659914129111712 262.43934730156024671 -8738.7547224816080416 8.4277890992628936573
295000 1013.8777924020645287 156.46880550588915071 0.0156468805505889 23867.935399711983337 268.26751846787556133 -8730.0608022146407166 8.396972048114134779
296000 981.19307053875479596 -5745.0789386182168528 -0.574507893861822 23932.624448732054589 259.61928759449864401 -8734.6111412492355157 8.3742753255877673269
297000 993.31648754536718116 4596.6562294501745782 0.459665622945017 23803.550286749748921 262.82708938292699941 -8727.5607939010405971 8.4196846261684896717
298000 1009.0161896867921314 2558.4282243585189462 0.255842822435852 23806.561252495859662 266.98116018487888823 -8738.7939691570063587 8.4186197356228298361
299000 1010.6853383502556198 -2772.835097842164032 -0.277283509784216 23906.448603852371889 267.422809438129093 -8730.9466685282968683 8.3834445558458750014
300000 1025.6344818593154287 -2318.5238348807570219 -0.231852383488076 23870.118081245884241 271.37828579085032743 -8741.0197141476601246 8.3962042297159307225
