step temp press pressGiga vol ke pe density
250000 297.37311431191636757 -402.81933711906680173 -0.0402819337119067 23172.983125012928213 78.683592868247600904 -8935.5756707318560075 8.6487952507609477948
251000 292.55050033081408856 -225.58382601330171724 -0.0225583826013302 23166.821094078644819 77.407550829518598334 -8936.2534096810668416 8.6510957020685772534
252000 295.1324732406664566 -127.4770850485198963 -0.012747708504852 23169.774063644159469 78.090729286003309539 -8934.94324901706932 8.6499931266940226493
253000 297.95965270125100233 157.34894895088976341 0.015734894895089 23166.363093557360116 78.838788296505427411 -8935.3877483566084265 8.651266734799317959
254000 306.23571340011733355 998.5366563407870899 0.0998536656340787 23152.332370204658218 81.028596854314272946 -8936.7175994113295019 8.6565095556203690563
255000 302.47649381223925502 1640.0728029382721616 0.164007280293827 23145.518648046581802 80.033924204638609012 -8935.7374800458419486 8.659057912901431564
256000 306.22565970518417089 1235.2586869752562961 0.123525868697526 23150.322845342063374 81.025936691707542536 -8936.4278694339118374 8.6572609693821345189
257000 297.1011839396214782 1270.0441248408446882 0.127004412484084 23148.037700382112234 78.611641310852533593 -8936.2424543029082997 8.6581156032187998051
258000 303.21873729234187067 987.38424361736576884 0.0987384243617366 23162.983958779419481 80.230318501858917557 -8932.7710344189654279 8.6525288259162831395
259000 305.93293989466036464 955.32972354186188113 0.0955329723541862 23157.00176715867201 80.948484342160000438 -8935.6757169387328759 8.6547640498870350712
260000 303.78698482481206611 337.63050039641126432 0.0337630500396411 23163.791350277257152 80.380674251391724283 -8935.5809655450302671 8.6522272354683646967
261000 295.40765293935896807 1986.3443341770475854 0.198634433417705 23138.919585257677682 78.163540600595851515 -8935.7870701110041409 8.6615274174368295235
262000 300.12312814828925411 1394.8532385506464379 0.139485323855065 23146.006785605019104 79.411234200531083616 -8936.6024343908575247 8.6588752977563174795
263000 305.76604035045130559 1418.4926064008723188 0.141849260640087 23152.632389255002636 80.9043234710038206 -8934.4262943088324391 8.6563973818626500645
264000 293.93654845883440885 1434.7863696758004153 0.14347863696758 23147.43489108434369 77.774292950282600145 -8936.0052850285919703 8.658341079286076436
265000 297.37234334520894663 910.21385803037662754 0.0910213858030377 23158.532964682312013 78.683388873913202133 -8934.1316509672433313 8.6541918135842816895
266000 297.86319631511440775 173.41381183185632153 0.0173413811831856 23161.598083200518886 78.813266369165518199 -8936.4547974807701394 8.6530465504857421166
267000 298.28552905761029024 640.92046038119508466 0.0640920460381195 23158.288219295554882 78.925013719434105042 -8935.7109659400375676 8.6542832742959916459
268000 305.9225226456022142 -210.92753130933436978 -0.0210927531309334 23179.98554410853103 80.945727984761674634 -8932.4438547642785124 8.6461825446873117329
269000 304.13324417589393533 -1840.3519279629247194 -0.184035192796292 23193.199009620595461 80.472292923343260895 -8935.3445202637994953 8.6412567026412077098
270000 293.03926630244552598 -985.31035420701709882 -0.0985310354207017 23176.118223915018461 77.536876114384000402 -8936.7445301955212926 8.6476253038253521055
271000 306.3145212178827137 -827.29865120274678247 -0.0827298651202747 23188.101229684652935 81.049449049584978866 -8932.5851723394553119 8.6431564366730597726
272000 299.45858640401780804 -659.02330452707110453 -0.0659023304527071 23173.039640702085308 79.235399434260443741 -8936.4957216309212527 8.6487741576013306144
273000 305.70704896184867039 -1186.2317961960297907 -0.118623179619603 23190.834659310850839 80.888714614048865315 -8933.2498452431555052 8.6421376954239867985
274000 290.43276308202894143 -1660.4699806936773712 -0.166046998069368 23192.639756126140128 76.847207047697907001 -8933.8000108530795842 8.641465072755963206
275000 295.92911089710287342 -2956.3215088042384195 -0.295632150880424 23210.649748412277404 78.30151603842239183 -8933.9161178653193929 8.6347598438636996576
276000 304.73256947404172479 -2163.108170048239117 -0.216310817004824 23190.238900392690994 80.630871710346980308 -8937.8004587407158397 8.6423597125677567021
277000 307.24396504404575126 -1059.2142414692534658 -0.105921424146925 23189.631434078797611 81.295375719119093105 -8933.0893300941552297 8.6425861043675951123
278000 299.56041175200215321 -763.92473103778922905 -0.0763924731037789 23174.7931281975616 79.262341964835215435 -8936.4950641990581062 8.6481197605047661625
279000 302.04687199642273754 -565.47609437957623868 -0.0565476094379576 23181.800692525794148 79.920248198247634264 -8933.1800952293378941 8.6455055435876335679
280000 297.69590343528466292 -477.23895454918198311 -0.0477238954549182 23171.616758131582174 78.769001423167495091 -8936.2371193209910416 8.6493052465682129792
281000 307.2675380917165171 -324.44854507010501266 -0.0324448545070105 23172.8295134231048 81.301613041850444574 -8935.2924465479281935 8.6488525832152234329
282000 299.85143537210552722 -319.21459060892772186 -0.0319214590608928 23167.877688482207304 79.339345510001848538 -8936.6225380596079049 8.6507011601331260664
283000 305.43584011970159509 217.37519003856380095 0.0217375190038564 23175.043273771414533 80.816953970296168563 -8932.1485556961415568 8.6480264148805670033
284000 296.70245269112984943 674.03173278881013175 0.067403173278881 23160.247074507769867 78.506138810087605862 -8934.7618553364409308 8.6535513093974607557
285000 295.21093563189634779 741.06852742064234008 0.0741068527420642 23147.500358153607522 78.111490082961324788 -8938.9109944966730836 8.6583165912762964922
286000 302.985771062181243 1776.2292790765050086 0.17762292790765 23145.813335626960907 80.168676681789136751 -8935.2675701571115496 8.6589476676148340317
287000 294.40076677267506966 2495.2362727905228894 0.249523627279052 23129.703029849322775 77.897123034948251075 -8936.9359702444671711 8.664978799724824654
288000 304.17800947201988038 3359.3401784295670041 0.335934017842957 23128.076386750100937 80.484137620007075498 -8934.1765481456459383 8.6655882247255799911
289000 298.51013023797884216 4479.4741270890253872 0.447947412708903 23104.251705574657535 78.984442184830982114 -8936.4345276412968815 8.6745240205818010537
290000 301.16422172224872611 2620.3761627010776465 0.262037616270108 23125.476469972400082 79.686702892785660879 -8938.0578223886059277 8.6665624666290224098
291000 302.84528711720355432 1614.8574870963748253 0.161485748709637 23145.511970155654126 80.131505259763542881 -8935.8816994701701333 8.6590604111932982789
292000 299.57275822140911714 1673.1891450851146601 0.167318914508511 23141.876747586800775 79.265608785288804938 -8936.6418812942811201 8.6604206125363063506
293000 296.70024548152707666 2407.2690301243060276 0.240726903012431 23139.417543749430479 78.505554792322044477 -8934.4522811726692453 8.6613410220307684995
294000 295.48824317967711295 4739.3122421831058091 0.473931224218311 23107.053106182593183 78.184864416883073091 -8934.4918852942500962 8.6734723582710273604
295000 296.49860349806959903 4681.8115201088303365 0.468181152010883 23108.999967772153468 78.452201227497511127 -8934.1278163966817374 8.6727416451200483039
296000 295.3231081157294966 2051.6785628760803775 0.205167856287608 23135.090095556173765 78.141170419293572991 -8937.0138830963951477 8.6629611369472083737
297000 304.92621023171818706 1130.2395731795761549 0.113023957317958 23151.888479923203704 80.682108186700830288 -8936.0079513077198499 8.6566755265504031769
298000 298.02475366657375844 1682.1890268023573753 0.168218902680236 23143.412697067913541 78.856013720070166073 -8935.9186089254035323 8.6598458499150741119
299000 297.90178441642444795 510.07476868152593852 0.0510074768681526 23161.537255930721585 78.823476607774551894 -8934.9553660276651499 8.6530692752812186086
300000 311.48725534145393112 1010.1099430424475258 0.101010994304245 23158.824397058935574 82.4181313083578857 -8934.7175681937260379 8.6540829085878652194
