step temp press pressGiga vol ke pe density
250000 1659.9493600681432781 3125.4351784774871703 0.312543517847749 24594.970464785004879 439.21515881395896486 -8505.2043517751262698 8.1487549124945601875
251000 1721.1023824166748 -2435.3233382217722465 -0.243532333822177 24688.054255660201306 455.39597436706793587 -8501.884718450548462 8.1180308631096647076
252000 1709.8435507454141771 -1138.1135199810867107 -0.113811351998109 24706.1318600375198 452.41693798227760226 -8491.9491242414260341 8.1120908579685302442
253000 1700.0919051479393147 -213.20946886684501465 -0.0213209468866845 24674.33845826331526 449.83669627561704374 -8495.7306533277569542 8.1225434569029459908
254000 1692.2243759960902025 2711.0872354216853637 0.271108723542169 24572.790384665982856 447.75498333362645553 -8514.4111329958741408 8.1561102040182351658
255000 1753.1969269049261584 -1315.9504675479124671 -0.131595046754791 24672.780093314038822 463.88804695287876712 -8505.9323280632997921 8.1230564873346331467
256000 1711.0907171292542444 3358.6335475885857704 0.335863354758859 24600.650898987467372 452.7469326161640879 -8503.8205868760505837 8.1468733173163467853
257000 1668.4841502078654685 -955.40737758155091797 -0.0955407377581551 24744.50626671608552 441.47342602188632554 -8476.0979944880309631 8.0995104221238314324
258000 1663.8598913983166767 2326.4035763213241808 0.232640357632132 24601.991992717528774 440.24986787228743879 -8505.4786780241938686 8.1464292182885653659
259000 1699.2096942402906734 -898.73306078881569192 -0.0898733060788816 24705.215955042502173 449.60326722456790094 -8489.0813736059390067 8.1123916003117813034
260000 1755.1075169820528572 3215.1146103482378749 0.321511461034824 24566.460994827000832 464.39358052175771263 -8519.9660193019080907 8.1582115730783453245
261000 1645.4088813723080875 -6290.3439494857566388 -0.629034394948576 24671.112850716752291 435.36781333869697619 -8524.9623475600310485 8.1236054332163121217
262000 1734.0663120742221963 800.4892964891128031 0.0800489296489113 24650.711048730063339 458.82617203475996348 -8500.4738630831016053 8.1303288169409793085
263000 1708.4654911980703673 -1124.7345764647541273 -0.112473457646475 24658.398371576451609 452.05230960414633046 -8503.010366262489697 8.1277941647903677591
264000 1672.747605467109679 -2189.0699048676906386 -0.218906990486769 24729.132607136391016 442.60151716962366208 -8488.6051710972842557 8.1045457429322933507
265000 1689.1635433354761062 2471.4531512409803327 0.247145315124098 24624.773013620069833 446.94510073390699745 -8500.302365922181707 8.1388927437716116486
266000 1684.5951600883024639 -4996.0172080593756618 -0.499601720805938 24756.954334625748743 445.73632700761214664 -8493.2331509745781659 8.0954378995345486203
267000 1712.4305953539840175 9065.3261741956630431 0.906532617419566 24506.23357909889819 453.10145838750560188 -8506.7527010219346266 8.1782614921499021676
268000 1697.5757340359180034 -7693.2749472258883543 -0.769327494722589 24776.584818116083625 449.17092867983677706 -8495.2713990248121263 8.0890238856096896569
269000 1728.0669675307599391 2896.5341349548707512 0.289653413495487 24550.176565843368735 457.23877236473134644 -8523.1201870335407875 8.1636230134661129654
270000 1727.2764651292243343 -3119.8746126937353438 -0.311987461269374 24766.91931479260893 457.02960897325351652 -8481.354913628569193 8.0921806967680041112
271000 1700.2320682139375094 -616.28308726870386636 -0.0616283087268704 24669.013207534982939 449.87378279450319951 -8500.9727375076290627 8.1242968541748954436
272000 1753.8192415363469081 -796.78326912109253044 -0.0796783269121093 24639.241111711518897 464.0527086144011264 -8512.6965215695690858 8.1341136071886808168
273000 1670.9609079825554545 -6178.2809982658463923 -0.617828099826585 24763.538514296738867 442.1287650253059951 -8496.3004898155777482 8.0932854681437316202
274000 1671.6860129907984174 9966.3222772469962365 0.9966322277247 24502.302469689253485 442.32062455970719839 -8500.4527666136582411 8.1795735990731639475
275000 1692.1218051415853552 -6354.831848647665538 -0.635483184864767 24722.069880178543826 447.72784354536855744 -8509.5371914739225758 8.1068610908775564639
276000 1711.2055451092514886 1040.3632196438215942 0.104036321964382 24674.269864653411787 452.77731558487624852 -8492.2656898938585073 8.1225660372905466033
277000 1648.6368229747115493 -2635.5629182993620816 -0.263556291829936 24681.999268466439389 436.22191221523354443 -8503.5907980608244543 8.1200223781559142111
278000 1702.9554200999371005 3271.185271494153767 0.327118527149415 24577.711616561031406 450.59436949424838303 -8513.7518771400700643 8.1544770938938366811
279000 1677.8056094144915278 -1587.3086264982812281 -0.158730862649828 24702.84379118808647 443.93984233813347373 -8490.6174171852035215 8.1131706167800796692
280000 1684.0963769764423432 3147.4998108125296312 0.314749981081253 24642.873432947366382 445.6043512323508935 -8486.4880304290018103 8.1329146514877308505
281000 1672.1618533316504909 -2453.086807700305144 -0.245308680770031 24681.797700508730486 442.44652978061634485 -8503.5344929837119707 8.1200886916533008275
282000 1719.6290164814993204 8446.587786530948506 0.844658778653095 24469.039024628793413 455.0061283459925221 -8520.621889311412815 8.1906929894487685573
283000 1678.4738135551397136 -4388.1817989716910233 -0.438818179897169 24755.353693723722245 444.11664615806620304 -8491.1454230337003537 8.0959613373808476666
284000 1728.6839220821345862 1662.572930284511358 0.166257293028451 24676.212868536968017 457.402015773103642 -8488.5623718939787068 8.1219264668086825765
285000 1701.6000421504463702 -1552.6613612564176492 -0.155266136125642 24656.818189742185496 450.23574256522323367 -8507.735891022173746 8.1283150508427794989
286000 1680.4176409084027455 8141.589628150889439 0.814158962815089 24508.350838009919244 444.63097416120200478 -8512.0104926213134604 8.1775549779851850474
287000 1662.6247080410744275 -7258.2043018356825996 -0.725820430183568 24772.561354746980214 439.92304389351664895 -8499.0180174530687509 8.090337673507093541
288000 1753.3493984642434498 2159.3127695941570892 0.215931276959416 24622.830005632382381 463.92839024391594194 -8505.1012213895173772 8.1395349905648721744
289000 1712.8071706912144236 -5123.6162125573528101 -0.512361621255735 24742.622031083745242 453.20109853347986473 -8499.8679798906105134 8.1001272276557081398
290000 1697.5811199466877497 5680.2190673450013492 0.5680219067345 24559.939237338970997 449.17235376768041988 -8505.7011898554228537 8.1603779415250059515
291000 1703.6300621647765183 1301.3428245393540692 0.130134282453935 24648.699550437191647 450.77287676005971662 -8497.8159306436864426 8.1309923060026338959
292000 1690.5245621663934799 2840.3078353437817896 0.284030783534378 24602.670309724966501 447.30522021486854101 -8503.9924088190582552 8.1462046141533601684
293000 1702.1037457762231497 -5065.0609345427301378 -0.506506093454273 24724.307506758654199 450.36902028640719209 -8504.8981539067717677 8.1061273947830034814
294000 1725.6909086281330019 9309.2507683147869102 0.930925076831479 24542.024451286244584 456.61007783140786387 -8492.7114302886820951 8.1663347208942855815
295000 1692.9614436747544914 -6239.3658678403398881 -0.623936586784034 24769.06576815063454 447.95000813699027731 -8495.0271771841798909 8.0914794394580642489
296000 1730.4260928849637367 3896.619873764836484 0.389661987376484 24574.706285619253322 457.86298635705827564 -8512.5813152382288536 8.1554743347983453816
297000 1668.0981387544441077 3219.9129736555091768 0.321991297365551 24615.453359351733525 441.37128912187176866 -8497.6486825496558595 8.1419742091174533982
298000 1712.1331105846616083 211.74956302727520097 0.0211749563027275 24638.21017366466549 453.02274525122214754 -8505.0817532529326854 8.1344539633726711259
299000 1672.9831851249894044 4619.3845709993884157 0.461938457099939 24582.146996179650159 442.66385049095146087 -8496.8967925808265136 8.1530057740165151614
300000 1709.5367320256425501 -5054.0600529471894333 -0.505406005294719 24783.930642998602707 452.33575512455109902 -8483.784018221689621 8.0866263420646351534
