step temp press pressGiga vol ke pe density
0 299.99999999999971578 -2662.7607796368952222 -0.26627607796369 23921.326052625448938 79.378655044499936366 -9042.3182041108902922 6.0912166210955058787
100 461.17545102150006642 -9022.0059725393057306 -0.902200597253931 23921.326052625448938 122.02495680542453727 -9084.9901141205227759 6.0912166210955058787
200 505.80704505947772986 -10452.088945266348674 -1.04520889452663 23921.326052625448938 133.83427649618050737 -9096.8077660835388087 6.0912166210955058787
300 519.69485703850557456 -10790.572967064488694 -1.07905729670645 23921.326052625448938 137.50892928420094563 -9100.4836363380891271 6.0912166210955058787
400 513.16995186721578648 -10379.640425173771291 -1.03796404251738 23921.326052625448938 135.78246862823465335 -9098.7550302502240811 6.0912166210955058787
500 503.57123701465388876 -10057.905064488826611 -1.00579050644888 23921.326052625448938 133.24269171106121235 -9096.2124681576024159 6.0912166210955058787
600 490.27858846127872994 -9281.8280468133416434 -0.928182804681334 23921.326052625448938 129.72551649724076128 -9092.6953559599223809 6.0912166210955058787
700 500.56246034687296742 -9951.0360087876124453 -0.995103600878761 23921.326052625448938 132.44658289366878989 -9095.4178734271299618 6.0912166210955058787
800 507.53888666826338749 -10088.865160240209661 -1.00888651602402 23921.326052625448938 134.29251402169887797 -9097.2648790076855221 6.0912166210955058787
900 512.11305899645560658 -10448.482639291212763 -1.04484826392912 23921.326052625448938 135.50281951287777815 -9098.474104678056392 6.0912166210955058787
1000 510.17676971046324752 -10427.645658228489992 -1.04276456582285 23921.326052625448938 134.99048604854726818 -9097.9611160067925084 6.0912166210955058787
1100 511.08559608746929825 -10604.696146355347082 -1.06046961463553 23921.326052625448938 135.23095743346630115 -9098.2019703903042682 6.0912166210955058787
1200 495.94892579185494697 -9814.1804210528316617 -0.981418042105283 23921.326052625448938 131.22586233373993991 -9094.1960340256046038 6.0912166210955058787
1300 505.36559997024573931 -10121.469766523892758 -1.01214697665239 23921.326052625448938 133.71747210464974387 -9096.6898657299025217 6.0912166210955058787
1400 505.20146911355857355 -9986.5621418329210428 -0.998656214183292 23921.326052625448938 133.67404381579930828 -9096.6445678366962966 6.0912166210955058787
1500 509.42925299845524023 -10313.671186358293198 -1.03136711863583 23921.326052625448938 134.79269647780566288 -9097.7644677401658555 6.0912166210955058787
1600 508.64942043400299099 -9843.308194742354317 -0.984330819474235 23921.326052625448938 134.58635627738524931 -9097.5579737862753973 6.0912166210955058787
1700 511.62145363237902984 -10271.631299680067968 -1.02716312996801 23921.326052625448938 135.37274293750090237 -9098.3437740886565734 6.0912166210955058787
1800 508.6996466155379153 -10096.183372945135488 -1.00961833729451 23921.326052625448938 134.59964589984613781 -9097.5707822738659161 6.0912166210955058787
1900 499.57461189444927641 -9746.8705985679080186 -0.974687059856791 23921.326052625448938 132.18520262186487457 -9095.1557625520363217 6.0912166210955058787
2000 506.47719987072724734 -9873.2816326416177617 -0.987328163264162 23921.326052625448938 134.01159645480913696 -9096.985366733311821 6.0912166210955058787
2100 491.55587463353271005 -9547.9964239781929791 -0.954799642397819 23921.326052625448938 130.06348069210895346 -9093.0332869415615278 6.0912166210955058787
2200 503.94641357765783596 -10074.97688049801036 -1.0074976880498 23921.326052625448938 133.34196174764610987 -9096.3136795729897131 6.0912166210955058787
2300 506.77042729445832947 -10025.843808413412262 -1.00258438084134 23921.326052625448938 134.08918311653559385 -9097.0605385410926829 6.0912166210955058787
2400 513.58634883548427297 -10340.360277393345314 -1.03403602773933 23921.326052625448938 135.89264539925383701 -9098.8651346459701017 6.0912166210955058787
2500 512.2775689209858001 -10470.600704676277019 -1.04706007046763 23921.326052625448938 135.54634810138003331 -9098.5181108731267159 6.0912166210955058787
2600 499.25472372385888775 -9756.1354536904109409 -0.975613545369041 23921.326052625448938 132.10056164604449691 -9095.0713005494162644 6.0912166210955058787
2700 497.74201524647662609 -9623.0399072414111288 -0.962303990724141 23921.326052625448938 131.70030576468110439 -9094.6708540347244707 6.0912166210955058787
2800 497.10102849527288527 -9873.2650961857525544 -0.987326509618575 23921.326052625448938 131.53070354397476649 -9094.5006409212910512 6.0912166210955058787
2900 503.27296629482498247 -10015.316420728815501 -1.00153164207288 23921.326052625448938 133.16377061579729002 -9096.13512443601212 6.0912166210955058787
3000 500.22772197797212357 -9598.0111810769467411 -0.959801118107695 23921.326052625448938 132.35801262195167283 -9095.3286962969432352 6.0912166210955058787
3100 501.51609678107934087 -10125.120666051887383 -1.01251206660519 23921.326052625448938 132.69891081883125139 -9095.6696628076861089 6.0912166210955058787
3200 507.0906936519638748 -10358.037616769806846 -1.03580376167698 23921.326052625448938 134.17392415891822566 -9097.1459894724393962 6.0912166210955058787
3300 506.62065477140748726 -9976.9037365561125625 -0.997690373655611 23921.326052625448938 134.04955397839427178 -9097.0213402465633408 6.0912166210955058787
3400 510.89056158604824986 -10595.781684230560131 -1.05957816842306 23921.326052625448938 135.17935217876603815 -9098.1519329968614329 6.0912166210955058787
3500 503.99506457760918465 -10189.972373716749644 -1.01899723737167 23921.326052625448938 133.35483458412178948 -9096.3250185634988156 6.0912166210955058787
3600 502.39896413167105038 -10028.433586963044945 -1.0028433586963 23921.326052625448938 132.93251356174016564 -9095.9030654976049846 6.0912166210955058787
3700 503.18610204689485954 -10079.799965124833761 -1.00797999651248 23921.326052625448938 133.14078672522347802 -9096.1123288957223849 6.0912166210955058787
3800 502.2598432247551159 -10036.497158279304131 -1.00364971582793 23921.326052625448938 132.8957027934749533 -9095.8679736608810344 6.0912166210955058787
3900 497.37642888093472493 -9570.7041767235405132 -0.957070417672354 23921.326052625448938 131.60357325135001361 -9094.5744603619586997 6.0912166210955058787
4000 498.2326982055384974 -9953.8134119756123255 -0.995381341197561 23921.326052625448938 131.83013827582638555 -9094.8004138815795159 6.0912166210955058787
4100 510.60043426104090258 -10257.699876137559841 -1.02576998761376 23921.326052625448938 135.10258578926357131 -9098.0748094672926527 6.0912166210955058787
4200 506.76394631847404071 -10341.699597087505026 -1.03416995970875 23921.326052625448938 134.08746827934555768 -9097.0597516575053305 6.0912166210955058787
4300 506.73138844970236505 -10375.7245225483166 -1.03757245225483 23921.326052625448938 134.07885361323153006 -9097.0512334581399045 6.0912166210955058787
4400 501.54819882155800315 -9829.3300473589588364 -0.982933004735896 23921.326052625448938 132.70740487482251524 -9095.6800074438688171 6.0912166210955058787
4500 509.24430565094093026 -10444.639969742278481 -1.04446399697423 23921.326052625448938 134.74376023880654429 -9097.7158319201535051 6.0912166210955058787
4600 504.6209198549789221 -10438.511127135197967 -1.04385111271352 23921.326052625448938 133.52043308468884675 -9096.4907346537838748 6.0912166210955058787
4700 496.65919454756908635 -9584.2749266655209794 -0.958427492666552 23921.326052625448938 131.41379626223567811 -9094.3839682645193534 6.0912166210955058787
4800 496.87205936369736037 -9859.4384181757941406 -0.985943841817579 23921.326052625448938 131.4701193382708766 -9094.4395095631971344 6.0912166210955058787
4900 496.5488701766386157 -9677.7861415557163127 -0.967778614155572 23921.326052625448938 131.38460492829204895 -9094.353518670419362 6.0912166210955058787
5000 498.99115673567536078 -10126.966393914921355 -1.01269663939149 23921.326052625448938 132.0308230025906937 -9095.0006100349164626 6.0912166210955058787
5100 502.2787508127683509 -9906.9209803254379949 -0.990692098032544 23921.326052625448938 132.90070565649705259 -9095.8715977482534072 6.0912166210955058787
5200 502.47070639444950757 -10311.914522824588857 -1.03119145228246 23921.326052625448938 132.95149624283752132 -9095.9222020351480751 6.0912166210955058787
5300 511.53198949159292397 -10689.326495541605254 -1.06893264955416 23921.326052625448938 135.34907112693318254 -9098.3208296003322175 6.0912166210955058787
5400 509.10940443520576082 -10604.519140919042911 -1.0604519140919 23921.326052625448938 134.70806598191012426 -9097.6792659898273996 6.0912166210955058787
5500 511.31005490205973274 -10421.307279770420791 -1.04213072797704 23921.326052625448938 135.29034822951652473 -9098.262362569115794 6.0912166210955058787
5600 495.81881803543336673 -9598.3360298613333725 -0.959833602986133 23921.326052625448938 131.19143640468794842 -9094.1618894387902401 6.0912166210955058787
5700 490.98834787304679139 -9475.9280182546990545 -0.94759280182547 23921.326052625448938 129.91331565561182515 -9092.882594798822538 6.0912166210955058787
5800 517.96882486746073937 -10861.373099165486565 -1.08613730991655 23921.326052625448938 137.05222890986402717 -9100.024283582733915 6.0912166210955058787
5900 504.88611395804775839 -10040.704253671516199 -1.00407042536715 23921.326052625448938 133.59060225544664036 -9096.562857792379873 6.0912166210955058787
6000 492.90256035587543693 -9649.1358164401099202 -0.964913581644011 23921.326052625448938 130.41980769679960872 -9093.3889173934767314 6.0912166210955058787
6100 505.52956885602554848 -10138.317819288693499 -1.01383178192887 23921.326052625448938 133.76085753672421674 -9096.7330811686460947 6.0912166210955058787
6200 504.63767138479471441 -10085.04963863464036 -1.00850496386346 23921.326052625448938 133.52486546437791048 -9096.497380526858251 6.0912166210955058787
6300 496.52425116370790192 -9766.7227915048733848 -0.976672279150487 23921.326052625448938 131.37809084784217362 -9094.3487069197981327 6.0912166210955058787
6400 506.94845608506938106 -10240.026828200296222 -1.02400268282003 23921.326052625448938 134.13628873639527228 -9097.1075880265125306 6.0912166210955058787
6500 499.41813705924244005 -9772.2601266927049437 -0.97722601266927 23921.326052625448938 132.14380008197474581 -9095.1136592376351473 6.0912166210955058787
6600 510.23681648357563745 -10003.633848049226799 -1.00036338480492 23921.326052625448938 135.00637415551202025 -9097.9798548063590715 6.0912166210955058787
6700 513.45036283972012825 -10536.763034230696576 -1.05367630342307 23921.326052625448938 135.85666411442502977 -9098.8299169014408108 6.0912166210955058787
6800 506.16619253360931907 -10015.77399067137776 -1.00157739906714 23921.326052625448938 133.92930530771116082 -9096.9007147607717343 6.0912166210955058787
6900 500.55938499858916657 -10126.293833820876898 -1.01262938338209 23921.326052625448938 132.44576917030028085 -9095.4160589514685853 6.0912166210955058787
7000 499.75602397341486949 -9888.5349261088831554 -0.988853492610888 23921.326052625448938 132.23320344465525977 -9095.2040692594273423 6.0912166210955058787
7100 507.87787355572424985 -10318.220744265430767 -1.03182207442654 23921.326052625448938 134.38220843238008229 -9097.3529713215466472 6.0912166210955058787
7200 506.95002528344616621 -10253.187092918813505 -1.02531870929188 23921.326052625448938 134.13670393925076496 -9097.1083709374597674 6.0912166210955058787
7300 497.30383387363247039 -10208.150688249841551 -1.02081506882498 23921.326052625448938 131.5843649378746818 -9094.5550588259193319 6.0912166210955058787
7400 497.94198137970772677 -9879.0338633561350434 -0.987903386335613 23921.326052625448938 131.75321590704888308 -9094.7239112743736769 6.0912166210955058787
7500 494.7873397814066152 -9785.3876466405799874 -0.978538764664058 23921.326052625448938 130.91851188298028319 -9093.889239727624954 6.0912166210955058787
7600 504.17298345752539035 -10119.478128049850056 -1.01194781280499 23921.326052625448938 133.40191112210439428 -9096.3731232368918427 6.0912166210955058787
7700 502.73158166546602388 -10019.215705364485984 -1.00192157053645 23921.326052625448938 133.02052266999635322 -9095.9911772472478333 6.0912166210955058787
7800 503.31434398755146731 -10073.388837461696312 -1.00733888374617 23921.326052625448938 133.17471896778886276 -9096.1457888606128108 6.0912166210955058787
7900 506.15752202260523518 -10332.384932784440025 -1.03323849327844 23921.326052625448938 133.92701112937098173 -9096.8986258528602775 6.0912166210955058787
8000 502.17761221783990777 -9639.6042166803017608 -0.96396042166803 23921.326052625448938 132.87394483770202669 -9095.8476067669926124 6.0912166210955058787
8100 498.79732681849577602 -9590.2208316828946408 -0.95902208316829 23921.326052625448938 131.9795364754803586 -9094.9505294553018757 6.0912166210955058787
8200 515.82944440368373762 -10484.095912574741305 -1.04840959125747 23921.326052625448938 136.48615843038700746 -9099.4585629268567573 6.0912166210955058787
8300 504.67505235770227046 -10024.666441292423769 -1.00246664412924 23921.326052625448938 133.53475630222342829 -9096.5044159672870592 6.0912166210955058787
8400 503.56929244958524805 -9943.6905088076564425 -0.994369050880766 23921.326052625448938 133.24217718786189835 -9096.2121288411472051 6.0912166210955058787
8500 509.04977103830213991 -10109.146852870400835 -1.01091468528704 23921.326052625448938 134.69228725243698364 -9097.6636016290831321 6.0912166210955058787
8600 515.66760086709587085 -10562.705286181455449 -1.05627052861815 23921.326052625448938 136.44333535618039832 -9099.4161242862901418 6.0912166210955058787
8700 496.35446634985697756 -9755.6852088118575921 -0.975568520881186 23921.326052625448938 131.33316654727391892 -9094.3023597306673764 6.0912166210955058787
8800 496.95609696256804 -9696.3857847569724981 -0.969638578475697 23921.326052625448938 131.49235531017595235 -9094.4621186609856522 6.0912166210955058787
8900 502.36837849976762982 -10073.033943479826121 -1.00730339434798 23921.326052625448938 132.92442074065957058 -9095.8953895880531491 6.0912166210955058787
9000 509.27945022326542812 -10296.570972525694742 -1.02965709725257 23921.326052625448938 134.75305933508400358 -9097.7263573555355833 6.0912166210955058787
9100 496.93360139185057278 -9845.4813864470397675 -0.984548138644704 23921.326052625448938 131.48640308301591517 -9094.4574830439887592 6.0912166210955058787
9200 492.82171739538819111 -9757.1245592553023016 -0.97571245592553 23921.326052625448938 130.39841701188862544 -9093.3672528745846648 6.0912166210955058787
9300 505.13456894313935663 -9927.5131274935702095 -0.992751312749357 23921.326052625448938 133.65634233063221359 -9096.6290878570071072 6.0912166210955058787
9400 493.46844180843794447 -10102.230307108597117 -1.01022303071086 23921.326052625448938 130.56953739219639488 -9093.5385099984814588 6.0912166210955058787
9500 492.20701420984522656 -9322.796094459712549 -0.932279609445971 23921.326052625448938 130.23576930482207104 -9093.2049059083146858 6.0912166210955058787
9600 514.04585100702479394 -10523.662522427210206 -1.05236625224272 23921.326052625448938 136.01422761381022042 -9098.9880999898396112 6.0912166210955058787
9700 503.8959567300390745 -9969.048964631594572 -0.996904896463159 23921.326052625448938 133.32861109197355631 -9096.3004443750905921 6.0912166210955058787
9800 499.134857154763381 -9734.194279562236261 -0.973419427956224 23921.326052625448938 132.068845489245831 -9095.0403703790034342 6.0912166210955058787
9900 494.57850021441976196 -9818.0936522011397756 -0.981809365220114 23921.326052625448938 130.86325386982198893 -9093.8333511447126511 6.0912166210955058787
10000 507.18980497841488386 -10155.862913810806276 -1.01558629138108 23921.326052625448938 134.20014857156274957 -9097.1714407095678325 6.0912166210955058787
10100 506.87305797221904413 -10160.582937350096472 -1.01605829373501 23921.326052625448938 134.11633873375876647 -9097.0877701177778363 6.0912166210955058787
10200 505.18455319079833998 -10414.25673519584052 -1.04142567351958 23921.326052625448938 133.66956793847415952 -9096.6411905780114466 6.0912166210955058787
10300 504.58116841476197578 -9905.3829318146636069 -0.990538293181466 23921.326052625448938 133.50991503182049769 -9096.4814950960808346 6.0912166210955058787
10400 507.08084268739747813 -10110.134002343575048 -1.01101340023436 23921.326052625448938 134.17131763785766907 -9097.1437764649617748 6.0912166210955058787
10500 496.96896111675232532 -9579.7952825588672567 -0.957979528255887 23921.326052625448938 131.49575910770073506 -9094.4651687653367844 6.0912166210955058787
10600 489.27255288437407899 -9711.9021511055852898 -0.971190215110558 23921.326052625448938 129.45932399383539746 -9092.4270529548848572 6.0912166210955058787
10700 500.95026332027049421 -9842.0941405828070856 -0.984209414058281 23921.326052625448938 132.54919382183732068 -9095.5191632593487157 6.0912166210955058787
10800 505.36081689186926269 -10030.454492867773297 -1.00304544928678 23921.326052625448938 133.7162065235547459 -9096.6865868199711258 6.0912166210955058787
10900 502.99120261454976344 -9886.9661594078570488 -0.988696615940786 23921.326052625448938 133.08921720919516929 -9096.0597270165380905 6.0912166210955058787
11000 496.75762523020546269 -9683.8476841108767985 -0.968384768411088 23921.326052625448938 131.43984057957831624 -9094.4096869819513813 6.0912166210955058787
11100 501.49415559724781133 -10075.222495627152966 -1.00752224956272 23921.326052625448938 132.69310527995583016 -9095.6633477091236273 6.0912166210955058787
11200 501.20667264975139688 -9944.0142475930406363 -0.994401424759304 23921.326052625448938 132.61703858088750962 -9095.5868297006618377 6.0912166210955058787
11300 496.70116095098649112 -9766.2284369120770862 -0.976622843691208 23921.326052625448938 131.42490038443676781 -9094.3949416959803784 6.0912166210955058787
11400 503.33822161514518712 -9730.7003794089487201 -0.973070037940895 23921.326052625448938 133.18103688100234194 -9096.1518565048518212 6.0912166210955058787
11500 495.78619949722343563 -9544.213389461972838 -0.954421338946197 23921.326052625448938 131.18280568571253752 -9094.1526353519402619 6.0912166210955058787
11600 505.32675737751901579 -10151.590118323236311 -1.01515901183232 23921.326052625448938 133.70719452875277966 -9096.6769973055615992 6.0912166210955058787
11700 507.76878349534382551 -10159.304337005320122 -1.01593043370053 23921.326052625448938 134.35334369147435041 -9097.3245187034735864 6.0912166210955058787
11800 513.81386518280339715 -10137.659049943858918 -1.01376590499439 23921.326052625448938 135.95284520475661338 -9098.9258256506745965 6.0912166210955058787
11900 514.8112410248049855 -10164.151341584634793 -1.01641513415846 23921.326052625448938 136.21674638112980915 -9099.1895979522487323 6.0912166210955058787
12000 510.94222673588046746 -10344.633090542700302 -1.03446330905427 23921.326052625448938 135.19302254578721545 -9098.1648905527508759 6.0912166210955058787
12100 497.96297193459014352 -9851.1839066658521915 -0.985118390666585 23921.326052625448938 131.75876991376622982 -9094.7291533864317898 6.0912166210955058787
12200 513.97056334736419103 -10713.2330876101787 -1.07132330876102 23921.326052625448938 135.9943068365925285 -9098.9665070891569485 6.0912166210955058787
12300 501.56128719110643033 -9771.7816063854133972 -0.977178160638541 23921.326052625448938 132.71086799872745132 -9095.6816861469269497 6.0912166210955058787
12400 495.59062423548010656 -9792.8923087812399899 -0.979289230878124 23921.326052625448938 131.13105734825532522 -9094.1015114057845494 6.0912166210955058787
12500 506.42669468415203937 -10439.345041889184358 -1.04393450418892 23921.326052625448938 133.99823300886544075 -9096.9695800568078994 6.0912166210955058787
12600 501.99595676813436285 -9758.2968601391330594 -0.975829686013913 23921.326052625448938 132.82587962010492788 -9095.7976949362127925 6.0912166210955058787
12700 507.99659245712859956 -10106.095665866658237 -1.01060956658667 23921.326052625448938 134.41362092145288898 -9097.3864294630129734 6.0912166210955058787
12800 504.90328008001756643 -10208.244583485307885 -1.02082445834853 23921.326052625448938 133.5951443343609526 -9096.566122178632213 6.0912166210955058787
12900 505.8275633765986754 -10331.317930942741441 -1.03313179309427 23921.326052625448938 133.83970555090328958 -9096.8104211259269505 6.0912166210955058787
13000 510.90184174043412213 -9917.5673383700595878 -0.991756733837006 23921.326052625448938 135.18233685704552727 -9098.1542134357223404 6.0912166210955058787
13100 502.71232740755169743 -9961.7715361198006576 -0.99617715361198 23921.326052625448938 133.01542807967263116 -9095.986724864158532 6.0912166210955058787
13200 509.67171735672849309 -10465.089846622009645 -1.0465089846622 23921.326052625448938 134.85685145999218548 -9097.8279776242488879 6.0912166210955058787
13300 503.38749672309347716 -10297.681141927658246 -1.02976811419277 23921.326052625448938 133.19407485365604771 -9096.1640069667846547 6.0912166210955058787
13400 506.71741620348444712 -10065.658966681769016 -1.00656589666818 23921.326052625448938 134.07515661952243136 -9097.0465365742638824 6.0912166210955058787
13500 496.76991570034721235 -9955.4946216254702449 -0.995549462162547 23921.326052625448938 131.44309258287736952 -9094.4134031032899657 6.0912166210955058787
13600 507.72491740984446551 -10020.14452191932287 -1.00201445219193 23921.326052625448938 134.34173692191100713 -9097.313199731423083 6.0912166210955058787
13700 507.65816373095424296 -10307.861095597987514 -1.0307861095598 23921.326052625448938 134.32407419774574464 -9097.2946589248058444 6.0912166210955058787
13800 508.83526290483194998 -10014.284820371291062 -1.00142848203713 23921.326052625448938 134.63552936200042609 -9097.6075637384419679 6.0912166210955058787
13900 509.82225179071292587 -10242.572584947691212 -1.02425725849477 23921.326052625448938 134.89668219635075275 -9097.8682999087941425 6.0912166210955058787
14000 507.60157817993149365 -10497.160444218958219 -1.0497160444219 23921.326052625448938 134.30910191462862713 -9097.2791268922774179 6.0912166210955058787
14100 510.74502055582087223 -10256.836437589910929 -1.02568364375899 23921.326052625448938 135.14084267465523226 -9098.1122641557212773 6.0912166210955058787
14200 506.2271687678966714 -10048.21250948760644 -1.00482125094876 23921.326052625448938 133.94543934593585277 -9096.915838308079401 6.0912166210955058787
14300 498.18089498724884834 -9511.3196918423582247 -0.951131969184236 23921.326052625448938 131.81643137651036568 -9094.7872213231821661 6.0912166210955058787
14400 515.02539445909883398 -10323.194749860924276 -1.03231947498609 23921.326052625448938 136.27341041975449798 -9099.2452956175948202 6.0912166210955058787
14500 505.66779359304194941 -9928.739479309771923 -0.992873947930977 23921.326052625448938 133.79743118245167466 -9096.7686677893580054 6.0912166210955058787
14600 511.01327406996830405 -10299.156277172989576 -1.0299156277173 23921.326052625448938 135.21182135186850815 -9098.1844370242197328 6.0912166210955058787
14700 517.20562233876705704 -10411.582774868053093 -1.04115827748681 23921.326052625448938 136.8502889423497777 -9099.8252044076471066 6.0912166210955058787
14800 511.10381629956566485 -10048.206429809277324 -1.00482064298093 23921.326052625448938 135.23577841990240245 -9098.2088723089036648 6.0912166210955058787
14900 513.56318721705292774 -10630.225449291974655 -1.0630225449292 23921.326052625448938 135.88651693885472582 -9098.8583655999154871 6.0912166210955058787
15000 506.05240985781153995 -9782.2512175800129626 -0.978225121758001 23921.326052625448938 133.89919892180387251 -9096.8716679453173128 6.0912166210955058787
15100 502.03400176708771596 -9691.988177113546044 -0.969198817711355 23921.326052625448938 132.83594615626520863 -9095.8068412254815485 6.0912166210955058787
15200 498.18027665869249176 -9820.9600412886593404 -0.982096004128866 23921.326052625448938 131.81626776954644242 -9094.7861765112538706 6.0912166210955058787
15300 511.27219013331989572 -10659.087224576898734 -1.06590872245769 23921.326052625448938 135.28032938146273523 -9098.2519663602324727 6.0912166210955058787
15400 501.13183291690575061 -9762.473368737482815 -0.976247336873748 23921.326052625448938 132.59723632309692221 -9095.5688030646597326 6.0912166210955058787
15500 500.05139811165844321 -9676.0898056973510393 -0.967608980569735 23921.326052625448938 132.31135811741759767 -9095.2826503481574036 6.0912166210955058787
15600 501.60089744444553617 -9796.4087090965422249 -0.979640870909654 23921.326052625448938 132.72134869418090375 -9095.6917522142048256 6.0912166210955058787
15700 511.11176116406022629 -10197.164700833305687 -1.01971647008333 23921.326052625448938 135.2378805954293739 -9098.2102506381306739 6.0912166210955058787
15800 511.22758983445396552 -10032.377551090745328 -1.00323775510907 23921.326052625448938 135.26852834233420708 -9098.2414395619125571 6.0912166210955058787
15900 496.90229548020590755 -9466.1750985043036053 -0.94661750985043 23921.326052625448938 131.4781196791449247 -9094.4477746741722513 6.0912166210955058787
16000 500.2233515467722782 -10042.636582289218495 -1.00426365822892 23921.326052625448938 132.3568562254496328 -9095.3262493460679252 6.0912166210955058787
16100 501.09256709129795127 -9938.7868982677009626 -0.99387868982677 23921.326052625448938 132.58684676167703742 -9095.5570877991085581 6.0912166210955058787
16200 505.76211747635261418 -9874.3975623945680127 -0.987439756239457 23921.326052625448938 133.82238885910427939 -9096.794692931282043 6.0912166210955058787
16300 500.20168904851067282 -9702.8734887903883646 -0.970287348879039 23921.326052625448938 132.3511244255266206 -9095.3220535427935829 6.0912166210955058787
16400 511.50595376063751019 -10269.252774131455226 -1.02692527741315 23921.326052625448938 135.34218218924536359 -9098.3131314109341474 6.0912166210955058787
16500 505.18413018301845341 -9946.0315663817746099 -0.994603156638177 23921.326052625448938 133.6694560125120006 -9096.6409966545797943 6.0912166210955058787
16600 506.46438092048464341 -9658.7556883627948991 -0.965875568836279 23921.326052625448938 134.00820461804468664 -9096.9796184062433895 6.0912166210955058787
16700 512.34937629845944684 -10566.885315748813809 -1.05668853157488 23921.326052625448938 135.56534801153378567 -9098.5372312148647325 6.0912166210955058787
16800 506.29610041759104888 -10187.243320846526331 -1.01872433208465 23921.326052625448938 133.96367835141163027 -9096.9333855432869314 6.0912166210955058787
16900 512.43047579820597548 -10250.705145603689743 -1.02507051456037 23921.326052625448938 135.58680657558267058 -9098.5583025505457044 6.0912166210955058787
17000 514.34547786177870421 -10067.976539716300977 -1.00679765397163 23921.326052625448938 136.09350753629550468 -9099.0652172648624401 6.0912166210955058787
17100 507.60715600647284873 -9738.5624349483186961 -0.973856243494832 23921.326052625448938 134.31057778252502999 -9097.2818907963846868 6.0912166210955058787
17200 508.52730938466612542 -10032.434824278663655 -1.00324348242787 23921.326052625448938 134.55404624117716139 -9097.5254447101215192 6.0912166210955058787
17300 502.91182703293856093 -9642.3184285915849614 -0.964231842859159 23921.326052625448938 133.0682147861562612 -9096.0395551713736495 6.0912166210955058787
17400 492.69771635982209546 -9173.4468075108143239 -0.917344680751081 23921.326052625448938 130.36560689379740552 -9093.3346321647841251 6.0912166210955058787
17500 498.12080750383307759 -9808.4750926704018639 -0.98084750926704 23921.326052625448938 131.80053249778185886 -9094.7693820237109321 6.0912166210955058787
17600 496.37728269835218953 -9557.977325914778703 -0.955797732591478 23921.326052625448938 131.33920365079586645 -9094.3090849143918604 6.0912166210955058787
17700 501.8317582300666686 -9678.2738790749644977 -0.967827387907496 23921.326052625448938 132.78243342306464569 -9095.7530063414269534 6.0912166210955058787
17800 513.54347328816209028 -10022.235380460240776 -1.00222353804602 23921.326052625448938 135.8813007216513995 -9098.8551266339109134 6.0912166210955058787
17900 514.14521518366666442 -10319.45800116420105 -1.03194580011642 23921.326052625448938 136.04051892948166369 -9099.0133239827064244 6.0912166210955058787
18000 510.3640295115334311 -10151.436507766013165 -1.0151436507766 23921.326052625448938 135.040034152390092 -9098.0120906147622009 6.0912166210955058787
18100 501.94100651416613346 -10083.985027815595458 -1.00839850278156 23921.326052625448938 132.8113400292570816 -9095.7796617464591691 6.0912166210955058787
18200 496.82048363870126195 -9386.1799360697787051 -0.938617993606978 23921.326052625448938 131.4564726326604216 -9094.426821293305693 6.0912166210955058787
18300 518.64513690119861167 -10319.372780539295491 -1.03193727805393 23921.326052625448938 137.2311780419590832 -9100.2042565066731186 6.0912166210955058787
18400 510.52305545723726254 -10123.251181920306408 -1.01232511819203 23921.326052625448938 135.08211170468061368 -9098.0539615439902263 6.0912166210955058787
18500 508.93668482585673019 -10343.034142104221246 -1.03430341421042 23921.326052625448938 134.6623651476103305 -9097.6336093485115271 6.0912166210955058787
18600 498.60713225551728556 -9595.0547495119662926 -0.959505474951197 23921.326052625448938 131.9292118467936632 -9094.8991226750913484 6.0912166210955058787
18700 502.62117983239789965 -10106.977498171572734 -1.01069774981716 23921.326052625448938 132.99131083991838409 -9095.9609363486215443 6.0912166210955058787
18800 498.56811376633038435 -9827.1582108794791566 -0.982715821087948 23921.326052625448938 131.91888772948189512 -9094.8889487679407466 6.0912166210955058787
18900 502.6308957046105661 -9924.1790226039047411 -0.992417902260391 23921.326052625448938 132.99388161614780302 -9095.9661914632015396 6.0912166210955058787
19000 511.87992395341871088 -10173.069937053645845 -1.01730699370536 23921.326052625448938 135.44113302567774326 -9098.4138819037689245 6.0912166210955058787
19100 511.88416950947424766 -10356.771594984138574 -1.03567715949841 23921.326052625448938 135.44225638077639928 -9098.4137989022656257 6.0912166210955058787
19200 494.36964730918015221 -9736.0865292899634369 -0.973608652928996 23921.326052625448938 130.80799232742180038 -9093.7770154048739641 6.0912166210955058787
19300 508.99657199920034145 -10295.118427302824784 -1.02951184273028 23921.326052625448938 134.67821102519178567 -9097.6500361377438821 6.0912166210955058787
19400 505.20673387496850637 -9835.6663721574568626 -0.983566637215746 23921.326052625448938 133.67543684806545912 -9096.6477556441132037 6.0912166210955058787
19500 506.3578042277826512 -10194.428982955721949 -1.01944289829557 23921.326052625448938 133.98000490295873988 -9096.9506001128920616 6.0912166210955058787
19600 505.43429714123175245 -10360.941890367053929 -1.03609418903671 23921.326052625448938 133.73564906811051856 -9096.7063642008724855 6.0912166210955058787
19700 500.5486795122964736 -9774.5248508951153781 -0.977452485089512 23921.326052625448938 132.44293654662189397 -9095.4136361938872142 6.0912166210955058787
19800 504.64937108662968512 -10058.543241458603006 -1.00585432414586 23921.326052625448938 133.52796115303149804 -9096.5007591350477014 6.0912166210955058787
19900 493.34872419453387238 -9558.7870402975277102 -0.955878704029753 23921.326052625448938 130.53786064827357905 -9093.5082748419172276 6.0912166210955058787
20000 492.49754848919690176 -9540.0011021012305719 -0.954000110210123 23921.326052625448938 130.31264337261958985 -9093.2826119702658616 6.0912166210955058787
20100 503.14515148772790099 -9991.4620550885447301 -0.999146205508854 23921.326052625448938 133.12995139085685992 -9096.1004331917520176 6.0912166210955058787
20200 503.24755373273393388 -9892.7243934560920025 -0.989272439345609 23921.326052625448938 133.15704656579723064 -9096.1281583226809744 6.0912166210955058787
20300 495.90436139288181039 -9423.0302638847224443 -0.942303026388472 23921.326052625448938 131.21407079356211511 -9094.1843926848341653 6.0912166210955058787
20400 505.33123075656146739 -10143.130261419817543 -1.01431302614198 23921.326052625448938 133.70837816479240701 -9096.6802653401773568 6.0912166210955058787
20500 500.06532968595121247 -9869.4720378084675758 -0.986947203780847 23921.326052625448938 132.31504434951764893 -9095.2857338059657195 6.0912166210955058787
20600 506.17320026585940695 -9896.1807112034202873 -0.989618071120342 23921.326052625448938 133.93115952224755461 -9096.9039521213726402 6.0912166210955058787
20700 507.25426476824111433 -10169.295570349668196 -1.01692955703497 23921.326052625448938 134.21720434296560143 -9097.1900789871870074 6.0912166210955058787
20800 502.31992350823173865 -9902.31565839707946 -0.990231565839708 23921.326052625448938 132.91159976713186097 -9095.8821525545317854 6.0912166210955058787
20900 508.88540478917286691 -10388.424486137644635 -1.03884244861376 23921.326052625448938 134.6487966798016771 -9097.6201729689291824 6.0912166210955058787
21000 496.63564345694516078 -9851.6189920099750452 -0.985161899200998 23921.326052625448938 131.40756474924049257 -9094.3777722263948817 6.0912166210955058787
21100 498.46097482531547485 -9782.8973114502296085 -0.978289731145023 23921.326052625448938 131.89053924601304857 -9094.8607878250149952 6.0912166210955058787
21200 504.93801240472339487 -9981.2809747656683612 -0.998128097476567 23921.326052625448938 133.60433435176668127 -9096.5752268260275741 6.0912166210955058787
21300 511.87661946998150597 -10372.496973466997588 -1.0372496973467 23921.326052625448938 135.44025867417485642 -9098.4113126117918 6.0912166210955058787
21400 504.19923625415640345 -10125.438114110344031 -1.01254381141103 23921.326052625448938 133.40885749439681263 -9096.3800413087010384 6.0912166210955058787
21500 493.78756614535706149 -9878.2115162342834083 -0.987821151623428 23921.326052625448938 130.65397626105175277 -9093.6226878238703648 6.0912166210955058787
21600 494.05361782075635801 -9678.3906294877269829 -0.967839062948773 23921.326052625448938 130.72437234160355501 -9093.695071538175398 6.0912166210955058787
21700 500.43664908126362434 -9934.4314414672571729 -0.993443144146726 23921.326052625448938 132.41329379682375134 -9095.3847588646094664 6.0912166210955058787
21800 503.13002343556439655 -9906.9345313526864629 -0.990693453135269 23921.326052625448938 133.12594857607624022 -9096.0969161520279158 6.0912166210955058787
21900 498.85289171888314286 -9728.9643487613138859 -0.972896434876131 23921.326052625448938 131.99423869901511353 -9094.9646567470153968 6.0912166210955058787
22000 510.36611577844746535 -10308.291944302485717 -1.03082919443025 23921.326052625448938 135.04058616926243985 -9098.0124943428527331 6.0912166210955058787
22100 503.7125186027755035 -10413.798085037224155 -1.04137980850372 23921.326052625448938 133.28007418588668997 -9096.2496875542256021 6.0912166210955058787
22200 493.16009476714191351 -9412.4726615679064707 -0.941247266156791 23921.326052625448938 130.48795014744629839 -9093.4574061085077119 6.0912166210955058787
22300 504.78238442240569839 -10419.417671182109189 -1.04194176711821 23921.326052625448938 133.56315588535446182 -9096.5338022072664899 6.0912166210955058787
22400 504.78589380070661718 -9970.2215724691795913 -0.997022157246918 23921.326052625448938 133.56408445111969741 -9096.5358056775803561 6.0912166210955058787
22500 502.88663644307723644 -9819.0224438624391041 -0.981902244386244 23921.326052625448938 133.0615494690130447 -9096.0318963722820627 6.0912166210955058787
22600 514.75511675706036385 -10519.086405856372949 -1.05190864058564 23921.326052625448938 136.20189615150005125 -9099.175845509791543 6.0912166210955058787
22700 516.07915915683031471 -10536.656987691942049 -1.05366569876919 23921.326052625448938 136.55223183455217395 -9099.5268696851017012 6.0912166210955058787
22800 522.32840856529503526 -10855.286560814964105 -1.0855286560815 23921.326052625448938 138.20575521149072529 -9101.1792386111774249 6.0912166210955058787
22900 496.74137161398766693 -9695.7291297389438114 -0.969572912973894 23921.326052625448938 131.43553994559505327 -9094.4051968568892335 6.0912166210955058787
23000 500.0208623288829699 -9714.0170600104684127 -0.971401706001047 23921.326052625448938 132.30327848619276665 -9095.2728628870172543 6.0912166210955058787
23100 513.03114966013652065 -10409.542272897693692 -1.04095422728977 23921.326052625448938 135.74574218651744673 -9098.7176465393022227 6.0912166210955058787
23200 510.47805188484136352 -10362.61208540694679 -1.03626120854069 23921.326052625448938 135.0702039611840064 -9098.0408718377220794 6.0912166210955058787
23300 516.83591270492047443 -10613.35089610943578 -1.06133508961094 23921.326052625448938 136.7524654307106573 -9099.7257301960162295 6.0912166210955058787
23400 507.16933333773391723 -10087.65283946152158 -1.00876528394615 23921.326052625448938 134.19473186721671709 -9097.1665774891353067 6.0912166210955058787
23500 497.63381799740932365 -9718.1720930775027227 -0.97181720930775 23921.326052625448938 131.67167725764616648 -9094.6432958626755862 6.0912166210955058787
23600 497.41918300562940658 -9722.3945592586023849 -0.97223945592586 23921.326052625448938 131.61488580106959034 -9094.5845533348565368 6.0912166210955058787
23700 499.3907979543540705 -9938.7727864690041315 -0.9938772786469 23921.326052625448938 132.13656627738757265 -9095.1064466163297766 6.0912166210955058787
23800 506.9839613574130226 -10177.080751078445246 -1.01770807510784 23921.326052625448938 134.14568327228070643 -9097.1178288895589503 6.0912166210955058787
23900 498.36528687552873862 -9655.9822872154127253 -0.965598228721541 23921.326052625448938 131.86522064348628192 -9094.8357929128760588 6.0912166210955058787
24000 495.32465082966177761 -9587.2508757739578868 -0.958725087577396 23921.326052625448938 131.06068197748379589 -9094.0297541265863401 6.0912166210955058787
24100 500.49867253399401079 -10043.328923278781076 -1.00433289232788 23921.326052625448938 132.42970492435361507 -9095.3991885311079386 6.0912166210955058787
24200 503.27370849831163468 -10235.897724228512743 -1.02358977242285 23921.326052625448938 133.16396699951243932 -9096.1349731798909488 6.0912166210955058787
24300 504.89106380856270562 -9998.7220389612830331 -0.999872203896128 23921.326052625448938 133.59191196370179 -9096.5631146673113108 6.0912166210955058787
24400 497.76061119630202256 -9844.4676827990115271 -0.984446768279901 23921.326052625448938 131.70522616963583573 -9094.6755784247652628 6.0912166210955058787
24500 501.42957240763843174 -10003.107426629283509 -1.00031074266293 23921.326052625448938 132.67601685752356389 -9095.6467236154712737 6.0912166210955058787
24600 498.89217293336690773 -9739.3076530374491995 -0.973930765303745 23921.326052625448938 132.00463233226255966 -9094.9740518967500975 6.0912166210955058787
24700 509.3843903095338419 -10398.510453274393512 -1.03985104532744 23921.326052625448938 134.78082601144478758 -9097.7520665105585067 6.0912166210955058787
24800 509.73293347754781735 -10106.804717636176065 -1.01068047176362 23921.326052625448938 134.87304897111778246 -9097.8461464975080162 6.0912166210955058787
24900 495.27085402887763621 -9752.8582267749461607 -0.975285822677495 23921.326052625448938 131.04644758517730452 -9094.0170302162550797 6.0912166210955058787
25000 500.33850569234158456 -9541.0541811311231868 -0.954105418113112 23921.326052625448938 132.38732549610995193 -9095.3589439146617224 6.0912166210955058787
25100 504.70926875728162031 -10535.0744410654479 -1.05350744410654 23921.326052625448938 133.54380980815366797 -9096.5135017918364611 6.0912166210955058787
25200 499.65372655060002671 -9735.4345414209201408 -0.973543454142092 23921.326052625448938 132.20613600519669717 -9095.1763513334517484 6.0912166210955058787
25300 499.6802314543143666 -9972.4356288220951683 -0.997243562882209 23921.326052625448938 132.21314908389314269 -9095.1834117681846692 6.0912166210955058787
25400 503.27501380909524187 -10016.948562658521041 -1.00169485626585 23921.326052625448938 133.16431237889381123 -9096.1350440695568977 6.0912166210955058787
25500 510.08389035845755188 -10408.697757077794449 -1.04086977570778 23921.326052625448938 134.96591058840186861 -9097.9376102297246689 6.0912166210955058787
25600 514.98754581992523072 -10715.509858346880719 -1.07155098583469 23921.326052625448938 136.26339583951161671 -9099.2358438424562337 6.0912166210955058787
25700 519.50039425525073966 -10702.570001030886488 -1.07025700010309 23921.326052625448938 137.45747530356433685 -9100.4311370221512334 6.0912166210955058787
25800 512.88777688864922766 -10418.252526384412704 -1.04182525263844 23921.326052625448938 135.70780639394857303 -9098.6794354857083817 6.0912166210955058787
25900 503.04331865741625052 -9619.0760741405920271 -0.961907607414059 23921.326052625448938 133.1030068804917903 -9096.0748464132338995 6.0912166210955058787
26000 508.24959972156159438 -10091.149640078941957 -1.00911496400789 23921.326052625448938 134.48056550934347797 -9097.4527383277236368 6.0912166210955058787
26100 498.81615743196095991 -9769.267488158242486 -0.976926748815824 23921.326052625448938 131.98451897138212985 -9094.9558118689183175 6.0912166210955058787
26200 498.48084716513466219 -9844.8702886485443742 -0.984487028864854 23921.326052625448938 131.89579737803782677 -9094.8652705140411854 6.0912166210955058787
26300 508.24539970192699911 -9876.1748498172764812 -0.987617484981728 23921.326052625448938 134.4794542029776494 -9097.4503370162055944 6.0912166210955058787
26400 501.30367133491552067 -9982.4154181062767748 -0.998241541810628 23921.326052625448938 132.64270399811888979 -9095.6122603555359092 6.0912166210955058787
26500 504.97223727216197631 -9697.3167096827310161 -0.969731670968273 23921.326052625448938 133.61339009825451285 -9096.5856937955722969 6.0912166210955058787
26600 502.04942769246650869 -9574.513469190133037 -0.957451346919013 23921.326052625448938 132.84002778696316227 -9095.8123188522695273 6.0912166210955058787
26700 496.64362130262378514 -9770.7726766727100767 -0.977077267667271 23921.326052625448938 131.40967565144089235 -9094.3782117034879775 6.0912166210955058787
26800 509.66901155591324368 -10218.580461361038033 -1.0218580461361 23921.326052625448938 134.85613551722710213 -9097.8273778140846844 6.0912166210955058787
26900 498.01620215380512491 -9678.0712317082907248 -0.967807123170829 23921.326052625448938 131.77285439112958443 -9094.7435862086731504 6.0912166210955058787
27000 498.76954682239653494 -9606.0802516866660881 -0.960608025168667 23921.326052625448938 131.97218601305536367 -9094.9438840881812212 6.0912166210955058787
27100 498.78938929603862107 -9867.2465718421208294 -0.986724657184212 23921.326052625448938 131.97743624262358253 -9094.9484282375815383 6.0912166210955058787
27200 498.07789535453014196 -9434.3614027163948776 -0.943436140271639 23921.326052625448938 131.78917813545939453 -9094.7599641365140997 6.0912166210955058787
27300 503.26674517978665335 -9936.1660736340218136 -0.993616607363402 23921.326052625448938 133.16212453664857662 -9096.1332892736536451 6.0912166210955058787
27400 496.53897375205116305 -9418.1258591709029133 -0.94181258591709 23921.326052625448938 131.38198637871371943 -9094.3515723574892036 6.0912166210955058787
27500 501.73643423333942337 -10022.049516279132149 -1.00220495162791 23921.326052625448938 132.75721112088569953 -9095.7264226582465199 6.0912166210955058787
27600 505.39411793463040112 -9947.2951729662709113 -0.994729517296627 23921.326052625448938 133.72501783017460752 -9096.6953585747287434 6.0912166210955058787
27700 500.01187618855647088 -9743.607964235388863 -0.974360796423539 23921.326052625448938 132.30090079374889456 -9095.2711510176286538 6.0912166210955058787
27800 503.18834547606712704 -9879.0271682702787075 -0.987902716827028 23921.326052625448938 133.14138032652476795 -9096.1122625560383312 6.0912166210955058787
27900 501.84598737862165763 -9761.2056283854180947 -0.976120562838542 23921.326052625448938 132.78619839198037766 -9095.7558517569923424 6.0912166210955058787
28000 498.82760672053296958 -9662.2139344166844239 -0.966221393441668 23921.326052625448938 131.9875484018089935 -9094.9566761415007932 6.0912166210955058787
28100 502.07867827640023961 -9645.1990122444149165 -0.964519901224442 23921.326052625448938 132.84776736033623479 -9095.8182451799984847 6.0912166210955058787
28200 505.23923735022611936 -10106.692251550603032 -1.01066922515506 23921.326052625448938 133.6840371218995358 -9096.6546117665329803 6.0912166210955058787
28300 502.46156685522294083 -10055.695208952296525 -1.00556952089523 23921.326052625448938 132.94907796173239944 -9095.9191970204101381 6.0912166210955058787
28400 506.76573828525619092 -10313.869159825007955 -1.0313869159825 23921.326052625448938 134.08794242572241728 -9097.0587986575555988 6.0912166210955058787
28500 494.50526951727420055 -9451.8763155035867385 -0.945187631550359 23921.326052625448938 130.84387735566403421 -9093.8141677267922205 6.0912166210955058787
28600 503.73793144980800207 -9923.7536214397514414 -0.992375362143975 23921.326052625448938 133.28679831128101796 -9096.258174467504432 6.0912166210955058787
28700 502.31521703418758307 -10166.909958827023729 -1.0166909958827 23921.326052625448938 132.91035445519975156 -9095.8815466069190734 6.0912166210955058787
28800 502.74118767294879717 -9839.5144129982745653 -0.983951441299827 23921.326052625448938 133.02306437651080273 -9095.9948694707527466 6.0912166210955058787
28900 503.34930991628692709 -10146.481714618077604 -1.01464817146181 23921.326052625448938 133.18397079577354702 -9096.1548246461752569 6.0912166210955058787
29000 510.76211506556472841 -10335.053496892216572 -1.03350534968922 23921.326052625448938 135.14536580529562571 -9098.117880407418852 6.0912166210955058787
29100 502.36192109084208823 -10168.986713500547921 -1.01689867135005 23921.326052625448938 132.92271213920761852 -9095.8927516281219141 6.0912166210955058787
29200 503.26429121028951386 -9848.6928544748861896 -0.984869285447489 23921.326052625448938 133.16147522732123321 -9096.1323971548299596 6.0912166210955058787
29300 500.04209047523454501 -10033.024680201247975 -1.00330246802012 23921.326052625448938 132.30889535854768724 -9095.2790437630574161 6.0912166210955058787
29400 494.41725016799063042 -9428.1704453832626314 -0.942817044538326 23921.326052625448938 130.82058783045064843 -9093.789600338008313 6.0912166210955058787
29500 497.53529832045222747 -9746.6230963275265822 -0.974662309632753 23921.326052625448938 131.64560939280525531 -9094.6159043560583086 6.0912166210955058787
29600 506.2893022417180191 -10323.263258993993077 -1.0323263258994 23921.326052625448938 133.96187958455311673 -9096.9334746659005759 6.0912166210955058787
29700 517.7835134376852011 -10356.738386188284494 -1.03567383861883 23921.326052625448938 137.00319633633083072 -9099.9766926590418734 6.0912166210955058787
29800 504.22423731986924622 -9907.5927432085463806 -0.990759274320855 23921.326052625448938 133.41547266430004015 -9096.3864515006098372 6.0912166210955058787
29900 503.62557959942057551 -10415.031950750293618 -1.04150319507503 23921.326052625448938 133.25707051536261361 -9096.2280116831116175 6.0912166210955058787
30000 507.63561552743459515 -10327.656360524879346 -1.03276563605249 23921.326052625448938 134.31810804418219618 -9097.288856617113197 6.0912166210955058787
30000 507.63561552743465199 -10327.656360524941192 -1.03276563605249 23921.326052625448938 134.3181080441822246 -9097.28885661710774 6.0912166210955058787
