step temp press pressGiga vol ke pe density
150000 1787.5871865566241468 -3234.453115088121649 -0.323445311508812 25944.25460849225783 472.98755547882188921 -8139.3096055113810507 7.7249622092425749287
151000 1843.2252545320659465 3156.2479178941093778 0.315624791789411 25804.140952796416968 487.70913882937196604 -8149.6747549391056964 7.7669079069206787835
152000 1758.6419581849777387 239.99289323253069028 0.0239992893232531 25850.293739473654568 465.32877781849788335 -8143.153310122156654 7.7530409680230958358
153000 1812.7748933711422978 -3095.4551470560336384 -0.309545514705603 25921.443773545943259 479.65210978079397819 -8145.9485770138389853 7.7317601653850243082
154000 1762.5336560685059339 769.64653281727453304 0.0769646532817275 25887.114365880875994 466.35850363127786977 -8131.6397657101861114 7.7420134034607164253
155000 1819.865621217499438 -354.30180156739862696 -0.0354301801567399 25876.931494135111279 481.52828457989539856 -8144.6848598951364693 7.7450599752522482078
156000 1763.6116215520019068 -707.57974356121269466 -0.0707579743561213 25874.81252188601502 466.64372846549218821 -8139.8835793495645703 7.7456942433127897729
157000 1812.8769774722788952 -41.504590580339282724 -0.00415045905803393 25843.101653948586318 479.67912077629284795 -8149.1808216407371219 7.7551986244247164137
158000 1866.3325952694124226 514.6199292289203413 0.051461992922892 25956.077722134770738 493.82323759399048413 -8118.1221329812433396 7.7214434531708082687
159000 1772.1224474639286655 122.44477905212683311 0.0122444779052127 25935.441652466266532 468.89565484618094615 -8123.7645742465574585 7.7275871790874983702
160000 1855.1961007041516041 -3692.9959110300360408 -0.369299591103004 25863.002518977893487 490.87657105898784948 -8162.0741708160112466 7.7492312136035295111
161000 1816.3234924093731024 -1388.5886839296217659 -0.138858868392962 25920.681215865435661 480.59105317728386808 -8136.5541455694747128 7.7319876251901451525
162000 1810.8382342379018155 1470.4570165222733067 0.147045701652227 25833.582030896173819 479.13967845653974109 -8147.0953578705075415 7.7580563995297255886
163000 1799.0349626669988083 -7918.2522065083567213 -0.791825220650836 26027.600797583651001 476.01658571512888329 -8136.2054284755085973 7.7002251554502336717
164000 1774.630713060654216 6855.9634834365770075 0.685596348343658 25760.690992347626889 469.55933067805585779 -8142.0601417218058486 7.7800081704759289636
165000 1712.2187855970710189 -230.75739325336229513 -0.0230757393253362 25784.040358082937018 453.04541447540873378 -8161.4230826023986083 7.7729627945893993157
166000 1802.8018198526401648 -3001.0698138617899531 -0.300106981386179 25898.972796639849548 477.01327923893194338 -8144.7254242659428201 7.7384685474310632713
167000 1785.0190548633042908 -1162.484840486232315 -0.116248484048623 25890.433811508020881 472.30803934617892992 -8144.4039799900892831 7.7410207900219258903
168000 1809.3575621930613124 1138.0229195065664953 0.113802291950657 25950.872006314828468 478.74789927160162506 -8117.2662351284734541 7.7229923660677304298
169000 1787.8778213222549311 -5488.0384466827035794 -0.54880384466827 25939.463925972315337 473.06445613483833768 -8144.5437759001815721 7.7263889095602316104
170000 1781.1790198687845077 5111.8563797255728787 0.511185637972557 25788.201095846055978 471.29198330221623792 -8139.9311279433168238 7.7717086838543938399
171000 1808.2779091814784351 -6271.5386363273019015 -0.62715386363273 25959.303619779831934 478.46222792502101129 -8147.8009049362026417 7.7204839287314444007
172000 1852.1253540936945683 4619.0295574895453683 0.461902955748955 25786.747067553093075 490.0640652725860491 -8149.1596165154096525 7.7721469044752966582
173000 1798.8251463763465381 -2134.6980115906367246 -0.213469801159064 25858.129763775981701 475.96106926526749703 -8155.2358610352785036 7.7506914934865625
174000 1789.3180571791322109 -7625.5254527338720436 -0.762552545273387 25989.268066486522002 473.44553608572425674 -8141.7465419847803787 7.711582561111528733
175000 1840.4830042982437135 4905.8072909195416287 0.490580729091954 25811.147830489924672 486.98355171151774812 -8135.8143959720873681 7.7647994468817094216
176000 1757.5647516503036059 -1729.6692917433299499 -0.172966929174333 25946.411428536033782 465.04375379873926022 -8129.2663659734553221 7.7243200644366849517
177000 1845.7368592018049185 5798.2020772078894879 0.579820207720789 25719.909845208367187 488.37369816499654007 -8157.386794363406807 7.7923440480063828062
178000 1780.0605490922828267 1026.3348161100702782 0.102633481611007 25914.380014371909056 470.99604094906533192 -8128.9285877527581761 7.7338676937831332125
179000 1823.5586322459305393 -2366.8552949251252357 -0.236685529492513 25944.191891020105686 482.50543874156659285 -8135.0036825187025897 7.7249808835610602742
180000 1804.7931789998665408 -1303.5305256958270093 -0.130353052569583 25943.070872652991966 477.54018394165655081 -8132.5382272977967659 7.7253146854266372401
181000 1760.9770392569241722 2146.997319654004059 0.2146997319654 25798.814765743063617 465.94662980153447052 -8153.043783835276372 7.7685113916045320792
182000 1857.0686731421806144 -3071.0810440151044531 -0.30710810440151 25920.799116993312055 491.37204533100168646 -8146.2601163836534397 7.7319524561331416379
183000 1818.9286766673876627 -1486.8885410050354494 -0.148688854100504 25921.276480337361136 481.28037325243155919 -8139.883677155065925 7.7318100653568500036
184000 1810.1323828938650422 -4958.3567074466727718 -0.495835670744667 25946.886528752627783 478.9529133553697875 -8140.9427308920840005 7.724178628348328246
185000 1814.5156537668103738 3018.137049543327521 0.301813704954333 25868.961381134464318 480.11270717733685842 -8127.2272712295716701 7.747446194099230965
186000 1776.886637824360605 -7733.2650520864399368 -0.773326505208644 25993.775777191029192 470.15623825680449954 -8142.8750369114968635 7.7102452569985215902
187000 1876.9141513691192813 2461.1573860391135895 0.246115738603911 25831.528106921163271 496.62306989889935949 -8145.2300693500656052 7.7586732603663177699
188000 1753.6777873902733518 -1720.0061309759912547 -0.172000613097599 25889.910535312446882 464.01528048151516259 -8141.601029128589289 7.7411772483419856172
189000 1820.4730233314160159 1037.0793903122955726 0.10370793903123 25906.617190050917998 481.68900045614162764 -8129.3176992459466419 7.7361851193191730758
190000 1799.9121039269025459 -343.25301632681282626 -0.0343253016326813 25883.800564301847771 476.24867336011283214 -8143.752929424438662 7.7430045831052014549
191000 1728.718211298259348 77.205753519751837644 0.00772057535197518 25901.65675090865625 457.41108854596535593 -8134.2282365248356655 7.7376666799717090939
192000 1739.0568166045427461 2992.8570472200422046 0.299285704722004 25834.918070990806882 460.14663716012773875 -8133.2612035560332515 7.7576551954547712242
193000 1802.2381907195715485 2169.0079671263297314 0.216900796712633 25917.793226764773863 476.8641454971756275 -8119.8078598546289868 7.7328491914428205689
194000 1796.9673135695527435 -2464.4249978880643539 -0.246442499788806 25997.603591132468864 475.46949503359803657 -8121.2599370897951303 7.7091100221995452202
195000 1817.2570540288550092 8787.7669598382963159 0.87877669598383 25753.714230617930298 480.83806939646933643 -8131.5619872052320716 7.7821157990212501687
196000 1767.7459700454130598 -3367.3505576247307545 -0.336735055762473 25927.939273729945853 467.73765854179964663 -8134.7591893597364106 7.7298231950362934484
197000 1836.8292505968108799 420.46411439998456672 0.0420464114399985 25808.521638661946781 486.01678486257242184 -8156.0147376209260983 7.7655895678014115191
198000 1775.2127197943816554 5441.4312452275626129 0.544143124522756 25804.722684598913474 469.71332705055624501 -8134.0998770083579075 7.7667328127182830855
199000 1757.7616147811347673 -1587.7859170138474383 -0.158778591701385 25929.381779332285078 465.09584290058336364 -8130.5422287069404774 7.729393168845972717
200000 1756.9031054797503657 3312.1737702343671117 0.331217377023437 25819.702514043645351 464.86868518829305685 -8141.9268240892452013 7.7622267835409894943
