step temp press pressGiga vol ke pe density
0 1850.0000000000011369 -42400.782507250682102 -4.24007825072507 26980.744790434488095 481.84950552375033794 -7765.3548960395255563 7.3121350297215474967
1000 1849.770982320811072 48745.688580339854525 4.87456885803399 24076.005722015695937 481.78985576403471214 -8209.0161251312183595 8.194334699368729602
2000 1853.0394953181050823 50033.298838890608749 5.00332988388906 24160.092412212412455 482.64117001892338976 -8179.8694782573011253 8.1658151692494751472
3000 1875.5163016016178972 48890.101314375358925 4.88901013143754 24163.317230553711852 488.49546082620111065 -8182.7004208098787785 8.1647253656319431769
4000 1895.6450390127824903 48384.896968496810587 4.83848969684968 24142.399949521335657 493.73817551181571162 -8194.8171486066257785 8.1717993870789484845
5000 1868.5354226622616807 50223.045332712114032 5.02230453327121 24048.052346222757478 486.67722673698489189 -8215.007581074252812 8.2038597666767483219
6000 1884.7589079981169107 46032.414279279160837 4.60324142792792 24198.666205130637536 490.90278262182471281 -8188.9577108924204367 8.1527984822685901634
7000 1814.3596743809498548 59815.17040930314397 5.98151704093031 23866.978526514732948 472.56665510415825793 -8220.7892580956795427 8.2661007504967507487
8000 1836.9765169939587395 45469.723620981851127 4.54697236209819 24126.919887144169479 478.45741966069169848 -8208.2239491076434206 8.1770424916624335765
9000 1828.5498937331683464 53468.218698608026898 5.3468218698608 23993.371215886392747 476.26262817342313838 -8208.2386382813929231 8.2225564442351686267
10000 1832.1027548308311452 50492.454205331749108 5.04924542053317 23984.62767166813137 477.18800350483041939 -8226.7353359149656171 8.2255539594287139238
11000 1910.8472038041538781 43497.549397022157791 4.34975493970222 24122.528714327756461 497.69771907268756195 -8225.2607331157487351 8.1785310091861678217
12000 1855.9294336468244637 61739.906962981578545 6.17399069629816 23767.904175316900364 483.39388102145721859 -8247.6160379494103836 8.3005572411805985666
13000 1787.8722158355139982 49996.152579603221966 4.99961525796032 23972.503502997093165 465.66775304864523832 -8229.5817148506903322 8.2297140590864046317
14000 1790.8986884845828627 57505.270850763314229 5.75052708507633 23835.434637678616127 466.45602566996149108 -8239.6251694927432254 8.2770401341138484241
15000 1833.5783587822074878 52471.356493804356433 5.24713564938044 23954.980865928970161 477.57233811797613043 -8228.6390720468589279 8.2357339467013819245
16000 1897.0780734226932509 46510.198515064250387 4.65101985150643 24033.922236002072168 494.11142249658007586 -8233.0982975034166884 8.2086830094916294343
17000 1911.8808089656843094 56622.022677851899061 5.66220226778519 23847.93277073684294 497.96693103808769365 -8247.9566766451389412 8.2727023346945465221
18000 1818.7782552175358433 47952.174432131127105 4.79521744321311 23982.073792284492811 473.71751509941537961 -8243.8336486053303815 8.2264299083920082722
19000 1864.6625786576000792 48218.093233919506019 4.82180932339195 23931.433439736822038 485.66850891611096586 -8259.9151148669752729 8.2438375288681786657
20000 1856.9067857857321542 48611.233355509248213 4.86112333555092 23847.688953883840441 483.64844137002762636 -8285.7527597638327279 8.2727869141375691697
21000 1930.3584829251626616 49448.453235015775135 4.94484532350158 23838.435329048090352 502.77961107084644254 -8284.6610293382218515 8.2759982518530197382
22000 1815.1768123103236121 47228.713730625597236 4.72287137306256 23775.708167334069003 472.77948618913853807 -8312.2890446525780135 8.2978327173938701833
23000 1855.7105695731954711 48440.184323137822503 4.84401843231378 23657.173924823124253 483.33687586164364802 -8349.041930559600587 8.3394089985999180215
24000 1831.4718276890403104 53209.506184384539665 5.32095061843845 23563.644350865786691 477.02367273115828539 -8355.2862890873511788 8.3725100486361938579
25000 1844.6008364535994133 48171.279681052023079 4.8171279681052 23651.10115568724359 480.44324374803380806 -8353.5916802992760495 8.3415502648878927516
26000 1786.013040389470234 54219.054926495002292 5.4219054926495 23567.648346845802735 465.18351371385710991 -8345.8537975501512847 8.3710876115697541167
27000 1867.5750906479163405 51324.94959183964238 5.13249495918396 23584.346869134238659 486.42709943630870839 -8362.2732050216545758 8.3651605959167074644
28000 1844.5116468161400007 48057.038602916254604 4.80570386029163 23626.901150517809583 480.42001348711079345 -8362.0317895834305091 8.350094151292859479
29000 1790.3228376073575419 52751.996127167658415 5.27519961271677 23537.517106652652728 466.30604001566609895 -8364.4723454238192062 8.3818037482956118112
30000 1839.1923455323128564 47031.713843315897975 4.70317138433159 23627.467255473082332 479.0345525717897317 -8366.0723722570255632 8.3498940862742543345
31000 1849.6061106958688924 51714.321251804845815 5.17143212518048 23592.771461085936608 481.74691343378970032 -8357.0450677504923078 8.3621735341911573869
32000 1797.509293372180764 48198.206415547632787 4.81982064155476 23670.208144249238103 468.17781847877330392 -8343.6226782368648855 8.3348168257677457404
33000 1864.2907243036765976 53910.141653013095492 5.39101416530131 23552.339853797144315 485.5716560314812682 -8358.16838136858496 8.3765286309040067891
34000 1802.6075369553393557 44615.191429848164262 4.46151914298482 23643.37997522848309 469.50570288395419993 -8369.7400274045212427 8.3442743515019266454
35000 1855.5016696819852768 58139.095187831313524 5.81390951878313 23471.846892643850879 483.28246596473360341 -8363.3663082407565526 8.4052546019266838329
36000 1841.2488523386032284 43959.901879522665695 4.39599018795227 23698.927156177967845 479.57018867325848532 -8354.4152609371667495 8.3247164654322105548
37000 1832.1430856421050066 51905.758482905497658 5.19057584829055 23564.772899005452928 477.19850803535456407 -8361.3643770593789668 8.3721090780569227263
38000 1894.4829180681740581 50072.995193315189681 5.00729951933152 23636.307346470279299 493.4354904293733739 -8350.8420459414865036 8.3467711863027140851
39000 1830.9403821425653405 48929.225173110273317 4.89292251731103 23630.860906031190098 476.88525285343837368 -8352.8395998924297601 8.3486949499906160099
40000 1826.6323566343930906 50083.753554327049642 5.0083753554327 23570.938623212805396 475.76318800971057499 -8371.4769804817879049 8.3699190882379195244
41000 1863.185075478389308 47672.420604680482938 4.76724206046805 23636.472633317123837 485.28367963161770149 -8360.5578752364272077 8.3467128183934189423
42000 1777.4670189110233878 50542.222768278516014 5.05422227682785 23538.606709143517946 462.95762386327061222 -8374.1629515671957051 8.3814157544625462748
43000 1844.0095568876417929 42714.530049845918256 4.27145300498459 23744.18487543953961 480.28923954993490497 -8346.856466564899165 8.3088490990559318305
44000 1835.9003647229280887 57742.828082814899972 5.77428280828149 23504.55222856142791 478.17712590952174878 -8355.0373593468684703 8.3935591366161510507
45000 1827.8279748840068351 43772.971580124220054 4.37729715801242 23681.599736065316392 476.07459777315466454 -8361.5228773959679529 8.3308075176044837917
46000 1880.910364631087532 56269.22854772159917 5.62692285477216 23541.758494869493006 489.90039412539778141 -8353.043922624859988 8.3802936451458567291
47000 1777.729686520381847 39749.955249913982698 3.9749955249914 23702.98746046699307 463.02603805661465231 -8369.5613084328069817 8.3232904476348377187
48000 1840.4410353398595817 56745.648913358578284 5.67456489133586 23556.973720152625901 479.35978531034049865 -8342.6727686873146013 8.374880893182702124
49000 1858.775020887010669 48548.572796058288077 4.85485727960583 23638.91105495048032 484.13504037529958168 -8355.8340344004427607 8.3458518309707550031
50000 1836.0834355718218376 51237.322372604743578 5.12373223726047 23556.255351774234441 478.22480839493539406 -8371.6100179878740164 8.3751362924181336211
51000 1839.9848960620249727 47506.282490444333234 4.75062824904443 23658.273103861043637 479.24097964251637904 -8350.8825270272755006 8.3390215441344253122
52000 1902.1995740105314781 51999.184692080511013 5.19991846920805 23604.805997791332629 495.44536440241216724 -8351.8794412614806788 8.3579102123767992083
53000 1823.4337330931493852 44435.188505149650155 4.44351885051497 23657.813176064188156 474.93007710608628713 -8366.851266092286096 8.3391836617307646407
54000 1869.2999815549337654 57337.215660059591755 5.73372156600596 23519.138169814552384 486.87636312854050402 -8354.4079591175250243 8.3883536754471510477
55000 1877.5197001691826699 40199.254897118458757 4.01992548971185 23711.255706702606403 489.01726439871356433 -8368.6363154861210205 8.3203880701410923848
56000 1865.3009995975328366 52647.455996284668799 5.26474559962847 23572.008400885035371 485.83479151839344468 -8358.6846157187537756 8.3695392329278970323
57000 1919.6082702640965181 50000.570258903979266 5.0000570258904 23664.939938524650643 499.97961936543566708 -8341.793608942964056 8.3366722933847761112
58000 1851.3617496234078317 46891.669659030296316 4.68916696590303 23637.335551023490552 482.20418573060743483 -8361.1148621021711733 8.3464081086571884072
59000 1853.5412213945851363 51077.502627932379255 5.10775026279324 23581.186408419041982 482.77184918749651388 -8363.429123580463056 8.3662817338010277979
60000 1841.5940701319373147 50357.126564618192788 5.03571265646182 23582.766513996852154 479.66010382083470631 -8367.2544747000065399 8.3657211715605761526
61000 1882.2686401848302467 50014.906674806064984 5.00149066748061 23621.927764454751014 490.25416947887669039 -8357.8573033997236053 8.351852189091101053
62000 1796.4242686910247357 47928.845804052594758 4.79288458040526 23633.281595009866578 467.89521382682949024 -8358.4834282050578622 8.347839817208038582
63000 1876.5616084105170103 52891.138889217210817 5.28911388892172 23542.451734509777452 488.76772059322200903 -8366.4070846485010406 8.3800468759555624132
64000 1842.2116903397838996 42960.357731051110022 4.29603577310511 23707.13283542652789 479.82096868124142475 -8356.3353284093427646 8.3218350561270550969
65000 1847.3413013938047698 56948.446024137592758 5.69484460241376 23542.044436986911023 481.15702303254363414 -8344.3472585240815533 8.3801918579405896281
66000 1870.3131626657182096 43141.352611190763128 4.31413526111908 23694.499800512610818 487.14025546218238105 -8360.4635421380262414 8.3262719521871968453
67000 1895.674122629769272 48027.959689043455001 4.80279596890435 23661.499617438847054 493.74575060720161446 -8350.6594609447183757 8.3378844240586591496
68000 1828.6459898239465929 52062.854329715926724 5.20628543297159 23575.299299327623885 476.28765728359843479 -8357.8310323681052978 8.3683709209893244463
69000 1871.216904901044245 49313.468615562684136 4.93134686155627 23634.883155528601492 487.37564343472979544 -8354.4614011894827854 8.3472741460947119663
70000 1868.9561646599886444 48757.515510362114583 4.87575155103621 23608.472638999101036 486.78681285782698751 -8365.427605683755246 8.3566121420414525289
71000 1778.81616747179919 47481.54582785149978 4.74815458278515 23612.565774756658357 463.30902200753433817 -8362.4539691907630186 8.35516355960882251
72000 1877.7824973683536882 52035.549632389993349 5.203554963239 23604.59036598703824 489.08571234491552104 -8350.7424453853163868 8.3579865632573380196
73000 1888.2486792097636226 44555.155671435924887 4.45551556714359 23709.640297749643651 491.81172561248581587 -8350.2106085024861386 8.3209549631521984026
74000 1840.4181449698246524 55409.654946999457025 5.54096549469995 23491.060281157679128 479.35382330305259302 -8372.3342059255664935 8.3983799261865694774
75000 1815.9761619229186635 46146.679613701890048 4.61466796137019 23645.227383092649688 472.98768414350041667 -8360.4843892982898979 8.3436224111417018889
76000 1884.4247331585754637 55057.227422276519064 5.50572274222765 23539.849944061377755 490.81574371307254978 -8358.4736483251108439 8.3809730979141061624
77000 1818.0446403419200578 48198.608992068555381 4.81986089920686 23599.117767338004342 473.52643836154493329 -8365.9768258836884343 8.3599247673218144428
78000 1877.7956420279267604 51508.742068699611991 5.15087420686996 23602.065788843814516 489.08913599232931801 -8352.5868710480917798 8.3588805689782681441
79000 1887.2278500784066182 49794.717823357255838 4.97947178233573 23599.061748687887302 491.54584128158381873 -8367.4710142409949185 8.3599446118268865291
80000 1810.5900294382051925 47008.231732090112928 4.70082317320901 23585.142251655390282 471.58481642758442831 -8376.0092397288644861 8.3648784902395973972
81000 1855.0743147181465247 51312.598443411843618 5.13125984434118 23606.263134789060132 483.17115743608019329 -8353.9718027410963259 8.3573943060630959678
82000 1812.4041684662790885 48222.240307070554991 4.82222403070706 23569.899694549822016 472.05732561332968089 -8377.818219564804167 8.3702880227247149492
83000 1865.3033526557446748 58406.427937350046705 5.840642793735 23471.398450329561456 485.83540439403441269 -8365.3309036504069809 8.4054151919245008173
84000 1834.0303882877567503 37082.136573984564166 3.70821365739846 23810.443571513253119 477.69007335783072676 -8349.0431751866271952 8.2857275849386819999
85000 1812.1644189225435184 55819.697502167393395 5.58196975021674 23451.349805550886231 471.99488064084403049 -8385.2696446664613177 8.4126010121351697535
86000 1819.2807786461451087 43633.291459601845418 4.36332914596018 23700.397098881639977 473.84840194567999561 -8355.8942556708516349 8.3242001510355603244
87000 1845.3256011822440996 57924.009138070563495 5.79240091380706 23442.381083865369874 480.63201538377353472 -8375.3497750461738178 8.4158195536672426584
88000 1809.7756559018730513 45239.233450835876283 4.52392334508359 23632.166869671727909 471.37270535418264217 -8370.528893320413772 8.3482335834087546544
89000 1876.6021003849430144 50166.01479718790506 5.01660147971879 23590.019269482687378 488.77826710017058076 -8361.5198633271829749 8.3631491291460751114
90000 1831.868502857347039 53892.743431912873348 5.38927434319129 23550.718767049416783 477.12699042505130365 -8356.0844355496446951 8.3771052196565563008
91000 1812.4650738794682638 44389.193251088050602 4.43891932510881 23649.740799523875467 472.0731889880480594 -8368.6164496153414802 8.3420300789971086886
92000 1861.8526342309146457 55522.451020558321034 5.55224510205583 23526.363378190122603 484.93663306067981011 -8359.2847278259305313 8.3857775185520626593
93000 1847.6236869300710168 47517.291192495031282 4.7517291192495 23612.686899680640636 481.23057294120144434 -8366.911218643623215 8.3551207005070473599
94000 1842.8753407642684579 52390.324715602575452 5.23903247156026 23603.742834585984383 479.99382253468922954 -8349.4141667070962285 8.3582866705797904672
95000 1892.0263739613324105 51613.917099428610527 5.16139170994286 23578.405275201461336 492.79566093576312369 -8362.2177171729890688 8.3672685581331194271
96000 1819.4742505151691603 40959.24219317434472 4.09592421931743 23715.2432665801025 473.89879347239457275 -8361.5749697138671763 8.3189890524181571152
97000 1872.8859352030822265 53101.824313964119938 5.31018243139641 23499.789200806862937 487.81035771891424702 -8379.0814899314282229 8.3952603754990047236
98000 1926.3684559824914686 48238.04668266367662 4.82380466826637 23635.524731866382353 501.74037187660184145 -8362.3589004247223784 8.3470475628629934306
99000 1819.2795494132644762 46657.079369079168828 4.66570793690792 23632.584542688597139 473.84808178067692097 -8363.8567592645085824 8.3480860400073968464
100000 1895.2328799972447086 53429.907397808739915 5.34299073978087 23524.58384197903797 493.63082490758108634 -8372.9014193021976098 8.3864118674890129057
100000 1895.2328799972447086 53429.907397808739915 5.34299073978087 23524.58384197903797 493.63082490758108634 -8372.9014193021976098 8.3864118674890129057
101000 1815.8582049304970951 42852.601071647681238 4.28526010716477 23656.821250565742957 472.95696116054290314 -8373.423034270919743 8.339533321933320309
102000 1885.4565761541173288 51579.424001024242898 5.15794240010242 23581.181701203560806 491.08449670614282923 -8361.0486034105160797 8.3662834038568956174
103000 1827.5046782313531821 48825.064895309173153 4.88250648953092 23588.157719511793402 475.99039218817159735 -8368.5734593477209273 8.363809139147834415
104000 1903.0045138884916014 46486.072085069070454 4.64860720850691 23629.090787757362705 495.65501839277510499 -8368.6359389547851606 8.3493203730179494926
105000 1858.8728272100208869 48093.412449712253874 4.80934124497123 23598.702042573917424 484.16051493118044391 -8372.0815605269817752 8.3600720393092924354
106000 1809.2611274234898247 51235.427556914481102 5.12354275569145 23603.537938203113299 471.23869168235194138 -8350.7476144998872769 8.3583592267665061115
107000 1869.6445958955189326 48306.464420611875539 4.83064644206119 23650.883720922309294 486.96612110130121209 -8350.5477866396868194 8.341626953059144256
108000 1835.0025254178967771 54985.049774728075135 5.49850497747281 23510.648168587878899 477.94327540943032773 -8366.8340240607140004 8.3913828191986823413
109000 1797.1290674541533008 50562.659470844475436 5.05626594708445 23572.099001482121821 468.07878514331986253 -8363.9441915334718942 8.3695070641655053834
110000 1876.2187248286875274 50917.945217362081166 5.09179452173621 23567.309723025980929 488.67841341248862363 -8366.1450793647636601 8.371207890451662692
111000 1813.8543405841571712 46350.79706783175061 4.63507970678318 23616.245992125375778 472.43503627166694514 -8370.1707290977428784 8.3538615398864326522
112000 1926.9553857184735079 57674.692000377122895 5.76746920003771 23506.267046700781066 501.89324312149915386 -8359.1618480904216995 8.3929468136372360476
113000 1852.1862438060657041 40440.774856389638444 4.04407748563896 23722.461154772892769 482.41893281937552729 -8365.0628193636221113 8.3164578844897683041
114000 1802.6267670734123385 59483.100278044003062 5.9483100278044 23446.341713595396868 469.51071154497287807 -8368.0933018435425765 8.4143979269787827491
115000 1869.1524442574543627 47717.531860311260971 4.77175318603113 23592.149506198875315 486.83793568322329293 -8377.3410831824949128 8.3623939844173946767
116000 1865.8076837612047711 48563.909124794081436 4.85639091247941 23661.983764760461781 485.96676206635129347 -8343.8061529494843853 8.3377138227915814639
117000 1859.3253650033045687 46965.069758364363224 4.69650697583644 23652.873698233441246 484.27838255924774558 -8357.5348690023147356 8.3409251504542556432
118000 1838.8531112344871872 52204.886528323637322 5.22048865283236 23591.437078145620035 478.94619588061999593 -8353.5949945366301108 8.3626465168954773333
119000 1812.9240858961243248 50426.168262603263429 5.04261682626033 23609.68556143251044 472.19274288710488463 -8356.8270027233666042 8.3561828299988150093
120000 1848.7280337642748691 50231.34908149682451 5.02313490814968 23580.432321364885865 481.5182102255191694 -8363.9301089673990646 8.3665492821080693631
121000 1869.1602764402232424 50037.390899101927062 5.00373908991019 23540.551907031178416 486.83997564722028528 -8379.5415665908803931 8.3807231830952488849
122000 1854.1921477898079047 46292.863725750001322 4.629286372575 23607.568206155305234 482.94138895056158844 -8377.2155980713541794 8.3569322933767402617
123000 1861.4812638473442803 50338.183444920774491 5.03381834449208 23617.864377894999052 484.83990623057735547 -8352.1254614271019818 8.3532891015651156152
124000 1863.424007509340754 53611.378260740566475 5.36113782607406 23489.417852008213231 485.34591167538405898 -8382.2296257251109637 8.3989671584494534073
125000 1847.0852581571184601 52185.023042228262057 5.21850230422283 23536.031103624958632 481.09033421795442109 -8371.6635187183928792 8.3823329533129182778
126000 1849.9625012987014543 49072.323414895829046 4.90723234148958 23608.222218795755907 481.83973864230222262 -8362.650713792318129 8.3567007833839674902
127000 1880.0839830774225447 44860.179283456309349 4.48601792834563 23572.510919844829914 489.68515545350186358 -8395.2771515471249586 8.3693608110294572811
128000 1843.3663287940403279 49234.41144171085034 4.92344114417109 23623.89036165023208 480.12170488029124726 -8357.1217354345353669 8.3511583439439878163
129000 1839.3547825669406848 51588.407479123961821 5.1588407479124 23537.39487314877988 479.07686079060817974 -8376.1458106040554412 8.3818472763600571085
130000 1849.5106656581781408 45600.624970613775076 4.56006249706138 23665.106970756656665 481.72205389637565531 -8357.9275041196378879 8.3366134517753813782
131000 1833.2790356068119308 54977.613078441288962 5.49776130784413 23546.520528979672235 477.49437664551334137 -8355.1454322656900331 8.3785988196134635331
132000 1795.3773954681043961 52639.063660717583844 5.26390636607176 23553.942309127753106 467.62254607287803765 -8357.7861234436822997 8.3759587469847716079
133000 1832.8141737871681016 48115.827051225700416 4.81158270512257 23655.080545468412311 477.37329911149589634 -8347.2396992163230607 8.3401470027083632885
134000 1823.3523965487718215 48213.571885037665197 4.82135718850377 23555.464867222886824 474.9088922554433907 -8380.9815308295765135 8.3754173488902470268
135000 1822.0287888911284426 59380.707482500132755 5.93807074825001 23455.054073746916401 474.56414647417699371 -8365.8132392234620056 8.4112724059304184721
136000 1812.8707342829231948 38742.49888060457306 3.87424988806046 23766.513432225972792 472.17884696902927999 -8353.8651711858256022 8.3010429641986984706
137000 1883.276068004824765 57882.869350835222576 5.78828693508352 23501.805686661016807 490.51656331504705122 -8356.5123124752644799 8.3945400511113881237
138000 1798.4536886469618366 49177.780485358714941 4.91777804853587 23645.338849379560997 468.4237949091366886 -8343.5394167361064319 8.3435830785436166934
139000 1833.1162903934582573 50942.58560110196413 5.0942585601102 23595.983561405908404 477.45198815871287934 -8355.220137075666571 8.3610351989225755176
140000 1850.1201596055525442 50760.764963389570767 5.07607649633896 23529.791514118533087 481.88080219754431255 -8378.7882491811869841 8.3845557658993978833
141000 1870.0995249853908717 51460.389012318548339 5.14603890123186 23583.965894610541 487.08461156454615093 -8359.7786372686841787 8.3652957264154501615
142000 1858.5338052069423611 44436.310717018342984 4.44363107170183 23672.346515620414721 484.07221353412904818 -8362.5236303507335833 8.3340639247542167567
143000 1885.5984276143085481 54429.986342100717593 5.44299863421007 23520.682842751848511 491.12144322287304021 -8368.5326290693737974 8.3878027874054410518
144000 1810.8142255689240301 44154.846288345383073 4.41548462883454 23682.935503804354084 471.64321037068020814 -8357.7408260484480707 8.3303376424101536202
145000 1859.5650768321800115 55218.537068263722176 5.52185370682637 23519.764251749897085 484.34081770855146942 -8363.2011025523406715 8.3881303825328483725
146000 1891.6424105746223177 47303.906301539696869 4.73039063015397 23585.700898648541624 492.69565414223586686 -8378.6489732880800148 8.3646803611173492499
147000 1831.1378451191444583 52553.290916029574873 5.25532909160296 23577.393994811212906 476.93668390080267727 -8356.9031084302278032 8.3676274465927455992
148000 1832.1967149285430878 50206.319508961314568 5.02063195089613 23599.264210515408195 477.21247627597711016 -8358.7014741544335266 8.3598728905372308162
149000 1825.5446062815424284 47086.034650268033147 4.7086034650268 23620.248951901176042 475.47987343151902451 -8366.2769872116405168 8.3524457981732584955
150000 1901.7458949728759308 58594.336084303482494 5.85943360843035 23493.049720109960617 495.32719952675768127 -8359.2785242976970039 8.397668734393240797
