step temp press pressGiga vol ke pe density
250000 2450.6803308793414544 -2451.925115039857701 -0.245192511503986 27013.049243485384068 648.43902869737462424 -7888.9217859260834302 7.4193174043803811202
251000 2376.2888660060152688 8594.3182403917089687 0.859431824039171 26777.089921441303886 628.75538060259202666 -7891.4767021996176481 7.4846963200841987174
252000 2388.975229470686827 1143.722394759104418 0.11437223947591 26912.044850774971565 632.11213550002969441 -7892.6305675366374999 7.4471630643036794694
253000 2419.8523016549643216 -2676.988849247797134 -0.26769888492478 26934.852786666520842 640.28207037236268206 -7911.3579620611717473 7.4408569441592762317
254000 2438.481564639293083 -6133.4377652446719367 -0.613343776524467 27142.330828895414015 645.21128983958374192 -7869.7586788644166518 7.3839784674723771829
255000 2433.7674660703664813 5008.3444898107891277 0.500834448981079 26844.059013900136051 643.96396049242173376 -7889.275706451008773 7.4660239084482959981
256000 2369.4286167660015963 7102.5293801663056001 0.710252938016631 26864.397076039265812 626.9401894094509089 -7877.5026101740349986 7.4603716521273204521
257000 2385.4469513592798648 3371.0662632976354871 0.337106626329764 26906.75570015402991 631.17856892967495241 -7881.7761983313384917 7.4486269779610809749
258000 2445.5263210055204581 -9793.4802677752977615 -0.97934802677753 27098.643115925391612 647.07530079114133059 -7895.0235063289210302 7.3958827215150515499
259000 2350.8994573698455497 -4053.0325758394042168 -0.40530325758394 26979.068718203710887 622.03745690287746584 -7895.3292555639409329 7.428662141415807163
260000 2505.2368034269406962 4785.3626097764527003 0.478536260977645 26933.461946337716654 662.87442674671001441 -7881.4860406397529005 7.4412411890045699892
261000 2442.6628429500178754 1457.0782549852438024 0.145707825498524 26930.780974121422332 646.31763733515731474 -7894.242615984450822 7.4419819681487631158
262000 2371.1579549418011084 -3223.2403074493613531 -0.322324030744936 26924.950922493135295 627.39776453782440058 -7908.3623367146428791 7.4435933782945413739
263000 2388.3060906729824637 1479.5028673499589331 0.147950286734996 26975.191563411106472 631.93508437403011158 -7878.280823976474494 7.4297298659195067927
264000 2432.5354270662351155 -8899.5600350872646231 -0.889956003508727 27150.07470915405429 643.63796849538732658 -7880.0311395824755891 7.3818723721596741782
265000 2400.6098276036354946 -1088.1354390251367477 -0.108813543902514 26929.1106132794921 635.19059800595209708 -7894.8043460317676363 7.4424435799503729783
266000 2500.046140736936195 1028.7368419400438597 0.102873684194004 27004.78468325855647 661.50100066963591416 -7868.9480624860725584 7.4215880166533416684
267000 2370.3091877836754975 -1741.6440343151350589 -0.174164403431514 26973.255448856645671 627.17318455296458524 -7893.3080992065106329 7.4302631648443027146
268000 2367.4838610589513337 5296.1592544506847844 0.529615925445069 26891.770082085586182 626.42561576806497214 -7879.5720648005171824 7.4527777749776147331
269000 2441.8479776790609321 8197.0737769797979126 0.81970737769798 26656.161009590803587 646.10202763765380496 -7931.5969506011442718 7.518651553967786505
270000 2447.1156084350791389 1513.589999936247068 0.151358999993625 26951.594303728586965 647.49581911993300309 -7886.4891103277795992 7.4362349083686209994
271000 2436.9927278309387475 4612.7186369931478112 0.461271863699315 26821.620947107490792 644.81735029482399568 -7905.3233949277901047 7.4722697331679732713
272000 2426.2731898428610293 -2883.0340386807883988 -0.288303403868079 26946.477902734884992 641.9810086008504868 -7898.5593836801526777 7.4376468465006437825
273000 2349.8405650701374725 -2315.4432431418704255 -0.231544324314187 26979.490870387831819 621.75727874758479174 -7891.532141619119102 7.4285459040129904196
274000 2383.0941820173566157 3095.2435397579620258 0.309524353975796 26859.8134295186901 630.5560367097021981 -7898.1027110941122373 7.4616447699267123284
275000 2382.3861187454167521 -6007.3545933432969832 -0.60073545933433 27049.317540649099101 630.36868634232564546 -7893.4337454427941339 7.4093694266552647676
276000 2355.146826474765021 -1831.2651566794895643 -0.183126515667949 26955.516302991774864 623.16129172629769073 -7896.2634536355380988 7.4351529440128398818
277000 2357.8199236392310922 5610.3927329014095449 0.561039273290141 26771.14801932410046 623.86858125202627434 -7907.6071147438196931 7.4863575612412391891
278000 2484.9435145845859552 1630.8157303642781244 0.163081573036428 26885.560365418281435 657.50491349759113291 -7903.020194645673655 7.4544991316366537859
279000 2414.55401408978787 7290.0897107278506155 0.729008971072785 26804.054141716460435 638.88016723582029499 -7894.2459573723044741 7.4771668993778996892
280000 2468.519562273252177 -5536.8566528770807054 -0.553685665287708 27081.700331571191782 653.15920934762880279 -7885.4418885271443287 7.4005097148177396704
281000 2433.6091517531558566 171.08293930103579328 0.0171082939301036 27088.457274025942752 643.92207123384014267 -7855.1396095203208461 7.3986637323103936481
282000 2433.7500927101664274 1270.9962103283939996 0.127099621032839 26967.834102178312605 643.95936357920072624 -7873.8474722083501547 7.4317568714718067469
283000 2378.01080334156768 1993.334296919422286 0.199333429691942 26929.045744117385766 629.210997501815541 -7883.396868674628422 7.4424615079929647976
284000 2363.7494106258545798 6012.5845737809013372 0.60125845737809 26890.435523058004037 625.43749692569974741 -7878.5263510566110199 7.4531476526559305995
285000 2473.7809186764511651 172.95928484311733087 0.0172959284843117 26976.742694209558977 654.55134066428115602 -7887.4771177783595704 7.4293026652396525478
286000 2379.5752887619491958 -8560.6928141790103837 -0.856069281417901 27094.294852805182018 629.6249533301709107 -7890.0166119755876935 7.3970696593650338002
287000 2424.3451448891578366 -2749.0218292310983088 -0.27490218292311 26968.559174943140533 641.47085654988291026 -7903.4510230522591883 7.4315570623360143188
288000 2407.462169467467902 3266.2777506502666256 0.326627775065027 26933.296804975172563 637.00369694280584554 -7879.2662395569432192 7.4412868149343571744
289000 2396.2101411323333195 3231.8552069618494897 0.323185520696185 26923.287563776961179 634.02646069025388442 -7887.0974704980817478 7.4440532540023696129
290000 2345.4124465300546944 3407.0227094052215762 0.340702270940522 26861.870839669354609 620.58561843395352753 -7887.5891674528738804 7.4610732660362373281
291000 2341.8701713525051673 -3642.844344294502207 -0.36428443442945 27021.221789660045033 619.64834830264885568 -7890.1975836890596838 7.4170734379696927618
292000 2388.923451543605097 -920.51257067121071032 -0.0920512570671211 26988.662552768637397 632.09843529265390316 -7890.7746767506832839 7.4260214268015083405
293000 2392.2877743350522906 -2357.3240589736828952 -0.235732405897368 27005.733466457728355 632.98862002038936225 -7893.7153730208574416 7.421327276539390283
294000 2458.7196215780736566 -4043.1383511908670698 -0.404313835119087 27103.267578419188794 650.56618897463170015 -7868.4621258886763826 7.3946208079042587968
295000 2428.9919557758312294 5925.897422504493079 0.592589742250449 26826.617746090410947 642.70038187798377294 -7894.7884219503021086 7.4708779278291039816
296000 2376.8149381204434576 -257.03596840469407425 -0.0257035968404694 26971.290989196539158 628.89457692559108182 -7888.4474269161637494 7.4308043496269355899
297000 2401.6041041322228011 -3675.3284370338283225 -0.367532843703383 26971.78379029559801 635.45367911789071513 -7904.2012269651904717 7.4306685815005533158
298000 2488.1939105521032616 5767.0305397944139258 0.576703053979441 26843.355524335405789 658.3649536984697761 -7893.1835833973636909 7.4662195721351576339
299000 2392.0171149043649166 1409.1291301931844373 0.140912913019318 26889.397534189523867 632.91700474844572 -7896.9835997903937823 7.4534353602659191296
300000 2369.0662642833449354 3429.1665268906813253 0.342916652689068 26790.282381642180553 626.84431256703317104 -7913.2295476006529498 7.4810105971451221762
