step temp press pressGiga vol ke pe density
0 2283.0115345202380013 6122.5487380799595485 0.612254873807996 26619.651446052699612 604.07461687098873426 -7937.1065750293491874 7.528963585557935545
1000 2435.3753281133131168 1841.406674899923928 0.184140667489992 26833.530552192602045 644.38939358064237695 -7911.2291093005169387 7.4689532936320581769
2000 2399.5303277456973774 1170.294275862812583 0.117029427586281 27021.057225526652473 634.9049671831392061 -7871.1607752334784891 7.4171186095650316616
3000 2433.4040064352593618 -1684.3555825732812536 -0.168435558257328 27071.90768829199078 643.86779070242914713 -7871.2779737408500296 7.403186679904792733
4000 2365.2256814529860094 1901.319733491037141 0.190131973349104 26885.799307344259432 625.82811156816353559 -7892.028376540823956 7.4544328813325675398
5000 2411.9465370528437234 -6309.68248334069267 -0.630968248334069 27071.287868908322707 638.19024050164682649 -7890.3885902420479397 7.4033561819479656307
6000 2391.4582218930017916 97.483778328192400409 0.00974837783281924 26960.991014950934186 632.76912416325990307 -7888.4075194591205218 7.4336431582368573956
7000 2355.4201225035999414 6830.9243464712453715 0.683092434647125 26830.321902628889802 623.23360463029075618 -7884.9764932220732589 7.4698465089208641032
8000 2445.2373282514067796 5747.6844214609773189 0.574768442146098 26833.13901322169113 646.99883460401088087 -7895.5039989521028474 7.469062277761158164
9000 2378.5969160807903791 -4356.9333664524820051 -0.435693336645248 27030.128845905474009 629.36608030496199717 -7889.8535256262193798 7.4146293397315714557
10000 2411.86282974248752 1744.5916238839483867 0.174459162388395 26939.541697285239934 638.16809192260188865 -7883.6653344358946924 7.4395618399763661088
11000 2357.7099844540225604 -4527.6653623911815885 -0.452766536239118 27106.536589912324416 623.83949183649781389 -7877.8009957732865587 7.3937290266791571014
12000 2380.7919925031319508 -1062.4334224008809997 -0.106243342240088 27014.27074310640819 629.94688768537992019 -7878.1147057089256123 7.418981926384921266
13000 2406.5299219134926716 -416.13406119413622264 -0.0416134061194136 27096.839949172586785 636.75702841946224453 -7855.3654648414230905 7.3963748825883017801
14000 2367.0582532424023157 3332.2544515025410874 0.333225445150254 26902.20576193618399 626.31300184788472052 -7885.9381315501123026 7.4498867554253314083
15000 2380.8579048918818444 -2076.1289886992608444 -0.207612898869926 27007.564223931316519 629.96432780794566497 -7883.6233267969546432 7.4208242082040598575
16000 2360.9201402635053455 -8232.0583755074676446 -0.823205837550747 27087.632263697989401 624.68888467196461534 -7896.4339050256130577 7.3988890740432102788
17000 2408.8349952893049704 1697.7548423124137571 0.169775484231241 26924.051172568815673 637.36694050063181294 -7888.593280476824475 7.443842128846078765
18000 2435.7884745797414325 4474.4573765130817264 0.447445737651308 26917.624519210530707 644.49871028344728074 -7881.8700626245790772 7.4456193656517166701
19000 2417.9161207620845744 -7919.3975236465685157 -0.791939752364657 27113.568220467885112 639.76976558836383902 -7887.2881551462724019 7.3918115376005975037
20000 2345.8940855045116223 731.09828737411010025 0.073109828737411 26823.350289705293108 620.71305794731813421 -7914.287461773476025 7.4717879844597661076
21000 2365.0959263528934571 4209.7911978872953114 0.42097911978873 26872.326889677660802 625.79377895039510804 -7885.5184731755507528 7.4581701547609995373
22000 2393.0742433774312303 132.07193932163286831 0.0132071939321633 26828.438576499778719 633.19671620311657989 -7918.98814015192238 7.4703708837207836169
23000 2388.6933480134807724 481.49461552672573816 0.0481494615526726 26812.497123008310155 632.03755093017969102 -7918.3172554737557221 7.4748124159458688709
24000 2407.4804679024200595 -3050.3869356316913581 -0.305038693563169 27032.239994472569379 637.00853862665894667 -7887.590021745748345 7.4140502762092985733
25000 2511.5251413489736478 5664.7263079985832519 0.566472630799858 26910.95407795679057 664.53829276909766577 -7885.7745545779171152 7.4474649177058136473
26000 2405.3089649695011758 3507.43224119406932 0.350743224119407 26852.553882469714154 636.43396868585796256 -7902.7589920441005233 7.4636620142270908573
27000 2424.7088443662646569 375.12885946589494779 0.0375128859465895 26864.874207345663308 641.56708980099324435 -7909.8483007721642934 7.4602391528330702641
28000 2365.6439076216543071 -460.76015448298858246 -0.0460760154482989 26916.361547562828491 625.9387723374078405 -7904.7799228311223487 7.4459687295931162865
29000 2422.9967136887407833 -673.56120228475788281 -0.0673561202284758 26923.266057236196502 641.11406769951906881 -7899.6779490256212739 7.4440592003773158325
30000 2434.3435685247181937 2831.3079295749685116 0.283130792957497 26948.924390853149816 644.11639461906929682 -7881.5117835858609396 7.4369716390462050626
31000 2388.6040333505998206 1611.7659849923106776 0.161176598499231 26851.705340702788817 632.01391867079553322 -7899.1986788941176201 7.4638978736957142246
32000 2409.6616980067892655 998.31772455143061507 0.0998317724551431 26922.448372606082557 637.58568233341691212 -7891.8975896325491703 7.4442852902451299713
33000 2357.3494241718217381 2802.5110080706249391 0.280251100807063 26823.826173845252924 623.74408920228597708 -7909.3010156744730921 7.4716554267338137763
34000 2447.3112163544792566 -1284.9015224425429551 -0.128490152244254 26849.060181301741977 647.5475760984597855 -7922.3876193328769659 7.4646332141320552722
35000 2368.916178966208463 904.48544325985324122 0.0904485443259853 27021.860979122164281 626.80460066497903426 -7870.8555972083831875 7.4168979905723064761
36000 2415.7228669475089191 4881.9613078318880071 0.488196130783189 26870.725864313153579 639.18944046178967255 -7891.6949311550251878 7.4586145312788083572
37000 2398.3613945991637593 -7248.9396678318098566 -0.724893966783181 26905.042528029960522 634.59567271310993419 -7931.9121957195238792 7.4491012674957639561
38000 2351.6780608822887189 5624.9727028382030767 0.56249727028382 26923.10141145653688 622.24347190164633048 -7873.650988568624598 7.4441047238447701773
39000 2438.3834497350785568 -2089.2602080075625963 -0.208926020800756 27113.598363487650204 645.1853290757958348 -7867.2826833493436425 7.391803319896760982
40000 2332.4356888983029421 -24.574448059841973446 -0.0024574448059842 26960.740501975877123 617.15202654179711317 -7883.3859526461210407 7.4337122299325315566
41000 2409.2720471286074826 -3593.1636435187642746 -0.359316364351876 26936.969785087301716 637.48258245792703747 -7913.0915681958094865 7.4402721611444926353
42000 2379.997213454879784 2366.2151446700499946 0.236621514467005 26907.094164448120864 629.73659271235385404 -7897.398430613857272 7.448533281694341035
43000 2376.0393955796071168 -3026.3516979644523417 -0.302635169796445 26963.4877630431547 628.68937184618641822 -7903.4907891628427024 7.4329548224200419071
44000 2293.2226526923777783 -3271.2731606214238127 -0.327127316062142 26987.693832806507999 606.77643296100507087 -7894.9600077714785584 7.4262879829303836132
45000 2361.9945532097904106 -1701.2623879410652989 -0.170126238794107 27000.351499960775982 624.97316952075959762 -7886.8195674669468644 7.4228065659762449968
46000 2466.0633929078608162 6135.5042968997813659 0.613550429689978 26958.011008685109118 652.50931794500797878 -7860.9901724254714281 7.4344648918277487226
47000 2349.378971435679432 -2305.8270601299673217 -0.230582706012997 27051.442752538023342 621.63514314131680294 -7871.1245303281084489 7.4087873327485178621
48000 2365.8877920437630564 -5546.4429221286154643 -0.554644292212862 27018.872956673403678 626.00330306211878906 -7893.7133296926695039 7.4177182267728154486
49000 2351.891831532310789 1581.573723172211885 0.158157372317221 26990.572041343006276 622.3000346572688386 -7874.4260256455090712 7.4254960617575305193
50000 2386.0927119381653938 2083.3264441445476223 0.208332644414455 26908.302728066912096 631.34943428378392127 -7888.540130878558557 7.4481987371328131076
51000 2388.0747283860869175 696.4979773152585949 0.0696497977315259 26972.317856238809327 631.87386695015754867 -7878.0113981254653481 7.4305214503920655744
52000 2426.6939197195765701 1478.8562897921374315 0.147885628979214 26921.610178224324045 642.09233184001959671 -7897.4081472020970978 7.4445170653159813412
53000 2358.8616491267530364 -5561.1965293280363767 -0.556119652932804 27139.896838966793439 624.1442171457765653 -7867.2796628868491098 7.3846406855098889466
54000 2426.3624819944989213 -854.26050921153057516 -0.0854260509211531 26941.885694058004447 642.00463490386073317 -7896.0156258247725418 7.4389145835392440631
55000 2330.4818604948536631 -1938.5157212655192325 -0.193851572126552 27020.022937764628296 616.63505230561861481 -7877.4012546362955618 7.4174025262376801493
56000 2396.1903303694075476 -587.85160598673712684 -0.0587851605986737 26938.647836022715637 634.02121885119913713 -7896.4192534755948145 7.4398086948363193471
57000 2485.613770411614496 5610.0376109549169996 0.561003761095492 26886.135252859028697 657.68226018454197401 -7883.5623482115915976 7.45433973729129562
58000 2466.1490453507449274 -2785.1566729025880704 -0.278515667290259 26975.619032585436798 652.53198119739931826 -7899.7828036035534751 7.4296121306976585785
59000 2386.4226485425506326 -445.820819001982386 -0.0445820819001982 27043.563038469288585 631.43673403013735879 -7874.0949746192436578 7.4109460396354425171
60000 2388.575525862572249 -8237.6820414207122667 -0.823768204142071 27132.376742331423884 632.00637571726781516 -7880.9357697320674561 7.3866874362276710997
61000 2331.3129360233633633 -7687.2178117223529625 -0.768721781172235 27032.618755046314618 616.85495116459696874 -7897.6466672603201005 7.4139463961538059067
62000 2439.5146717874513342 -1729.2817678118260574 -0.172928176781183 27141.013367198524065 645.48464535937591791 -7855.8390496709471336 7.3843368958283832626
63000 2417.8124171944878071 3562.6717545350215914 0.356267175453502 26838.211388191364676 639.74232608930003607 -7901.0398863179016189 7.46765063806592444
64000 2431.1079606891812546 -5472.9534223265545734 -0.547295342232655 27020.996047611075483 643.26026729161469575 -7902.8474034280716296 7.4171354025750053651
65000 2412.120940374062684 -1466.1119473218964231 -0.14661119473219 27178.427282045042375 638.23638683855904219 -7848.1669858547647891 7.374171592702067457
66000 2318.435169550268256 -5065.996744863398817 -0.50659967448634 27043.975654724810738 613.4475518892254513 -7883.9239509290364367 7.4108329691001113559
67000 2379.9845959016479355 -1235.6418354636650747 -0.123564183546367 27080.174202276248252 629.73325416433556256 -7863.3768093821090588 7.4009267776692908569
68000 2398.5584873484922355 5544.7443224975722842 0.554474432249757 26793.89068367580694 634.64782257097908769 -7906.7534917503526231 7.4800031381661353791
69000 2387.7290532423216973 2991.6538296197209092 0.299165382961972 26837.451072624655353 631.78240285684285027 -7905.9019655444280943 7.4678621995518312815
70000 2417.2952374923015668 718.91713445950063033 0.0718917134459501 26947.254851106834394 639.60548265871375406 -7886.6085441674185859 7.4374324028535845343
71000 2319.9916571662383831 444.63018001271314006 0.0444630180012713 27027.915456943079334 613.85939153438926041 -7862.2078951920011605 7.4152365437450278307
72000 2420.5565545125864446 689.11959110513828364 0.0689119591105138 26852.033495614472486 640.46841252119361343 -7910.8135265637902194 7.4638066584531905789
73000 2350.0384650673536271 497.01173266376201809 0.0497011732663762 26895.214357291548367 621.80964219962584139 -7903.6167013257572762 7.4518233517346956774
74000 2393.3639025192005647 2500.2452955661724445 0.250024529556617 26962.240546527431434 633.2733587134332538 -7879.1972432214988658 7.4332986552702511318
75000 2414.9353392569414609 4049.6039685630562417 0.404960396856306 26865.79206167825032 638.98106416549785536 -7899.0583058721604175 7.4599842780535423614
76000 2300.8090771776642214 1094.3933890667801734 0.109439338906678 26860.025395264234248 608.78376686846740995 -7902.3332194417725987 7.4615858863972528425
77000 2422.0177972265564676 -5726.7086404071242214 -0.572670864040712 27062.461882566847635 640.85505079228869363 -7890.1658204730647412 7.4057706674011551939
78000 2422.5079224747964872 -836.54355897938819453 -0.0836543558979388 26929.849292485592741 640.98473573565081551 -7901.0844614873649334 7.4422394355359209328
79000 2442.1982057739014635 1763.5242263471805018 0.176352422634718 26907.164425923077943 646.19469642141132226 -7888.9290508551566745 7.448513831672541663
80000 2401.9928245068458637 2740.5286661933964751 0.27405286661934 26918.450264278337272 635.55653278631052672 -7887.4274619258012535 7.445390965301489139
81000 2321.7333246806406351 -2065.8426509547407477 -0.206584265095474 26952.515983648365363 614.32022895048237388 -7894.7007457330782927 7.4359806156562839874
82000 2394.3390400455546114 3601.9610761072253808 0.360196107610723 26892.357228366254276 633.53137573118465298 -7888.039366794052512 7.4526150569713776051
83000 2421.526851464082938 6205.0591564602173094 0.620505915646022 26901.116094963297655 640.72514874453884204 -7878.4657825159429194 7.4501885234085056808
84000 2500.3697991731414731 6186.2643011523377936 0.618626430115234 26758.907536291473662 661.58663924083521124 -7910.3912440115009304 7.489782089413036914
85000 2463.5234898240551047 -1551.722234766704787 -0.15517222347667 27001.893470654078556 651.83727097588837296 -7891.5917312989467973 7.4223826790292344313
86000 2409.5754145795808654 -1903.9624962311286254 -0.190396249623113 26943.759822228264966 637.56285212540217344 -7896.8632015014518402 7.4383971546626073135
87000 2405.4583405145344841 2495.1747731172708882 0.249517477311727 27001.976784796708671 636.47349278539559236 -7865.3020621691393899 7.4223597773930283239
88000 2388.4221734852035297 -961.16828810107062964 -0.0961168288101071 26961.524644929086207 631.96579936572311453 -7893.6997457336365187 7.4334960295084808735
89000 2391.1822968028632204 -4728.4723303746068268 -0.472847233037461 27061.077378486141242 632.69611562143245465 -7883.509084742473533 7.4061495628740292574
90000 2445.0203989118913341 -190.66587096860178008 -0.0190665870968602 26944.82846518862425 646.94143607330943269 -7898.4837852145710713 7.4381021447772797117
91000 2354.4459030443413212 3000.0091986920251657 0.300000919869203 26881.08212485052718 622.97583052897698508 -7898.0222175764120038 7.4557410102287624554
92000 2358.7783636712556472 -4389.0041493886810713 -0.438900414938868 27154.93144675340227 624.12218018763599048 -7858.4779365168687946 7.3805521030522465153
93000 2340.4285278199467939 3837.86379682982124 0.383786379682982 26869.881772985871066 619.26689588708848078 -7891.3274401942426266 7.4588488364347664827
94000 2446.3463014611338622 5821.8290350941042561 0.58218290350941 26851.986864694263204 647.29226394357260688 -7897.0021867597115488 7.4638196200330728658
95000 2441.2677750902448679 -2644.1680493712938187 -0.264416804937129 26975.434846665604709 645.94850863380861483 -7894.8804742404845456 7.4296628594422395864
96000 2366.2881231055193894 -5698.7288523964616616 -0.569872885239646 27135.849257428504643 626.10922886630135054 -7864.8245568908532732 7.3857421780418528456
97000 2327.9853671846731231 916.44046069878936578 0.0916440460698789 26843.44836698439758 615.97449136798627478 -7910.841248774469932 7.466193748940106012
98000 2408.7724685786356531 -3960.6010411725906124 -0.396060104117259 26998.295571738868603 637.35039621330759019 -7896.8362065766050364 7.42337181489961484
99000 2478.8813192476659424 1868.0579827786680198 0.186805798277867 26884.198133454014169 655.90088378938526148 -7897.2602747757846373 7.4548768537819940505
100000 2405.5334557062719796 3592.9337563200256227 0.359293375632003 26882.953900041469751 636.49336792837402754 -7887.9801493905506504 7.4552218905254399317
101000 2382.0744467773033648 2209.6320083452919789 0.220963200834529 26916.383282066588436 630.28621933684587475 -7889.5805756854624633 7.4459627171049733718
102000 2392.626174436846668 4172.1025312222118373 0.417210253122221 26768.085359468743263 633.07815917021389396 -7923.7158819825190221 7.4872141098683737681
103000 2389.1542543243285763 -6123.8981225162660849 -0.612389812251627 27144.626861003143858 632.15950467370180377 -7865.5694735320903419 7.3833538926078592368
104000 2390.9966363468952295 -4566.3991177978050473 -0.456639911779781 26986.017455476659961 632.6469906971334467 -7895.0826178961906407 7.4267493055705271487
105000 2465.8700222759784992 884.83241558294241713 0.0884832415582942 26952.143488833884476 652.45815294272824758 -7892.5163827777741972 7.4360833853755483602
106000 2442.5114252629564362 5285.1963587712325534 0.528519635877123 26823.897226958637475 646.27757289399426099 -7897.2012935447692143 7.4716356352629587079
107000 2341.5888782361826088 -2001.5560885274028351 -0.20015560885274 26973.609037018861272 619.57391940515890383 -7889.4440059064809248 7.4301657639702245461
108000 2397.9146889239964366 -1249.1510413213475204 -0.124915104132135 26969.527050711854827 634.47747639412489207 -7893.0062351366650546 7.4312903604397986257
109000 2419.9042127914731282 -4402.8077545306978209 -0.44028077545307 27091.573795970180072 640.29580582635571773 -7884.0401144972911425 7.3978126153522785202
110000 2374.4355401461225483 -5468.2517182959863931 -0.546825171829599 27061.71959633073493 628.26499888886712597 -7887.1436542693736556 7.4059738031115323054
111000 2461.5754768431738739 -3162.4046982677532469 -0.316240469826775 27078.41225704844328 651.32183547444981286 -7874.643599138738864 7.4014083431131378887
112000 2421.9404151069211366 2092.4495327577260468 0.209244953275773 26904.736416212504992 640.83457583035158223 -7897.1257742554407741 7.4491860205255697736
113000 2400.2202588633108462 -6045.3828826141743775 -0.604538288261417 26970.894470517388982 635.0875198637709218 -7912.3480166638328228 7.4309135952705664963
114000 2391.5696868587783683 634.83152149726413427 0.0634831521497264 26915.734677502230625 632.79861729348624522 -7892.8306551188179583 7.4461421469240809401
115000 2372.9902677326385856 3243.1140777834170876 0.324311407778342 26961.459909696721297 627.88258628768278413 -7869.5544061531954867 7.4335138775439490999
116000 2399.2291300078495624 -6790.7632214802815724 -0.679076322148028 27033.624581099193165 634.82527161202983734 -7901.1670942762530103 7.4136705492943688611
117000 2361.535606886635378 -4859.3092579677386311 -0.485930925796774 26955.604855752226285 624.85173438119409184 -7909.6585015769824167 7.4351285185428466207
118000 2378.6521080289394376 273.92430647079487471 0.0273924306470795 26933.201965833635768 629.38068384700659408 -7896.0726468091907009 7.4413130177324635639
119000 2442.5537214080527519 -4482.1717706427534722 -0.448217177064275 27049.588594761407876 646.28876426436534075 -7880.7886310041649267 7.4092951800527453443
120000 2326.2422252355718229 -2929.2180160443635941 -0.292921801604436 26955.152174844766705 615.51326382308184293 -7894.7036017901282321 7.4352533830104263757
121000 2449.1398036725286147 -5193.0270245196634278 -0.519302702451966 27180.913958613538853 648.0314121049204914 -7870.3820004418084864 7.3734969582972214042
122000 2405.5420348613401984 5721.4683609248440916 0.572146836092484 26789.715545561870385 636.4956379343431081 -7901.9474215785867273 7.4811688857509279771
123000 2355.4325587270855067 4644.6574024066994753 0.46446574024067 26742.433656555451307 623.23689519927108904 -7914.2436127986047723 7.4943959465875407133
124000 2352.1887616995963981 -972.31244751501481005 -0.0972312447515015 26990.186862489805208 622.3786010483396467 -7886.8127836318017216 7.4256020315335860005
125000 2431.178836820858578 -2187.8949826813441177 -0.218789498268134 27019.028727169239573 643.27902079830573712 -7885.4288606503960182 7.4176754620362350678
126000 2405.9881408940686924 -2932.4170293662677977 -0.293241702936627 27018.921940146839916 636.61367559062728105 -7888.8115048197050783 7.4177047789526344701
127000 2370.2481250351565905 2279.1873422832977667 0.22791873422833 26865.225347998697544 627.1570276234621133 -7896.7146677976870706 7.4601416441312453642
128000 2382.2918782159990769 2036.3327540662737647 0.203633275406627 26766.709477782933391 630.34375072073942192 -7918.6751731775420922 7.4875989730425356328
129000 2386.5537528890044996 -7286.2390055942432809 -0.728623900559424 27120.097853758441488 631.47142365244405937 -7875.8300257202072316 7.3900318309434274155
130000 2377.6010945170314699 -3706.6123468450350629 -0.370661234684504 27008.192103037672496 629.10259038364370099 -7893.8250072351238487 7.4206516909006250415
131000 2447.6111675448150891 -5736.2125090149093012 -0.573621250901491 27051.104181462076667 647.62694183868597975 -7893.7283260212298046 7.4088800609817866416
132000 2423.8424518426659233 -3320.7008429447428171 -0.332070084294474 27045.509360156429466 641.33784622344705895 -7888.7570067275955807 7.4104127132037937997
133000 2467.7140015008303635 -2363.2853606654730356 -0.236328536066547 27085.606406686383707 652.94606157872397034 -7872.9357796508202227 7.3994424709686361652
134000 2396.5992275371686446 2904.7728530751255676 0.290477285307513 26942.552212146154488 634.12941120862706157 -7880.8075871839801039 7.4387305560170142726
135000 2335.7181211922606963 -3443.8948857379368746 -0.344389488573794 26974.422971719894122 618.02054341102711987 -7895.3160256147393739 7.4299415638175076992
136000 2382.2546182602741283 1815.7489382582762119 0.181574893825828 26879.073628412123071 630.33389190349782893 -7901.0653401284816937 7.4562981287318672585
137000 2376.9828782657991724 8800.7396033069380792 0.880073960330694 26766.52178921018276 628.93901313514550111 -7893.5891505150793819 7.4876514765682333774
138000 2386.2874819929938894 1905.017791562263028 0.190501779156226 27004.54362255147862 631.40096956710135601 -7868.341886503592832 7.4216542667362883634
139000 2445.8728908938487621 3189.3291496109150103 0.318932914961091 26888.161881789284962 647.16700162985614497 -7893.1916754851890801 7.4537778848064002446
140000 2409.1440898198029572 -2061.7593836707883383 -0.206175938367079 26996.009961981188098 637.44872552767367324 -7896.8534008863935014 7.4240003126323879101
141000 2358.7358025721418926 -8771.0373111660428549 -0.877103731116604 27141.526983547493728 624.11091871161977451 -7880.4037385973015262 7.3841971573325242417
142000 2369.1876767255130289 14.473982784066395268 0.00144739827840664 26870.192478489436326 626.87643775491642373 -7909.570266161359541 7.4587625882478363337
143000 2406.4103215259337958 -6878.4755270336836475 -0.687847552703368 27231.832532619366248 636.72538269310484793 -7858.0846608514848413 7.3597098600509651689
144000 2371.3128407257777326 1027.6174954334030645 0.10276174954334 26822.929978518037387 627.43874662188306957 -7912.7040188815262809 7.4719050662282828768
145000 2432.8793955052901765 1481.4906560481456381 0.148149065604815 26968.60814012119954 643.72898100228712792 -7876.4857132872184593 7.4315435693328559807
146000 2411.6338769495109773 3887.3786837677475887 0.388737868376775 26877.280526359842042 638.10751204001803671 -7897.1318470989463094 7.4567955713010274366
147000 2376.0052824860126748 -1402.246583604673333 -0.140224658360467 26874.547757592346898 628.68034567455674733 -7918.7058795364873731 7.457553823987794317
148000 2381.5724416876255418 -3703.6415811297119944 -0.370364158112971 26999.43145636695408 630.15339104069880705 -7898.482454175611565 7.4230595085480262085
149000 2333.109726703940396 -3660.3195215568580352 -0.366031952155686 27076.529540254090534 617.33037392333255866 -7871.5886144475716719 7.4019229864602005264
150000 2441.3526108196379028 3303.8340703617295731 0.330383407036173 26889.691726832370477 645.97095578747178024 -7890.2693021017184947 7.4533538143014208543
151000 2443.0813276060325734 836.40049359862450729 0.0836400493598625 27000.278212962060934 646.42836649899459189 -7871.7615855253052359 7.4228267137395747
152000 2360.7817866817554204 1712.9682750302474687 0.171296827503025 26998.186817515328585 624.652276934498218 -7865.9468898666591485 7.4234017177609903371
153000 2443.821871081849622 -438.02340765079321727 -0.0438023407650793 27009.513514486934582 646.62431098270235452 -7877.0757638339746336 7.4202886434840138463
154000 2385.087435120549344 -2068.5166133500742944 -0.206851661335007 26931.808766821453901 631.08344254468465806 -7898.9813967295449402 7.4416979614261977716
155000 2349.2786934663126885 5884.6609496924975247 0.58846609496925 26721.786755323239049 621.60861004018704534 -7923.0195671679412044 7.5001865793143540628
156000 2423.6918708013349715 2172.6264026586086402 0.217262640265861 26836.589791450373014 641.29800315499358021 -7906.245274644109486 7.4681018696878131991
157000 2403.1995143613403343 -3662.35016593292994 -0.366235016593293 27041.836877205212659 635.87581751199593327 -7888.1937445192243104 7.4114191024692237519
158000 2415.1536976187471737 -3363.3450869385687838 -0.336334508693857 26937.75204915544964 639.03884080909074328 -7915.0828495981604647 7.4400560979199790168
159000 2456.0494328854483683 -5719.0862941945269995 -0.571908629419453 27144.075513208699704 649.85966901751294245 -7872.2652103088994409 7.3835038625665818657
160000 2364.1261570264091461 -6013.8563233533022867 -0.60138563233533 27061.983786302927911 625.53718233426263851 -7884.7050416650872648 7.405901503015997811
161000 2467.1320135906698852 1255.2616282329959176 0.1255261628233 26911.553314709413826 652.79207018685497133 -7896.8268055566932162 7.4472990857807532805
162000 2398.522209655302504 9056.8763067595191387 0.905687630675952 26791.268204496405815 634.63822365600060493 -7891.0151414228294016 7.4807353227100676918
163000 2384.6427743403428394 3143.1238612645483954 0.314312386126455 26950.208332183490711 630.96578729573855071 -7877.4515099658801773 7.4366173324990256788
164000 2369.1780774212320466 4208.1711264877549183 0.420817112648775 26842.169478231771791 626.87389782203911182 -7901.2021038936327386 7.4665494739577198402
165000 2446.4774741094738602 1414.0640823120450023 0.141406408231205 26999.06917747528496 647.32697163825207554 -7872.3424827597773401 7.4231591126400742198
166000 2446.8438078777789997 7247.6628717321345903 0.724766287173213 26806.573875759793737 647.42390191100355423 -7896.9742238255767006 7.4764640690918895416
167000 2419.1226771498304515 6062.602376594015368 0.606260237659402 26914.924771658334066 640.08901499934586354 -7874.1489973646657745 7.4463662112337694055
168000 2430.6996932390670736 -4520.8594753896122711 -0.452085947538961 26965.916999525896244 643.15224155465307376 -7908.3779591392685688 7.4322852214185441966
169000 2380.1243315508540945 -1263.8306521965735101 -0.126383065219657 26879.596547327349981 629.77022759065471291 -7912.3229725635028444 7.4561530730081990725
170000 2360.7520801354685318 -4051.5428675969333199 -0.405154286759693 26995.941715541062877 624.6444167155307241 -7889.8615044690814102 7.4240190806975352444
171000 2437.3117341566348841 -3369.4558510491278867 -0.336945585104913 27092.13838689543627 644.90175793843877727 -7876.2269729240460947 7.3976584474601123631
172000 2357.8581983053722979 -4192.194623028107344 -0.419219462302811 27052.846456076709728 623.87870855709479656 -7881.5574198872227498 7.4084029095783634489
173000 2344.8205517967730884 -4375.9790401155669315 -0.437597904011557 27114.475716730030399 620.42900574110069556 -7866.9997837026248817 7.3915641405492609195
174000 2411.9706942194366093 4594.6120919343848072 0.459461209193438 26958.432626236874057 638.1966323796262941 -7869.0655031952928766 7.4343486201983912665
175000 2378.8530503313336339 668.40156795335190054 0.0668401567953352 26949.750854777517816 629.43385227935857529 -7881.6850042151372691 7.4367435705642614963
176000 2411.5394096942122815 -2283.2720964349550741 -0.228327209643496 26864.180119230986747 638.08251642778020596 -7918.8302036387167391 7.4604319025580068114
177000 2415.9437463297540489 2592.7492354416449416 0.259274923544164 26872.443722007516044 639.24788415608861669 -7894.6520041308294822 7.4581377291504127314
178000 2399.8305706245673719 -974.53733159216153581 -0.0974537331592162 26909.418075376615889 634.98441010284386721 -7899.380409332095951 7.4478900226002160423
179000 2385.2486801633149298 2820.1660126092519931 0.282016601260925 26995.684107775014127 631.12610726010905182 -7861.1083973357299328 7.4240899247984977194
180000 2410.3664992327380787 3668.5610351182431259 0.366856103511824 26871.207985561577516 637.77216957804876074 -7895.859321760450257 7.4584807093623819441
181000 2455.0790437510572701 -3167.1844923113258119 -0.316718449231133 27023.479418790819182 649.60290840298705461 -7889.5445672384912541 7.4164537915948072211
182000 2341.0887449426404601 5290.9924034554933314 0.529099240345549 26824.597976236949762 619.44158637787779753 -7896.772078671527197 7.4714404508548319939
183000 2454.0204974984635555 -1838.3380615718967874 -0.18383380615719 26936.199582018216461 649.32282181020946155 -7901.4791818348403467 7.4404849053527426506
184000 2350.9678909452654807 4626.9179107113122882 0.462691791071131 26988.191486511295807 622.05556412013322642 -7860.8864151279249199 7.4261510445316263329
185000 2385.8190130938678521 4396.5544079810497351 0.439655440798105 26823.440759056018578 631.27701479662528072 -7905.3101223885014406 7.4717627838222426817
186000 2357.972430245567466 2365.949591393902665 0.23659495913939 26922.417515828910837 623.90893381634759862 -7883.6480267421065946 7.4442938224154771021
187000 2480.2588133583881245 5970.3116770719525448 0.597031167707195 26873.547574471263943 656.2653625555213921 -7886.6238276951626176 7.4578313801771525249
188000 2361.2529360219327828 -441.22284969142674527 -0.0441222849691427 26998.385926838003797 624.7769409376595604 -7880.0336925983083347 7.4233469712108819394
189000 2353.3074907863933731 -5475.0130991320811518 -0.547501309913208 27081.690721793031116 622.67461174923676026 -7879.9290203904511145 7.4005123408449460243
190000 2459.3705155576394645 -848.17708735257122044 -0.0848177087352571 27047.685399130579754 650.73841260354674887 -7877.2611083993142529 7.4098165310669301675
191000 2349.9759882959456263 4463.9260750455541711 0.446392607504555 26780.547067244551727 621.79311112600623801 -7911.3383587735424953 7.4837301080644591522
192000 2409.7314457882157512 3355.7968772392773644 0.335579687723928 26883.451170392105269 637.60413728369019282 -7894.4736475943745972 7.4550839893021159099
193000 2339.6921948241283644 -2456.6983411283940768 -0.245669834112839 26976.559754549940408 619.07206547751195558 -7894.3937743276192123 7.4293530465378294636
194000 2336.8895446075489417 -7099.4787492909108551 -0.709947874929091 27255.970593195728725 618.33049679500447837 -7848.1553522007961874 7.353192054279971579
195000 2369.3035129833133396 389.07271695726979033 0.038907271695727 26888.34947329039278 626.90708750941496419 -7902.5262052906555255 7.453725882158050986
196000 2394.1040859475974685 -3870.0223454638608018 -0.387002234546386 27155.76329543146494 633.46920793020785823 -7859.3645047249456184 7.3803260183554728613
197000 2340.729971932081753 -4126.1118393822544022 -0.412611183938225 27060.388772872196569 619.34665664772967375 -7881.7109084745643486 7.4063380271348169259
198000 2379.8400756970349903 -2869.3252246588008347 -0.28693252246588 26982.556516574801208 629.69501476610582813 -7894.9321424516519983 7.4277019034301927647
199000 2390.9039198737305014 1882.4372861635044956 0.18824372861635 26850.721842070572166 632.62245833399913408 -7910.1496728279325907 7.4641712642359374641
200000 2400.1423410571001114 -7766.4648478196186261 -0.776646484781962 27061.062678613627213 635.06690316156755216 -7890.8797129803733696 7.4061535859774707546
201000 2371.8190969700258393 3571.3880081194511149 0.357138800811945 26801.915055827674223 627.57269975447070465 -7909.6941368965435686 7.4777636590560510044
202000 2410.2698361350285268 8354.2095791190640739 0.835420957911906 26856.507948195972858 637.74659295575338547 -7875.5085484696719504 7.4625631442541315863
203000 2403.5198194353624785 2152.1782927345884673 0.215217829273459 26900.643583986879094 635.96056879859531819 -7893.103999194861899 7.4503193862944705472
204000 2404.2658685719725327 92.006006429484045839 0.0092006006429484 27029.597949850260193 636.15797005546608034 -7869.4891037073784901 7.414774972584662116
205000 2447.2050567517439958 -3539.754328095965775 -0.353975432809597 26904.052258756750234 647.5194867435092192 -7923.8535791187368886 7.4493754498392741326
206000 2482.9039190124576635 -3285.6454704697657689 -0.328564547046977 27090.066779277061869 656.96524565309027821 -7876.7722512956497667 7.3982241546517100161
207000 2372.9802034308950169 4812.2829163087299094 0.481228291630873 26830.261622298799921 627.87992331856162309 -7895.460438927803807 7.4698632916425395933
208000 2349.266026705161039 3008.7450001927227277 0.300874500019272 26908.582436892822443 621.6052584719737979 -7885.7559300013153916 7.4481213147368618976
209000 2448.905107054902146 2746.1995423791186113 0.274619954237912 26926.910824181075441 647.9693124320848483 -7884.9194651331736168 7.4430515890294559611
210000 2401.4101989279529334 -2648.6867755650791878 -0.264868677556508 26978.178526838481048 635.4023726701537953 -7892.5592758856901128 7.4289072628900729711
211000 2461.8119053447776423 -8549.4142840218501078 -0.854941428402185 27107.960784352126211 651.38439339602143718 -7888.7171801584290733 7.3933405759265173884
212000 2355.4528508734069874 -1856.8363897548517798 -0.185683638975485 26927.83024503397246 623.24226441021437495 -7903.3943079068258157 7.4427974543005204211
213000 2455.3480770960559312 5257.2858772469617179 0.525728587724696 26909.905378956456843 649.67409341994743954 -7881.7386482271467685 7.4477551509453672196
214000 2412.7202980387587559 1930.6289251476180198 0.193062892514762 26901.849093989934772 638.39497418960627328 -7890.8596056811038579 7.4499855269186792128
215000 2410.8888911994781665 -412.31915593315056867 -0.0412319155933151 26898.691789089163649 637.91039215046828303 -7906.5513609957706649 7.4508599886211017704
216000 2329.8169856758963761 -1288.8288853670135268 -0.128882888536701 26918.594091959002981 616.45912940927939871 -7897.4151575733867503 7.4453511841260482385
217000 2416.8575565339015156 -10068.077475529111325 -1.00680774755291 27221.057610584062786 639.48967423932583642 -7868.0228582487670792 7.3626230569251998048
218000 2325.8669319090440695 -1329.9696496366200336 -0.132996964963662 26954.914969485762413 615.41396289139197506 -7891.3797808323997742 7.4353188138214676428
219000 2398.9678829274816962 -4977.8890262966024238 -0.49778890262966 27030.427578660463041 634.75614680578348725 -7891.08893748922128 7.414547395313806355
220000 2368.9769948402818045 -2070.8108394316091108 -0.207081083943161 26992.9771791401472 626.82069227261001743 -7888.8074383179255165 7.4248344325818331768
221000 2386.5983890542938752 2674.0172460938601944 0.267401724609386 26932.590979860411608 631.48323418166739884 -7881.943783238184551 7.4414818294847231428
222000 2416.5536067319926588 -625.29823458630244204 -0.0625298234586302 26818.432912534299248 639.40925048440396949 -7928.0184151401472263 7.4731579973826365304
223000 2391.3582773595044273 -2483.7038707514607268 -0.248370387075146 27008.763150647351722 632.74267928776623648 -7881.8443792462931015 7.4204947956964009137
224000 2374.4707101101284934 3490.9322676422216318 0.349093226764222 26803.089372712627664 628.2743047036695998 -7908.8768046082295768 7.4774360377134359013
225000 2397.6365031606874254 671.51950429669216192 0.0671519504296692 26945.644496617602272 634.40386968831160175 -7888.2307789800925093 7.4378768866609688004
226000 2462.3911413910768715 2724.496301356443837 0.272449630135644 27002.499126605456695 651.53765665704986532 -7866.0850561958777689 7.4222161977631158081
227000 2466.7939715623347183 -205.77933988001026933 -0.020577933988001 26986.712578227914491 652.70262578166250478 -7883.9590836494971882 7.4265580076347301741
228000 2403.2551871839409614 4037.9404865369397157 0.403794048653694 26911.3047519875945 635.89054829126450841 -7884.381185784295667 7.4473678717778657443
229000 2416.0880772510022325 3704.5311400508890074 0.370453114005089 27003.941784229504265 639.28607347078866496 -7859.349229846668095 7.4218196735493329186
230000 2358.4893450594540809 -1340.9664127797975652 -0.13409664127798 26998.818634728431789 624.04570715867725994 -7881.1602143776544835 7.4232279978272215359
231000 2410.4895423818188647 -3862.5815827924038786 -0.38625815827924 26957.844089677812008 637.80472624367030221 -7904.8438214816906111 7.4345109249413541264
232000 2391.2303947411392073 -3595.7776421526568811 -0.359577764215266 27016.229908099485328 632.70884212026828664 -7888.6671630102728159 7.418443916095407431
233000 2470.1651082858043083 4052.8683652100748986 0.405286836521007 26939.420490930391679 653.59461344526289395 -7878.8164002344974506 7.439595312194990484
234000 2436.5678907884639557 -2795.8610080800858668 -0.279586100808009 26993.361056811001617 644.70494031800819812 -7896.6376574637552039 7.4247288426131570205
235000 2346.6646713443087719 -1485.9930894201659157 -0.148599308942017 26959.060980605820077 620.91695150584962448 -7893.204577324058846 7.4341753424481344936
236000 2435.9681398062948574 -6133.7374398541487608 -0.613373743985415 27079.778551407980558 644.54624889692081524 -7883.2496190511474197 7.4010349093920080321
237000 2438.7437468373846059 125.55466514275532575 0.0125554665142755 27065.425967226914509 645.28066207378742547 -7863.1346711054056868 7.4049596204493060014
238000 2394.636224401031086 -2216.0007561463853563 -0.221600075614639 27102.66214582012617 633.61000937931123644 -7863.5999208540069958 7.3947859925813475002
239000 2389.7882687021287893 -430.80540687807769018 -0.0430805406878078 26916.732448720766115 632.32726203566392087 -7896.4339527372103475 7.4458661273018078575
240000 2369.9779374710997217 -1080.0615261431009912 -0.10800615261431 26963.868935024285747 627.08553720531347153 -7895.8826285489531074 7.4328497472128400858
241000 2364.2625276449462035 -6759.2790924234923295 -0.675927909242349 27022.380387181361584 625.5732653885528407 -7898.8037272492911143 7.4167554273881846072
242000 2392.9238579308398585 -2360.8431171017205088 -0.236084311710172 26968.580656876205467 633.15692488815432171 -7901.0647539920582858 7.4315511426988845045
243000 2435.0316972066761991 -4558.3633124008492814 -0.455836331240085 26970.580890929813904 644.29847038330717623 -7908.179563634027545 7.4309999924760967716
244000 2379.0193636940189208 -9479.7724509917770774 -0.947977245099178 27106.485694302627962 629.47785804951149657 -7891.1463931281032274 7.393742909273566255
245000 2445.8327970784193894 409.13893261016005454 0.040913893261016 27031.271132912996109 647.15639298604151008 -7867.6622056064206845 7.4143160124478217909
246000 2406.5990059822142939 2809.5169866961005027 0.28095169866961 26873.020767861205968 636.77530775432933297 -7896.357338219671874 7.4579775801485563846
247000 2335.8165629223171891 -3189.5715964166097365 -0.318957159641661 27004.958149536025303 618.04659065146756802 -7890.8022947225417738 7.4215403441022855802
248000 2356.1900173365388582 4017.0368259993815627 0.401703682599938 26815.873573368451616 623.43731535150539003 -7904.3329215092462618 7.4738712445533073137
249000 2431.1799502037765706 -5503.17976339492634 -0.550317976339493 27033.491315766790649 643.2793153944343203 -7890.3052917120894563 7.4137070960081663529
250000 2450.6803308793414544 -2451.9251150398799837 -0.245192511503988 27013.049243485384068 648.43902869737462424 -7888.9217859260843397 7.4193174043803811202
250000 2450.6803308793414544 -2451.925115039857701 -0.245192511503986 27013.049243485384068 648.43902869737462424 -7888.9217859260834302 7.4193174043803811202
251000 2376.2888660060152688 8594.3182403917089687 0.859431824039171 26777.089921441303886 628.75538060259202666 -7891.4767021996176481 7.4846963200841987174
252000 2388.975229470686827 1143.722394759104418 0.11437223947591 26912.044850774971565 632.11213550002969441 -7892.6305675366374999 7.4471630643036794694
253000 2419.8523016549643216 -2676.988849247797134 -0.26769888492478 26934.852786666520842 640.28207037236268206 -7911.3579620611717473 7.4408569441592762317
254000 2438.481564639293083 -6133.4377652446719367 -0.613343776524467 27142.330828895414015 645.21128983958374192 -7869.7586788644166518 7.3839784674723771829
255000 2433.7674660703664813 5008.3444898107891277 0.500834448981079 26844.059013900136051 643.96396049242173376 -7889.275706451008773 7.4660239084482959981
256000 2369.4286167660015963 7102.5293801663056001 0.710252938016631 26864.397076039265812 626.9401894094509089 -7877.5026101740349986 7.4603716521273204521
257000 2385.4469513592798648 3371.0662632976354871 0.337106626329764 26906.75570015402991 631.17856892967495241 -7881.7761983313384917 7.4486269779610809749
258000 2445.5263210055204581 -9793.4802677752977615 -0.97934802677753 27098.643115925391612 647.07530079114133059 -7895.0235063289210302 7.3958827215150515499
259000 2350.8994573698455497 -4053.0325758394042168 -0.40530325758394 26979.068718203710887 622.03745690287746584 -7895.3292555639409329 7.428662141415807163
260000 2505.2368034269406962 4785.3626097764527003 0.478536260977645 26933.461946337716654 662.87442674671001441 -7881.4860406397529005 7.4412411890045699892
261000 2442.6628429500178754 1457.0782549852438024 0.145707825498524 26930.780974121422332 646.31763733515731474 -7894.242615984450822 7.4419819681487631158
262000 2371.1579549418011084 -3223.2403074493613531 -0.322324030744936 26924.950922493135295 627.39776453782440058 -7908.3623367146428791 7.4435933782945413739
263000 2388.3060906729824637 1479.5028673499589331 0.147950286734996 26975.191563411106472 631.93508437403011158 -7878.280823976474494 7.4297298659195067927
264000 2432.5354270662351155 -8899.5600350872646231 -0.889956003508727 27150.07470915405429 643.63796849538732658 -7880.0311395824755891 7.3818723721596741782
265000 2400.6098276036354946 -1088.1354390251367477 -0.108813543902514 26929.1106132794921 635.19059800595209708 -7894.8043460317676363 7.4424435799503729783
266000 2500.046140736936195 1028.7368419400438597 0.102873684194004 27004.78468325855647 661.50100066963591416 -7868.9480624860725584 7.4215880166533416684
267000 2370.3091877836754975 -1741.6440343151350589 -0.174164403431514 26973.255448856645671 627.17318455296458524 -7893.3080992065106329 7.4302631648443027146
268000 2367.4838610589513337 5296.1592544506847844 0.529615925445069 26891.770082085586182 626.42561576806497214 -7879.5720648005171824 7.4527777749776147331
269000 2441.8479776790609321 8197.0737769797979126 0.81970737769798 26656.161009590803587 646.10202763765380496 -7931.5969506011442718 7.518651553967786505
270000 2447.1156084350791389 1513.589999936247068 0.151358999993625 26951.594303728586965 647.49581911993300309 -7886.4891103277795992 7.4362349083686209994
271000 2436.9927278309387475 4612.7186369931478112 0.461271863699315 26821.620947107490792 644.81735029482399568 -7905.3233949277901047 7.4722697331679732713
272000 2426.2731898428610293 -2883.0340386807883988 -0.288303403868079 26946.477902734884992 641.9810086008504868 -7898.5593836801526777 7.4376468465006437825
273000 2349.8405650701374725 -2315.4432431418704255 -0.231544324314187 26979.490870387831819 621.75727874758479174 -7891.532141619119102 7.4285459040129904196
274000 2383.0941820173566157 3095.2435397579620258 0.309524353975796 26859.8134295186901 630.5560367097021981 -7898.1027110941122373 7.4616447699267123284
275000 2382.3861187454167521 -6007.3545933432969832 -0.60073545933433 27049.317540649099101 630.36868634232564546 -7893.4337454427941339 7.4093694266552647676
276000 2355.146826474765021 -1831.2651566794895643 -0.183126515667949 26955.516302991774864 623.16129172629769073 -7896.2634536355380988 7.4351529440128398818
277000 2357.8199236392310922 5610.3927329014095449 0.561039273290141 26771.14801932410046 623.86858125202627434 -7907.6071147438196931 7.4863575612412391891
278000 2484.9435145845859552 1630.8157303642781244 0.163081573036428 26885.560365418281435 657.50491349759113291 -7903.020194645673655 7.4544991316366537859
279000 2414.55401408978787 7290.0897107278506155 0.729008971072785 26804.054141716460435 638.88016723582029499 -7894.2459573723044741 7.4771668993778996892
280000 2468.519562273252177 -5536.8566528770807054 -0.553685665287708 27081.700331571191782 653.15920934762880279 -7885.4418885271443287 7.4005097148177396704
281000 2433.6091517531558566 171.08293930103579328 0.0171082939301036 27088.457274025942752 643.92207123384014267 -7855.1396095203208461 7.3986637323103936481
282000 2433.7500927101664274 1270.9962103283939996 0.127099621032839 26967.834102178312605 643.95936357920072624 -7873.8474722083501547 7.4317568714718067469
283000 2378.01080334156768 1993.334296919422286 0.199333429691942 26929.045744117385766 629.210997501815541 -7883.396868674628422 7.4424615079929647976
284000 2363.7494106258545798 6012.5845737809013372 0.60125845737809 26890.435523058004037 625.43749692569974741 -7878.5263510566110199 7.4531476526559305995
285000 2473.7809186764511651 172.95928484311733087 0.0172959284843117 26976.742694209558977 654.55134066428115602 -7887.4771177783595704 7.4293026652396525478
286000 2379.5752887619491958 -8560.6928141790103837 -0.856069281417901 27094.294852805182018 629.6249533301709107 -7890.0166119755876935 7.3970696593650338002
287000 2424.3451448891578366 -2749.0218292310983088 -0.27490218292311 26968.559174943140533 641.47085654988291026 -7903.4510230522591883 7.4315570623360143188
288000 2407.462169467467902 3266.2777506502666256 0.326627775065027 26933.296804975172563 637.00369694280584554 -7879.2662395569432192 7.4412868149343571744
289000 2396.2101411323333195 3231.8552069618494897 0.323185520696185 26923.287563776961179 634.02646069025388442 -7887.0974704980817478 7.4440532540023696129
290000 2345.4124465300546944 3407.0227094052215762 0.340702270940522 26861.870839669354609 620.58561843395352753 -7887.5891674528738804 7.4610732660362373281
291000 2341.8701713525051673 -3642.844344294502207 -0.36428443442945 27021.221789660045033 619.64834830264885568 -7890.1975836890596838 7.4170734379696927618
292000 2388.923451543605097 -920.51257067121071032 -0.0920512570671211 26988.662552768637397 632.09843529265390316 -7890.7746767506832839 7.4260214268015083405
293000 2392.2877743350522906 -2357.3240589736828952 -0.235732405897368 27005.733466457728355 632.98862002038936225 -7893.7153730208574416 7.421327276539390283
294000 2458.7196215780736566 -4043.1383511908670698 -0.404313835119087 27103.267578419188794 650.56618897463170015 -7868.4621258886763826 7.3946208079042587968
295000 2428.9919557758312294 5925.897422504493079 0.592589742250449 26826.617746090410947 642.70038187798377294 -7894.7884219503021086 7.4708779278291039816
296000 2376.8149381204434576 -257.03596840469407425 -0.0257035968404694 26971.290989196539158 628.89457692559108182 -7888.4474269161637494 7.4308043496269355899
297000 2401.6041041322228011 -3675.3284370338283225 -0.367532843703383 26971.78379029559801 635.45367911789071513 -7904.2012269651904717 7.4306685815005533158
298000 2488.1939105521032616 5767.0305397944139258 0.576703053979441 26843.355524335405789 658.3649536984697761 -7893.1835833973636909 7.4662195721351576339
299000 2392.0171149043649166 1409.1291301931844373 0.140912913019318 26889.397534189523867 632.91700474844572 -7896.9835997903937823 7.4534353602659191296
300000 2369.0662642833449354 3429.1665268906813253 0.342916652689068 26790.282381642180553 626.84431256703317104 -7913.2295476006529498 7.4810105971451221762
