step temp press pressGiga vol ke pe density
0 299.99999999999977263 -79185.624667749914806 -7.91856246677499 24663.079972118644946 79.378655044499950577 -9200.3570127978964592 5.9080203695207922365
1000 296.20402036837452897 -1031.2637420362320881 -0.103126374203623 23566.532809289747092 78.37425585205085099 -9158.7251659653738898 6.1829196526083389784
2000 306.19659828152231285 199.55342581399665391 0.0199553425813997 23557.317141432125936 81.018247169294340893 -9155.4571251899942581 6.1853384226901235721
3000 300.27100023751404478 -370.76701892177345599 -0.0370767018921773 23552.50556164930822 79.45036049240202658 -9159.1366648326838913 6.1866020355667492581
4000 302.71646048590389455 -520.78769862990986894 -0.052078769862991 23567.591972778005584 80.097418310675266184 -9153.974790101088729 6.1826417827795312476
5000 304.55918608991925112 1942.7279048086850253 0.194272790480869 23521.000415259481088 80.584995244217950017 -9158.4498733108976012 6.1948886645087597458
6000 304.22699567597078385 -474.7614127670635753 -0.0474761412767064 23562.122375089504203 80.497099149958259545 -9155.7342519479207112 6.184076991487201802
7000 301.91406374708441263 -2445.5992933320712837 -0.244559929333207 23588.125624947871984 79.885107730876654841 -9157.6067627447846462 6.1772597436180900488
8000 313.93300958794071676 -895.28044571167583854 -0.0895280445711676 23569.139948449021176 83.065266917209527264 -9157.0024584118618804 6.1822357187872398754
9000 306.85151052068408717 921.52358726453519466 0.0921523587264535 23539.200436900100613 81.191534011683813787 -9157.1576588616553636 6.1900989050580284001
10000 312.79102423680325273 293.43280628500639295 0.0293432806285006 23557.876539838442113 82.763102713030150426 -9153.8352683392186009 6.1851915474634733272
11000 308.60892706028755583 1826.517936948736633 0.182651793694874 23526.921053735441092 81.656538549239428448 -9157.2583531410291471 6.1933296973962503884
12000 307.28634962660004248 383.86488457726471779 0.0383864884577265 23557.223105611497886 81.306590489645031994 -9153.6831951940621366 6.1853631133496218553
13000 307.80655842877627038 -2596.715101080315435 -0.259671510108032 23598.502111622034136 81.444235406508553865 -9155.4117591067952162 6.1745435435343170028
14000 308.2395111627659503 672.04825317225515846 0.0672048253172255 23551.290646233417647 81.558792758915018339 -9154.0861811897411826 6.1869211772349439471
15000 310.97477860323840559 -248.63817289215492679 -0.0248638172892155 23559.742328656662721 82.282532260954084791 -9155.7869874928019271 6.1847017177757450668
16000 308.64370173103543493 488.29168817827439852 0.0488291688178274 23555.399705172127142 81.665739771218028409 -9154.2170243509972352 6.1858419162551010473
17000 316.85070499242209507 -1613.5592841009695348 -0.161355928410097 23591.811909842344903 83.837276040667035204 -9152.6734574835754756 6.1762945299511970987
18000 311.271280310384725 -134.82835089114695393 -0.0134828350891147 23566.391575896544964 82.360985283392992073 -9153.7938252306084905 6.1829567068480439929
19000 309.56858086612152192 1839.9572728683947389 0.183995727286839 23547.426596406206954 81.910458643957554159 -9149.7909298168415262 6.1879364292247096557
20000 302.96525720600942577 -1276.9441880616527669 -0.127694418806165 23585.715406420593354 80.163248807413467034 -9152.7219523273633968 6.1778909962905368403
21000 312.37460635695066458 1058.7021870055730233 0.105870218700557 23555.377310022249731 82.652920408899561266 -9150.9813299769193691 6.1858477974114505216
22000 321.37119525430335898 1377.9405515319836013 0.137794055153198 23532.776383611617348 85.033377497766679198 -9158.1320159169881663 6.1917886982459995338
23000 320.05253530316662136 -1011.4275528028643976 -0.101142755280286 23586.898925431618409 84.684465986492412526 -9151.0828333316276257 6.1775810084678361989
24000 322.18230529499527393 -459.41259603219924657 -0.0459412596032199 23574.480920363137557 85.247993578177400309 -9153.4701854485483636 6.180835087848555176
25000 327.18753401376596912 -921.48424106550771739 -0.0921484241065508 23595.277504604033311 86.572354657797802702 -9149.9994322858256055 6.1753873766462419326
26000 322.52732104064801888 -3756.5365165537928078 -0.375653651655379 23629.106797315540462 85.339283197707686668 -9151.2487722469886648 6.1665462050791797211
27000 325.40125829009781455 2919.6458466825342839 0.291964584668253 23524.743175894698652 86.099714109519737804 -9152.5761212731085834 6.1939030645700174915
28000 320.45579177201790344 470.41240936442409293 0.0470412409364424 23559.361499995207851 84.791165840277116672 -9152.7375160609190061 6.1848016912693672964
29000 325.27621235242236253 -2425.725420145800399 -0.24257254201458 23607.60725531612843 86.066627515014886285 -9151.8285348176941625 6.1721621032807032492
30000 323.45518220452089508 -379.48723775239449196 -0.0379487237752394 23575.833230824882776 85.584791101895206111 -9152.9746023677507765 6.1804805549728865088
31000 333.86833927507791486 1764.5976708537682498 0.176459767085377 23550.194913987077598 88.340065778655002759 -9151.2049619112331129 6.1872090393551610887
32000 325.22500937500979035 1140.0097531028470712 0.114000975310285 23556.52737361131949 86.053079436743942665 -9151.0125336374585459 6.185545795414021164
33000 343.56415364879597973 -1607.6232537122357371 -0.160762325371224 23600.120329673292872 90.905534793811241911 -9151.9472224208529951 6.1741201661243358956
34000 335.87536680555632529 -2063.5764737788522325 -0.206357647377885 23602.076203387350688 88.871116265343871987 -9152.4882738182586763 6.1736085247231180517
35000 326.34831709107635334 -289.53198923150682731 -0.0289531989231507 23582.13239045048249 86.350301622418854208 -9150.1763555378784076 6.178829651104902787
36000 325.67495723401293617 -2200.5804826205330755 -0.220058048262053 23614.294955676978134 86.17213362303668589 -9150.5812972791281936 6.1704141124640043969
37000 343.43844730058958703 1062.092443622564133 0.106209244362256 23570.515991162115824 90.872273457640645233 -9148.2034689758984314 6.1818748009178703384
38000 334.18991587162099677 2049.434420986717214 0.204943442098672 23546.738768416271341 88.425153504412932648 -9150.8952200952189742 6.188117186140468462
39000 340.71000394635012753 -35.046179320279293279 -0.00350461793202793 23590.4761354835573 90.150339578225214154 -9147.9341219270081638 6.1766442531114273962
40000 335.75484220556757009 -483.92042819736025194 -0.048392042819736 23584.58477890739232 88.839225996520923445 -9149.9438313948048744 6.1781871598057929162
41000 326.45013521990830441 1006.4377523913732375 0.100643775239137 23569.331672352232999 86.37724224283827823 -9148.4602034587860544 6.1821854296072560331
42000 325.6658392930137893 1983.6942979988577918 0.198369429799886 23560.780218589297874 86.169721056725720132 -9146.8130686342410627 6.1844292718045297264
43000 337.0370714729822339 -4818.7759028708896949 -0.481877590287089 23661.5481292239092 89.178498112207833515 -9146.8541272027905507 6.1580915185525535449
44000 329.85277543007208578 -1692.5390333261248088 -0.169253903332612 23603.543529660913919 87.277565587782063972 -9148.9493225953701767 6.1732247392131309738
45000 334.98144705698234702 -742.60267093387335535 -0.0742602670933873 23595.183917718364683 88.634589107478817027 -9147.7853893051869818 6.175411870427446992
46000 348.33584652395853709 1247.0208650533261334 0.124702086505333 23564.768928738467366 92.168103336197333419 -9148.5270369289009977 6.1833824592566175582
47000 331.86823184090945915 3940.9056415610980366 0.39409056415611 23527.653294321677095 87.810846318425674895 -9147.7312545240547479 6.1931369451777591451
48000 339.81304136034515295 -3056.3338855762190178 -0.305633388557622 23636.66867483103124 89.913007299217511559 -9146.86642303053668 6.1645733946236145329
49000 335.16132998403838883 168.11687122290976504 0.016811687122291 23576.029759737175482 88.68218532352939576 -9149.0067813033419952 6.1804290347155195207
50000 332.27902371584110597 2898.1063811731746682 0.289810638117317 23550.946457219281001 87.919540006876616189 -9145.9229129002287664 6.1870115969683681101
51000 348.11819703676769677 -3259.7851098418254878 -0.325978510984183 23646.53528848395581 92.110514257649555248 -9144.3931682697038923 6.1620012011382767625
52000 335.19921888749098571 257.29312552430349115 0.0257293125524303 23586.024446428200463 88.69221055751999927 -9146.2855963845922815 6.1778100493940035776
53000 351.22733637374807358 -157.90978725937895888 -0.0157909787259379 23596.174594292831898 92.933178587367734735 -9145.5398089820901077 6.1751525980672905547
54000 344.30183228128112205 1026.1055339086663025 0.102610553390867 23576.553616871409758 91.100721252817038476 -9147.0598129597747175 6.1802917092227831475
55000 346.70003718233158452 -675.64066725213115205 -0.0675640667252131 23618.706954873265204 91.735275518038747578 -9142.1369387352278864 6.1692614726451964202
56000 343.87233374869578029 672.64323368765883515 0.0672643233687659 23584.231873043121595 90.987077866616317579 -9145.7503752961638384 6.1782796079504258557
57000 346.52070794663387687 2384.274153314182513 0.238427415331418 23570.417536522207229 91.687825806239260373 -9142.1894519310117175 6.1819006228727229058
58000 341.28686884215966302 -2837.7267247312120162 -0.283772672473121 23637.70596189697244 90.302975443464362115 -9146.0086307988203771 6.1643028763144522841
59000 349.34974606190104396 -84.848945157834393171 -0.00848489451578344 23609.341464102435566 92.436376608437726077 -9143.0500978342224698 6.1717087311370413261
60000 342.33745170808697367 1017.9411083914421852 0.101794110839144 23585.504438278894668 90.580954959831387896 -9143.2669512345601106 6.1779462564265461566
61000 352.24552167943238601 2373.1053089944030035 0.23731053089944 23569.399785827397864 93.202585854538710919 -9142.7913884354784386 6.1821675636396218323
62000 355.62660822755663048 -3110.3734649396242276 -0.311037346493962 23634.903348893090879 94.097206197135875527 -9148.0537935861866572 6.1650338357411103019
63000 355.14100688824362351 -1192.6645907123197503 -0.119266459071232 23618.363013905531261 93.968718259794300707 -9144.5464174764420022 6.1693513121382999032
64000 351.15275349565592933 1756.8968233508708181 0.175689682335087 23578.930157191934995 92.913444292193375418 -9143.0678401162804221 6.1796687923923050434
65000 348.2625776143399321 -584.12608336192681691 -0.0584126083361927 23602.70475508520758 92.148716711190331807 -9146.1097933904238744 6.1734441184755972643
66000 346.56002492630130973 -481.78271157031383609 -0.0481782711570314 23618.685604061789491 91.69822890279398564 -9139.7892875330271636 6.1692670495321095814
67000 358.01076053297839508 157.34154335827150817 0.0157341543358272 23595.730247139243147 94.728042208554626313 -9145.5015664185102651 6.1752688865419935738
68000 360.34230843154796275 -1584.3085596948073999 -0.158430855969481 23629.937784525569441 95.344959329755567978 -9141.0175334096857114 6.1663293479264771335
69000 349.06757367624481958 -2857.3990379780461808 -0.285739903797805 23650.118664701516536 92.361715060224099716 -9141.5132711489804933 6.1610675581037623871
70000 361.45970100736042241 1576.3935396343651973 0.157639353963437 23586.678306928497477 95.640616395837923847 -9141.5667787818692887 6.177638790604738972
71000 356.05843030205414834 3776.7280957923258029 0.377672809579233 23562.014421111558477 94.211464382109667781 -9138.788315226422128 6.184105325045582191
72000 358.08487856908448066 -2922.5354671766062893 -0.292253546717661 23652.485760906049109 94.747653508623429275 -9141.3982427573973837 6.160450970072377963
73000 356.28389980022654981 -2493.8366835744009222 -0.24938366835744 23650.931993997375685 94.271122600504639877 -9140.0090675536539493 6.1608556858299747816
74000 352.51028386257593183 2033.8046863097677033 0.203380468630977 23572.058458195853746 93.272640741220641303 -9142.3323298554696521 6.1814702822330040988
75000 364.94044923078911324 92.262751585260858178 0.00922627515852609 23610.293340310676285 96.561606770918928078 -9140.5563818213067862 6.1714599115810671037
76000 358.76369022682848708 -1555.7267612311391076 -0.155572676123114 23637.901544431519142 94.927264030024261388 -9139.1245820922977146 6.164251872210809502
77000 364.51712506014132487 1042.9688451378356149 0.104296884513784 23603.721151559715508 96.44959709320607999 -9138.7504773548207595 6.1731782846777267793
78000 365.46287907027317488 2994.4360122025686906 0.299443601220257 23557.360044290282531 96.69983936429679261 -9142.5426616046861454 6.185327157900838202
79000 359.25800867525106241 -1960.9814811345331691 -0.196098148113453 23647.455314640941651 95.058058475355807104 -9138.7693856976966345 6.1617614627728167775
80000 350.0997051863889169 -330.85739497948827648 -0.0330857394979488 23603.004096300945093 92.634812430571713548 -9143.1566521936274512 6.1733658247863631985
81000 363.66934166236569581 1778.9014983624265369 0.177890149836243 23594.948438683364657 96.225277406924462298 -9138.6698755579600402 6.1754735014173069985
82000 365.92595685049116128 886.51181898252673363 0.0886511818982527 23596.471987402092054 96.82236766887911017 -9141.3105704359077208 6.1750747708466677821
83000 359.63339199943459334 -3229.3744032372110269 -0.322937440323721 23657.307747187227505 95.157383220021898751 -9140.6875681905512465 6.1591953069013616329
84000 378.17858626598655292 -1214.6644690148048085 -0.12146644690148 23631.040181512322306 100.06435848141478573 -9140.964936380243671 6.1660416863237603735
85000 363.40673525371522601 1217.5518505267059481 0.121755185052671 23592.034300022947718 96.155792928508660111 -9141.7007452485122485 6.1762363091450342978
86000 370.51962437770919223 3173.2736322009691321 0.317327363220097 23575.928138527167903 98.037831502319647825 -9136.8534262872744875 6.1804556747134515859
87000 380.31778865878311535 -2312.603628950514576 -0.231260362895051 23651.442457463559549 100.63038184410868325 -9139.4432723466306925 6.1607227175446910294
88000 367.23984256899717593 -2782.037026360136224 -0.278203702636014 23655.951523279665707 97.170015939603061383 -9139.8451451323617221 6.1595484209123680941
89000 377.28249014870868905 938.3233029845399642 0.093832330298454 23606.912642827461241 99.827255466147718721 -9138.0351592021488614 6.1723437136820242799
90000 367.41421805029585812 918.10417794618535936 0.0918104177946185 23597.552885606470227 97.216154910197147387 -9139.8116455699073413 6.1747919183295412182
91000 372.24945182230351293 -1289.1432286696212941 -0.128914322866962 23635.056664707099117 98.495536089022834858 -9138.3695973429712467 6.1649938444182916797
92000 373.72611221130284775 -921.97988488142755159 -0.0921979884881428 23649.70451286896423 98.886253807810362559 -9133.4639761812140932 6.1611754502517710463
93000 377.79864837190194748 845.71298036176028745 0.084571298036176 23607.855267797629494 99.963828617971856261 -9138.9900075131445192 6.1720972615904230452
94000 371.37159721543974911 -369.95978742836939546 -0.0369959787428369 23636.083789587508363 98.263259695631305135 -9135.4911736627454957 6.164725939691707346
95000 372.35928575529209184 -540.58741728916629654 -0.0540587417289166 23627.907713797685574 98.524597655285788278 -9139.2273888974414149 6.1668591487391157813
96000 372.61051392259543036 1912.2608373228447363 0.191226083732284 23592.684776436231914 98.591071502051903508 -9137.4107061198083102 6.1760660234789463985
97000 369.45814014399059033 -1309.5964917421783866 -0.130959649174218 23641.420146439722885 97.756967532907893315 -9137.0984505772230477 6.1633344337116717782
98000 368.66734816810355824 -1720.0230488360518848 -0.172002304883605 23660.343274250062677 97.54772752135491487 -9131.4969038991330308 6.1584051068682228447
99000 373.59551067957056603 1239.1621228202818656 0.123916212282028 23602.621193298029539 98.851697228024832498 -9139.3191794949034374 6.1734659746931486168
100000 380.29637651536040721 3676.4117145291675115 0.367641171452917 23582.058079674145119 100.62471628695362824 -9133.425154668137111 6.1788491215695540149
101000 378.52279207117408077 -1569.4820424348392862 -0.156948204243484 23650.838810003962863 100.15543379432911308 -9136.8843360632945405 6.1608799595202334842
102000 385.34880602933992577 2253.126588411029843 0.225312658841103 23604.19883208680767 101.96156648537640876 -9133.0117779571337451 6.1730533574527939322
103000 371.78573886354371325 -1019.7274995119879577 -0.101972749951199 23635.59478150722498 98.372839719045998663 -9137.3833252654967509 6.1648534846435101286
104000 386.7854618782482703 -1785.4776665552637951 -0.178547766655526 23658.443457683144516 102.34169918220358397 -9133.8550965797985555 6.1588996381364671251
105000 386.39185015414852842 1140.5516146011520959 0.114055161460115 23616.782537488041271 102.23755128464097197 -9133.1292175167709502 6.1697641759246595328
106000 388.13137865113441194 -1252.8852156817597461 -0.125288521568176 23648.808996348307119 102.69782272631537978 -9135.7359701316654537 6.1614087573245805984
107000 390.97947195206495508 -4247.1910782240793196 -0.424719107822408 23714.507103216797987 103.45141544521241883 -9130.0137993887983612 6.1443393369382608427
108000 386.33923202677277686 2173.0776968600202963 0.217307769686002 23598.503356524659466 102.22362876403414589 -9134.9417589883923938 6.1745432178058017314
109000 390.08849340538336037 1547.8066179315494537 0.154780661793155 23616.501353673564154 103.21566651618213939 -9133.1024519263064576 6.169837634638946966
110000 388.16398887040998034 -1806.6917817402895707 -0.180669178174029 23667.24665632061442 102.70645124413805149 -9132.5182631834904896 6.1566087921546728268
111000 373.84234825048486073 783.29351656906271728 0.0783293516569063 23624.717000198514143 98.917009342670255023 -9133.2537999309206498 6.1676920341171665996
112000 400.63079810067472408 1387.5897707847909714 0.138758977078479 23615.433806132881728 106.00511307545394857 -9134.03847487006351 6.1701165452466169015
113000 387.94102372596944406 -2404.8228814376666378 -0.240482288143767 23677.22953696465629 102.64745566651306774 -9131.1015150183120568 6.1540130201008444999
114000 397.15704307300575238 -2613.8396249957618238 -0.261383962499576 23685.220446316856396 105.08597306861918241 -9131.2443120007901598 6.1519367818700310124
115000 381.2470805701284462 392.11358519967564007 0.0392113585199676 23638.414301032640651 100.8762683176630901 -9129.5304372394239181 6.1641181593145812911
116000 393.09243909602889744 1572.2946171128662627 0.157229461711287 23630.540430347838992 104.01049707868268968 -9128.2421445408544969 6.1661720890338500567
117000 395.71658546324334793 -345.03582272875507897 -0.0345035822728755 23645.23922808786665 104.70483444291400588 -9132.9984129597360152 6.162338957319993149
118000 392.88929796771651581 -77.508333439697693734 -0.00775083334396977 23659.37646068576214 103.95674684685049272 -9126.0105910028833023 6.1586567631027673286
119000 393.33375046786346729 2011.7476303360676866 0.201174763033607 23609.411156128240691 104.07434698582659394 -9133.7966555801685899 6.1716905130255730327
120000 393.81497263349018567 495.48967322746341324 0.0495489673227463 23641.760841685601918 104.20167621344342024 -9129.2932565973296732 6.1632456155075461268
121000 390.3814390959533398 -4344.1918666146175383 -0.434419186661462 23714.379156609371421 103.29317863257722365 -9129.0881393274539732 6.1443724876004752744
122000 401.87965772819188714 301.59359182025934842 0.0301593591820259 23649.141630774774967 106.33555573402625782 -9129.5663034544631955 6.1613220947006164252
123000 400.337954008800466 1568.1585347183324757 0.156815853471833 23626.798803203077114 105.92762784161826062 -9129.1554600427916739 6.1671485868260296215
124000 382.81715273906576158 1610.1784970604001046 0.16101784970604 23621.045077128892444 101.291702374639911 -9130.9305283793255512 6.1686508100981809477
125000 404.2775460469147788 -3304.8266444778587356 -0.330482664447786 23701.558745024583914 106.97002623298338619 -9129.8344128887856641 6.147696040497089065
126000 405.81209833940840781 1444.2552792293076891 0.144425527922931 23626.362949202262826 107.37606188989538225 -9130.6362725886974658 6.1672623570407241189
127000 401.42829931822740264 2132.4453631611404489 0.213244536316114 23614.38608284341899 106.21612832227290824 -9131.4782598511883407 6.1703903010317757705
128000 404.95079349630015031 -2626.8991647278198798 -0.262689916472782 23692.674094642807177 107.14816448979789243 -9129.4496171133414464 6.1500013999409013365
129000 408.14165523856280515 -2283.4457152322820548 -0.228344571523228 23703.327243570231076 107.99245220157709468 -9124.8551101646226016 6.1472373626332181829
130000 403.19471391164478291 -1.0927228899721939115 -0.000109272288997219 23651.162122641679161 106.68351370452772642 -9129.5970457736166281 6.160795739965184481
131000 421.98021127319299239 -122.00021912952978198 -0.012200021912953 23658.28460283613822 111.65407208753339319 -9128.0698894502929761 6.1589409924052223033
132000 393.30405454017710554 -2409.9645916917811519 -0.240996459169178 23697.711208584427368 104.06648957649311171 -9125.6292723581937025 6.1486941742126459687
133000 422.60753364674548038 818.27385018576853781 0.0818273850185769 23645.95302813872695 111.82005877517313763 -9128.332740744599505 6.162152934880723798
134000 396.84573245779819217 1854.8604185542915275 0.185486041855429 23635.500810223333247 105.00360167549833079 -9125.9659979065545485 6.1648779951965808621
135000 409.55742079157892022 -48.123769826338190114 -0.00481237698263382 23660.234796834585723 108.36705741976626882 -9126.3441123936117947 6.1584333419164032364
136000 416.60747191312225368 213.50666139998523363 0.0213506661399985 23668.377482025010977 110.23246933984319185 -9123.2625853989666211 6.1563146422291294968
137000 407.215685099808411 5787.9126143730663898 0.578791261437307 23569.241234134751721 107.7474446541581159 -9127.2385508069874049 6.1822091514498405118
138000 419.1096466521239563 -849.88663765030582908 -0.0849886637650306 23675.924431186682341 110.89453355807079049 -9125.2053674584676628 6.1543522523860971774
139000 410.64884613444428396 -989.22169394334628123 -0.0989221693943346 23665.143265944712766 108.65584367242671249 -9129.6492552811541827 6.1571559999841838362
140000 405.83904048036657741 -1384.6052577630950964 -0.13846052577631 23677.934319838837837 107.38319065960631349 -9125.6227843609194679 6.1538298435227920535
141000 413.02283393472345097 1803.5672451893669859 0.180356724518937 23639.041358532864251 109.28399020135407227 -9125.3689506664304645 6.1639546477548083914
142000 407.32162869310212727 1218.411474505167007 0.121841147450517 23659.425022409781377 107.7754768539789012 -9120.3717763481981819 6.158644122263449816
143000 415.5348403838091258 476.12128439859071705 0.0476121284398591 23653.735936592154758 109.94865584599251918 -9127.1488257914570568 6.1601253705121701287
144000 424.1278692266366761 2036.5558741339793869 0.203655587413398 23648.539904307279357 112.22233275366667726 -9122.3330720959602331 6.1614788667717101944
145000 417.36554242286342742 -2691.1951361750857359 -0.269119513617509 23701.63624069866637 110.43305139815036853 -9127.036223417331712 6.1476759397815152752
146000 423.56280681127515209 1373.828241277689358 0.137382824127769 23665.724435181400622 112.07281977184135258 -9119.5389385564103577 6.1570047960917158036
147000 421.45619158495378542 5290.7284697525174124 0.529072846975252 23578.661029444359883 111.51541882730251132 -9126.3436342774984951 6.1797393273705543137
148000 427.26735769914267848 -323.13660049760966331 -0.032313660049761 23674.550167753619462 113.05302732858415027 -9126.2934839509907761 6.1547095010431869255
149000 421.26786765413442026 -577.93901290128769688 -0.0577939012901288 23681.650872282596538 111.4655891594987196 -9122.0806043724769552 6.1528640733800443741
150000 427.72779972581025731 832.05597216492753887 0.0832055972164928 23671.745866142631712 113.17485822459359213 -9121.4313353876514157 6.1554386260459033053
151000 411.51265181722783382 7443.472396003526228 0.744347239600353 23569.225044756341958 108.88440278349055745 -9121.437814174558298 6.1822133979247739788
152000 415.52154859759218652 -480.50194745632092008 -0.0480501947456321 23679.986757557297096 109.9451388989490539 -9123.0584226221599238 6.1532964668527316832
153000 420.14444916967346444 -1907.4307863797896516 -0.190743078637979 23697.890706011228758 111.16833766500324998 -9124.7958326352090808 6.1486476015114650551
154000 431.53975393363515423 478.97366570448838274 0.0478973665704488 23676.699110721692705 114.18348421828812889 -9119.7498083336449781 6.1541508877144899259
155000 431.70245304804387843 32.975788450722696155 0.00329757884507227 23674.432480867126287 114.2265336745504527 -9123.4021441866825626 6.1547400964375658106
156000 425.70063781878451437 -2048.864540717384898 -0.204886454071738 23702.25025451239344 112.63848027213641956 -9123.6607953848288162 6.1475166824152811529
157000 423.67036005046946912 697.77414762043440533 0.0697774147620434 23665.779613118531415 112.10127787675109801 -9121.5988581683050143 6.1569904407301301319
158000 431.77681506917508614 3149.0344655035637516 0.314903446550356 23645.668678437814378 114.24620953196307482 -9119.7408426221245463 6.1622270375152412569
159000 426.25898193459420327 488.90978899719982564 0.04889097889972 23670.016097480118333 112.78621562201971074 -9122.6203116040305758 6.1558884561091993248
160000 439.08150080506351287 -2350.9162763834965517 -0.23509162763835 23712.318538238607289 116.17899662942163275 -9124.0044441780228226 6.1449064382052780431
161000 436.71666093876234527 -1005.2726873830905561 -0.100527268738309 23698.994279893315252 115.55327060281294393 -9120.4330539929505903 6.1483612818970954095
162000 420.28803562593293464 646.12122738384630338 0.0646121227383846 23661.429348244721041 111.20632999760486825 -9123.1821002180131472 6.1581224323291356981
163000 428.80050440161818415 882.44305897410242778 0.0882443058974102 23665.568950098360801 113.45869107267886022 -9120.0986095004773233 6.1570452482103190661
164000 421.39631813994816412 -1571.6537407098232961 -0.157165374070982 23706.439696409572207 111.49957658217775247 -9120.0933049964751262 6.1464302829270947015
165000 430.46785439069498125 -2089.4851736071277628 -0.208948517360713 23700.906325068925071 113.89986440475010454 -9123.9328894120480982 6.1478652694507474052
166000 440.21130354936656204 477.66883067762694282 0.0477668830677627 23672.350041936431808 116.4779373704494958 -9121.9959414575168921 6.1552815243212544161
167000 428.54894576228099368 1324.4183693525558283 0.132441836935256 23658.826014151483832 113.39212978449414493 -9121.3259215844045684 6.1588000504860485051
168000 437.76100543749430472 -2708.758738030629047 -0.270875873803063 23729.208598497447383 115.82959947518784816 -9118.7719105761480023 6.1405325949059781365
169000 424.257070590975502 -3613.7261700343110533 -0.361372617003431 23729.055523712941067 112.25651885543710762 -9121.9172866651770164 6.1405722071317061506
170000 440.27486203335570281 -377.05489450063254253 -0.0377054894500633 23689.803880792544078 116.49475466036858506 -9120.3651682581366913 6.1507465230025388792
171000 444.29987289324532185 723.29495153967081933 0.0723294951539671 23675.103563127304369 117.55975448902707114 -9120.3014158176956698 6.1545656373529959993
172000 431.86390871179474971 -1026.6015223594763484 -0.102660152235948 23712.759152943894151 114.26925411934331578 -9116.3570085111823573 6.144792257644431821
173000 446.89648797651750556 791.1005076994904357 0.0791100507699491 23669.008449684784864 118.2468071989550964 -9120.3676157073350623 6.156150527393018379
174000 451.138416184937455 3699.6555075690635022 0.369965550756906 23640.34961815304996 119.36920238555408957 -9117.0915640780040121 6.1636135338078252843
175000 445.45837961274509098 -888.01126808909543797 -0.0888011268089095 23700.496583831165481 117.86629017320674961 -9120.9194892046507448 6.1479715555750136247
176000 434.62410939003490284 -273.07122058676094412 -0.0273071220586761 23689.239454206006485 114.99959084431539225 -9118.8976151495990052 6.1508930724462782536
177000 445.07735185061608263 1192.7728093266164251 0.119277280932662 23688.669446494521253 117.76547193556535831 -9114.2489328491210472 6.1510410780779052331
178000 435.93804738209604466 1500.0734056262831473 0.150007340562628 23667.97760688096605 115.34725294638766968 -9117.8414617001217266 6.1564186543777479343
179000 444.57283940270235689 -1240.014295904626124 -0.124001429590463 23715.876008788589388 117.63198020367002528 -9118.0522322097131109 6.1439846791406660387
180000 441.08245091471627575 -399.32661933248340347 -0.0399326619332483 23708.401467715393665 116.70843905780621697 -9114.7508884510480129 6.1459216914651735308
181000 445.2978539673727596 -3638.0457546451439157 -0.363804575464514 23751.970973572948424 117.82381580710739399 -9117.5947926576300233 6.1346478998529194726
182000 434.32932256888187794 490.59273980851651231 0.0490592739808517 23702.386657272938464 114.92159157302214112 -9112.9797924132617482 6.1474813046173366615
183000 443.62555585109174672 1586.5645075321829154 0.158656450753218 23663.85777037545995 117.38133322276128467 -9119.5913156314963999 6.1574904761644404516
184000 447.31456531716378322 -928.31113866916757615 -0.0928311138669168 23708.495235689188121 118.35742858897202723 -9116.925914092154926 6.145897384118022444
185000 452.88544663347630603 -1872.6073289366338486 -0.187260732893663 23732.173821121283254 119.83145880997676613 -9114.680965195339013 6.139765364465562314
186000 450.90740735022910712 3711.7980274313977134 0.37117980274314 23647.212758582008973 119.30807848354561429 -9115.3270511492246442 6.1618246656792967642
187000 452.1483506742521854 -2028.6450175800030138 -0.202864501758 23727.307752438209718 119.6364265237036193 -9118.6402951945456152 6.1410245262833784707
188000 447.34194947011337717 -1224.0096337406105249 -0.122400963374061 23722.740719715497107 118.36467431307426068 -9114.2420011521971901 6.1422067783803804275
189000 451.70844345119667196 -1689.7337808003917416 -0.168973378080039 23708.751764076230756 119.52002904466858979 -9121.4202590480927029 6.1458308855879204557
190000 439.90145162050487215 5478.481891331874067 0.547848189133187 23624.359920828865143 116.39595193919620897 -9112.1876153696357505 6.167785258043280372
191000 460.71057758388593584 -346.34565209946629238 -0.0346345652099466 23718.824674725492514 121.9019533779454747 -9112.2647523711111717 6.1432208740791303114
192000 446.03195479306072002 -1030.4373268353751882 -0.103043732683538 23721.599446350232029 118.01805559447463168 -9115.2182150810622261 6.1425022869954704063
193000 468.94716666647843795 1564.5732119064589369 0.156457321190646 23690.545033190075628 124.08131792304681085 -9111.9310423234182963 6.1505540985342221916
194000 443.18909960985439511 -4209.5409572384442072 -0.420954095723844 23778.479080482335121 117.26584885804395242 -9110.4665312594624993 6.1278090308979145107
195000 455.96172942632819058 257.35435969348822027 0.0257354359693488 23711.472633169330948 120.64542944542051828 -9112.1647293021705991 6.1451256572975179182
196000 449.60012666557526018 3793.0148370731881187 0.379301483707319 23648.060775124031352 118.96217787516735598 -9114.222365201687353 6.1616037034069472966
197000 458.53440877624387895 -2022.8125391233202208 -0.202281253912332 23750.282224484697508 121.32614886761072626 -9110.3886491312987346 6.1350841001872860048
198000 444.64910018088676225 -2610.7839741843845331 -0.261078397418438 23750.981996618531412 117.65215846368644748 -9110.4979450836581236 6.1349033429919561655
199000 462.51783895905492727 993.0355078480499742 0.099303550784805 23711.54471435594678 122.38014663552809225 -9107.8294419338089938 6.1451069766103412206
200000 459.99545602898677998 1441.6889253591425586 0.144168892535914 23692.356110532000457 121.71273542054137806 -9111.6376620200680918 6.1500839414457431076
201000 470.26902974092450904 -3214.3068655749038953 -0.32143068655749 23760.199054387579963 124.43107696638853099 -9112.2219230321134091 6.1325234909380883508
202000 457.52069969901708646 -1771.4790347359944462 -0.177147903473599 23729.623993690402131 121.05792599042186453 -9116.4756948790927709 6.1404251027804068741
203000 462.19763243928474594 3476.4147133636229228 0.347641471336362 23661.283412158714782 122.29542142594196719 -9112.6693002027241164 6.1581604138819230343
204000 463.58158519914087492 -698.16003424972859648 -0.0698160034249729 23735.70047750201411 122.66160912168365371 -9108.4063996998957009 6.138853116574697566
205000 458.20007700002508955 -947.10791510509614 -0.0947107915105096 23725.279537831214839 121.2376861784944424 -9112.5204363467655639 6.1415495070586842985
206000 463.69427094832076364 1335.1966310612474444 0.133519663106125 23699.451404850322433 122.69142526572558438 -9110.1943151496452629 6.1482426897263886545
207000 468.82507827792801436 -368.9293173493492759 -0.0368929317349349 23725.43481477729074 124.04901388278119612 -9112.2887889259109215 6.1415093121767325712
208000 485.31704947814517936 820.11001534156116577 0.0820110015341561 23710.916787578677031 128.41271552580076332 -9109.3903077178365493 6.1452697150339279375
209000 459.88178171373664327 458.1279459806117984 0.0458127945980612 23711.146337285477784 121.68265770634917544 -9111.5693718767761311 6.1452102221337856491
210000 481.52002827092786674 -2610.228927790526086 -0.261022892779053 23766.124886046898609 127.40804073711957756 -9107.6753116489289823 6.1309944111226633012
211000 460.32924589891854339 135.28023481108800752 0.0135280234811088 23722.360895762092696 121.80105472368359187 -9108.996156328030338 6.1423051226080662701
212000 479.30249983030734029 2257.360305686391257 0.225736030568639 23683.929939983092481 126.8212926533216347 -9110.1919458009306254 6.1522719928507276776
213000 481.74742428131060024 -1758.5233726198343902 -0.175852337261983 23734.136766233012168 127.46820870200846798 -9113.3498501100475551 6.1392575717226431919
214000 478.31167518030940755 -402.14380221936158932 -0.0402143802219362 23737.173803341625899 126.55912489298238199 -9107.6996936368832394 6.1384720884456900336
215000 472.3422486089879726 80.929934861649016398 0.0080929934861649 23720.86329886985186 124.97964138425439273 -9111.3687788395363896 6.1426929119118076628
216000 489.37206651356200382 326.19129704114163815 0.0326191297041142 23731.4537639387745 129.48565485398049191 -9107.87133364564761 6.1399516565567919812
217000 475.34505752385450705 -494.38576639317540184 -0.0494385766393175 23730.16558253733092 125.77417116098018823 -9108.724919752949063 6.1402849610801935043
218000 481.21299651101389827 1648.7171405952649366 0.164871714059526 23709.639711473733769 127.32680150992652557 -9107.158328144441839 6.1456007186766230532
219000 451.97777820286478345 -4108.9093691479492918 -0.410890936914795 23775.706600994846667 119.59129381248246204 -9110.6930240254660021 6.1285235932504251721
220000 485.47510349690446674 1389.981492222079396 0.138998149222208 23705.187753480789979 128.45453591057906806 -9108.4131669889466139 6.1467548945694900908
221000 469.10030330024068235 1170.6450441044119088 0.117064504410441 23693.930727654649672 124.12183718980044489 -9112.467305526817654 6.149675228024942264
222000 472.44333373310143998 -4307.4541032552842807 -0.430745410325528 23798.635584750638372 125.00638805491151118 -9106.3004281380854081 6.1226190187038627144
223000 487.49455752236207218 3020.8383337908476278 0.302083833379085 23675.295528480914072 128.98887439212913364 -9110.4488729396907729 6.1545157345601264609
224000 484.64401817361402891 -21.316223367217229878 -0.00213162233672172 23745.35997718767976 128.23463445994568133 -9102.9365877368345537 6.1363558602767573902
225000 475.43612924000973408 3925.8412636674415808 0.392584126366744 23667.567548235077993 125.7982683287835215 -9107.6678341768929386 6.156525319023018028
226000 500.70134281330899739 -2803.7705457070883313 -0.280377054570709 23767.003178794824635 132.48333057165200444 -9110.5176744559375948 6.1307678445720403815
227000 485.84361557082553418 182.33898742581237684 0.0182338987425812 23735.292966651984898 128.55204255323076268 -9105.5728483325456182 6.1389585144417164742
228000 478.694615858976249 1640.3412099271508851 0.164034120992715 23727.985060395360051 126.66044927976373913 -9101.380583760823356 6.1408492326473567147
229000 475.41889442898286688 -4462.7768777288611091 -0.446277687772886 23801.481729681414436 125.79370807505266328 -9106.285819293523673 6.1218868852475907261
230000 475.47152759116187326 1988.2206954020923604 0.198822069540209 23704.931451426040439 125.80763457380101045 -9104.9593204529664945 6.1468213544077201504
231000 488.74268151905533841 1753.1931414158113967 0.175319314141581 23715.400983757088397 129.3191224060834088 -9105.7832341630673909 6.1441077445915839306
232000 489.91334114156535406 -55.590395481293384705 -0.00555903954812934 23731.26486960310649 129.62887369391589232 -9107.0309406697397208 6.1400005288817842697
233000 483.66111109436019433 -3631.2836713503611463 -0.363128367135036 23795.139642712660134 127.97456165332937417 -9103.5620094166406489 6.123518543629179689
234000 488.39707236649377364 2522.5343818257642852 0.252253438182576 23698.421755569394008 129.22767577374537495 -9105.8985308541869017 6.1485098186402780129
235000 489.09339656901715898 -379.62733567325449258 -0.0379627335673254 23737.241457327287208 129.41192003598285964 -9107.5918309576809406 6.1384545930638694244
236000 494.31771965414196757 -947.8436326867928301 -0.0947843632686793 23770.193717681413546 130.79425250269997605 -9098.3810415614661906 6.1299449462210606754
237000 493.79703469025071172 -382.17030180050613808 -0.0382170301800506 23746.015858768336329 130.65648159558136854 -9105.3060906665486982 6.1361863698323375615
238000 489.91805971361117145 1653.8741195076170243 0.165387411950762 23718.157501166399015 129.63012220692499454 -9104.3135975490713463 6.1433936781653946113
239000 480.66040274271398403 -2108.6127636061551129 -0.210861276360616 23775.928987240247807 127.18058767621445782 -9104.7205245883287716 6.1284662705963874885
240000 495.16662828716874856 -575.09284357654632913 -0.0575092843576546 23758.235158207473432 131.01886992118440389 -9101.9389749594774912 6.1330304157739634618
241000 489.93598756121593851 6681.9622468765446683 0.668196224687654 23638.508455724640953 129.63486583502734106 -9105.0196778513964091 6.1640936069766940619
242000 499.2964246605495191 -1581.9595109715737635 -0.158195951097157 23772.298231339125778 132.11159552693982278 -9103.9229689204294118 6.1294022745477203529
243000 502.99802369775687794 -2269.6421078496678092 -0.226964210784967 23773.15769035437188 133.09102203723162461 -9105.4531685100009781 6.1291806813495615103
244000 497.8939384882467607 936.37905670371867473 0.0936379056703719 23737.808583408874256 131.74050397335346929 -9099.3551664632814209 6.1383079376686113804
245000 498.34675340326145943 455.36798957651882347 0.0455367989576519 23738.436336154914898 131.86031676981332339 -9103.3646958770859783 6.1381456127534672618
246000 494.68351976425026351 -169.46540451698112406 -0.0169465404516981 23760.597075553789182 130.89104157188506861 -9097.4393187934510934 6.1324207631259923801
247000 498.68519836473984697 677.57049796567127942 0.0677570497965671 23728.694770025853359 131.94986778930913829 -9106.2819636859730963 6.1406655638917824191
248000 493.78944289383935029 -3113.4407097394605444 -0.311344070973946 23803.08907126674967 130.65447284028635977 -9100.6119872055496671 6.121473495063572301
249000 499.30647839721746095 -3569.1809553639668593 -0.356918095536397 23792.65110065312183 132.11425570058941048 -9104.2604793786904338 6.1241590201100777335
250000 496.12650108111893132 -654.42388388703159308 -0.0654423883887032 23762.064922664503683 131.27284795917634597 -9099.8862097881356021 6.1320419468855629219
251000 499.05238191471602249 1042.6499060733203805 0.104264990607332 23730.767105906415964 132.04702291048104712 -9102.016177223471459 6.1401293182018807926
252000 512.18102078069080108 413.77960266800613454 0.0413779602668006 23744.690772743560956 135.52080189630115115 -9103.30284047610985 6.136528803215947292
253000 477.09166132383666081 1812.7309081209441501 0.181273090812094 23730.73509170509351 126.23631469610752731 -9097.6282997390317178 6.140137601608837592
254000 497.72234435553110643 931.70457301642466064 0.0931704573016425 23746.766145122695889 131.69510093512516846 -9096.9633317243897181 6.1359924951433395535
255000 493.71465515045946404 -3295.0047420474265891 -0.329500474204743 23798.838197425418912 130.63468433867535623 -9100.3290212298088591 6.1225668934612036409
256000 521.83042566165920562 -814.93606876379487858 -0.0814936068763795 23773.793818624246342 138.07399116773817127 -9099.0109545662890014 6.129016679544367463
257000 499.33622681022194456 1016.7446773050007778 0.1016744677305 23747.650569251185516 132.12212699730275745 -9096.9437314713668457 6.1357639748609171804
258000 507.53706463308697039 -1030.4453845871046269 -0.10304453845871 23765.420752328798699 134.29203191935971518 -9101.413804972791695 6.1311760632775040847
259000 513.77146106753582444 -4376.4255379269607147 -0.437642553792696 23826.116241301868286 135.94162526596230123 -9099.1332902429967362 6.1155572890982901058
260000 515.10570042440122052 2498.7862876486865389 0.249878628764869 23734.978043128099671 136.29465901814700146 -9094.7763606863336463 6.1390399681698317735
261000 503.59159069610080905 1555.9843461207822202 0.155598434612078 23727.862569591223291 133.24807720392274746 -9103.0079082734264375 6.1408809336721912331
262000 512.62128428369464928 -2110.8410656851647218 -0.211084106568516 23801.963280059106182 135.63729364541322298 -9096.5461418043923914 6.1217630300467780202
263000 509.72956386095700054 -511.5141689819205908 -0.0511514168981921 23767.23891944864954 134.87215738567448398 -9099.9001020899268042 6.1307070351854298096
264000 509.73859204042508964 1532.7493792483237485 0.153274937924832 23746.454869313369272 134.87454620148673712 -9096.6164829308709159 6.1360729276138048505
265000 496.02276549774654768 -1455.4391951797952061 -0.14554391951798 23782.856309936374601 131.24539998888181458 -9098.1462137242688186 6.1266812089984243883
266000 528.15975177765233184 620.82538139118537401 0.0620825381391185 23751.714892029242037 139.7487024824900459 -9098.2408092457462772 6.1347140411867737697
267000 502.43815614392877933 -945.23667928799659421 -0.0945236679287997 23770.776073720844579 132.94288359247849485 -9098.3206499857915333 6.1297947697838361947
268000 509.92168962122923404 863.14897681088973513 0.086314897681089 23758.471883181457088 134.92299300050717648 -9095.1939910493565549 6.1329693074050100066
269000 510.3319889138026042 1291.0053279212545476 0.129100532792125 23742.255877453295398 135.03155635387446409 -9099.2752650129514222 6.1371581370567858116
270000 507.33825032983992287 -121.72378947595392162 -0.0121723789475954 23775.843395120584319 134.23942654604184099 -9094.7445210276200669 6.1284883328387094181
271000 506.66064209548227382 2641.7624845141353944 0.264176248451414 23736.988960122922435 134.06013444507388499 -9094.5668562485971052 6.1385198895775285877
272000 521.69456329147817542 -2424.0256194646799486 -0.242402561946468 23796.427199571255187 138.03804259368442331 -9099.0378610625411966 6.1231872174921315732
273000 536.60061839893285196 517.52212113681696337 0.0517522121136817 23763.207710146358295 141.98211794851422951 -9095.7160610248902231 6.1317470531632762842
274000 538.75295441437629052 2379.6687870906671378 0.237966878709067 23722.462359043340257 142.55161640888002239 -9099.860087115495844 6.1422788513710120384
275000 522.84518575790798423 910.93603102414760997 0.0910936031024148 23746.706603586724668 138.34249213984836047 -9098.3403456221240049 6.1360078802838540213
276000 514.70757731643016086 -3304.7743746715304951 -0.330477437467153 23827.108809115445183 136.18931742863742329 -9092.8075626997269865 6.1153025328298786789
277000 514.11009315489980054 2887.7884496602350737 0.288778844966024 23721.24162809133486 136.03122579812853132 -9097.8542824550495425 6.1425949423255774562
278000 522.7708955741373984 -1684.9486261646204639 -0.168494862616462 23799.381195054782438 138.32283529027930058 -9094.5661070129317523 6.1224272033036521989
279000 516.81894914905956284 -969.68627159861182463 -0.0969686271598612 23790.627470643044944 136.74797694988063768 -9095.0589325117434782 6.1246799408800267628
280000 533.41119972425417473 1198.5479222558192305 0.119854792225582 23764.650432313435886 141.13821206594820978 -9091.7910724711127841 6.131374802478516628
281000 518.21373804156110054 -648.34319416289224591 -0.0648343194162892 23790.746504103764892 137.11703183773988712 -9093.5128411296864215 6.1246492969551278307
282000 542.81591254851446138 3376.1346052918020177 0.33761346052918 23723.665260201298224 143.62665691618005326 -9093.4213320074668445 6.1419674090090587981
283000 524.96685096932912984 1519.9364740948017243 0.15199364740948 23753.02797686228223 138.90387524297273103 -9094.9974015443895041 6.1343749096886606154
284000 516.17890350834375113 -2224.5518246149217703 -0.222455182461492 23810.072928077737743 136.57862374279022788 -9093.1805773207652237 6.1196779737104485264
285000 510.56526292533044398 -1504.3757505428118293 -0.150437575054281 23800.71444631860868 135.09327961151416275 -9091.9791728031304956 6.1220842415902589906
286000 521.79767684461887711 1197.0051194135430706 0.119700511941354 23754.386042167512642 138.06532597756830683 -9094.3230494185281714 6.134024200488291001
287000 546.54119624108523112 -60.412376560227734501 -0.00604123765602277 23800.026443977367308 144.61235028009829762 -9086.7288839391421789 6.1222612165319221234
288000 530.67381726774124218 -780.06848185571459453 -0.0780068481855715 23782.374954543378408 140.41391294014687219 -9096.3610097931668861 6.1268052130580166192
289000 537.22863461271629149 2429.389471117674475 0.242938947111767 23742.721113023548241 142.14828822316846413 -9093.8226854070926493 6.1370378802314604627
290000 538.36942258397527894 -1278.0496352702045897 -0.12780496352702 23802.463182875650091 142.45013560600008873 -9092.3759458295244258 6.1216344598833698498
291000 519.90854950748098418 -2897.994625184107008 -0.289799462518411 23840.898271255231521 137.56547135346895061 -9087.6625677113916026 6.1117654709377315925
292000 539.97699439655389142 -280.36184838009751275 -0.0280361848380098 23765.166254101244704 142.87549190056654425 -9099.7161228435852536 6.1312417212840273351
293000 536.02989828801412386 1940.4742179375245996 0.194047421793752 23763.688791061962547 141.8311079658089966 -9090.0369979297502141 6.1316229198053404659
294000 531.42484191539517724 -1743.8438270646199726 -0.174384382706462 23805.094561404028354 140.61263069493367084 -9094.4048970333424222 6.1209577838283868445
295000 542.34619593047887065 -3796.6210416134940715 -0.379662104161349 23846.911807897839026 143.50237200487433142 -9091.7843899742747453 6.1102242514328093392
296000 524.26244584973130713 2306.8902208540930587 0.230689022085409 23753.586422017386212 138.71749280630561429 -9091.6434713801718317 6.1342306909636628021
297000 541.93489420653168054 -2256.2802382689687875 -0.225628023826897 23831.265815481929167 143.39354341265962489 -9089.2758630099378934 6.1142358101572860107
298000 530.75411511642801088 -286.80276097881909436 -0.0286802760978819 23795.682108133161819 140.43515939091926725 -9089.9280092896879069 6.1233789469978825437
299000 544.42596901896217787 3236.7755788985004983 0.32367755788985 23727.87027671688702 144.05267064007949784 -9094.6905369275500561 6.1408789390329552305
300000 544.42061790092668616 -392.51370848820334913 -0.0392513708488203 23787.487535088133882 144.0512547582373486 -9093.8159271989825356 6.1254883953366165983
301000 533.36936447711195797 -1769.0206396689247867 -0.176902063966892 23831.630421379220934 141.12714264710956513 -9084.8024233456198999 6.1141422669798197731
302000 523.55344998426335223 750.45823856335107394 0.0750458238563351 23783.083065012517181 138.52989567886240252 -9089.648640790135687 6.1266227953747467438
303000 542.11400902903062615 4726.6499659533392332 0.472664996595334 23721.710643048270867 143.44093639168795562 -9090.9844355110890319 6.1424734937106064692
304000 542.90946582241463148 -923.45843077713425373 -0.0923458430777134 23823.26589887119917 143.65141069303740551 -9086.0050349721950624 6.1162889869478753724
305000 556.11391170561921626 -250.59462193696248278 -0.0250594621936962 23793.351705224042234 147.14524787575959408 -9092.0236876525923435 6.1239786918462968401
306000 554.3408237932561633 3823.0862512251642329 0.382308625122516 23743.500455055316706 146.67609676322948076 -9087.1866550954728154 6.136836441880798354
307000 531.43683943925464064 -2553.7983555895443715 -0.255379835558954 23819.238457183968421 140.61580518595977196 -9094.3416304131314973 6.1173231508772323295
308000 549.00815039286339925 -1280.599155618074974 -0.128059915561807 23814.935076636269514 145.26509528884696465 -9088.2692210919904028 6.1184285567650400495
309000 544.65086944448728445 -1857.2752182048384384 -0.185727521820484 23827.775904805275786 144.11217828440319977 -9087.2504419656543178 6.1151313254130403863
310000 547.06658383131241408 -786.36553430553817634 -0.0786365534305538 23817.371180017275037 144.75136548106266332 -9085.7203899490323238 6.1178027477964134206
311000 561.35752161747029731 2710.370331964450088 0.271037033196445 23762.129410117759107 148.53268355036209414 -9085.0038615770863544 6.1320253052891136036
312000 537.68125079724484294 -619.04404914107169589 -0.0619044049141072 23805.878166518497892 142.26804843643265031 -9088.3333257277481607 6.1207563035976928489
313000 565.47498163248167202 -2321.0605065631352772 -0.232106050656314 23840.311496544949478 149.62214501099913377 -9088.5319399204054207 6.1119158980583687679
314000 550.93363759060537177 -2860.3189866506249928 -0.286031898665063 23830.776772742534376 145.77457056905416266 -9092.160804080811431 6.1143612833073399671
315000 551.76327965281177512 926.8727293977113959 0.0926872729397711 23788.890362963295047 145.99409013927513001 -9088.0136289757283521 6.1251271760557317592
316000 562.07769289418274639 477.07144625618485634 0.0477071446256185 23816.094433331683831 148.72323764151914816 -9080.8431466972742783 6.1181307144327234937
317000 550.30168227790215951 -793.06497773635828707 -0.0793064977736358 23826.729842864675447 145.607358026485457 -9085.0072888501017587 6.1153997972588820531
318000 548.04079928520854992 1642.6618228586337409 0.164266182285863 23767.911781148319278 145.00913852257542658 -9090.2038062589854235 6.1305334769025714436
319000 555.42296184372389689 -1823.1845949588850999 -0.182318459495889 23846.0729927370121 146.96242563995815544 -9082.0735280935095943 6.1104391861409146358
320000 566.50571450895586167 850.6115257603611326 0.0850611525760361 23798.917730433946417 149.8948723091480133 -9082.741364861245529 6.122546432607880007
321000 556.45994164934199944 873.64613359992586084 0.0873646133599926 23785.142236152096302 147.23680584755240375 -9086.2563140368602035 6.1260923901024941784
322000 561.8139455652211609 -1320.2724476567618694 -0.132027244765676 23852.234204647054867 148.65345128070396186 -9078.2110867492046964 6.1088608136343296451
323000 553.36872183373077405 2253.4718111164479524 0.225347181111645 23760.928362980113889 146.41888294285197958 -9087.4697897576024843 6.1323352616733250997
324000 574.08342405444307133 -3961.1632123620561288 -0.396116321236206 23868.496008148107649 151.89990028261016164 -9084.1293705991229217 6.1046987962984786691
325000 545.20974598463476468 1986.5998921272837379 0.198659989212728 23791.52806489383147 144.26005451137930891 -9080.4285017579841224 6.1244480998848782605
326000 559.28199100438018831 3625.611539446005736 0.362561153944601 23760.552074491020903 147.98350745512618687 -9083.785366883246752 6.1324323775636875311
327000 537.79263979458983158 -783.65235506746307692 -0.0783652355067463 23831.720808081132418 142.29752146575265215 -9081.6909310432893108 6.1141190778379623794
328000 570.66411492256895599 41.935381814522287414 0.00419353818145223 23820.371652470901608 150.99516641571170794 -9083.1246899617963209 6.117032134353042494
329000 557.97371192482341939 4164.0453433577549731 0.416404534335776 23749.729528525247588 147.63734267593258664 -9082.2228248970168352 6.1352268738634654355
330000 573.23426473228994382 -1448.2642162593306239 -0.144826421625933 23846.620439559887018 151.67521653290680206 -9080.8609518398207001 6.1102989087994226125
331000 563.3048123341174005 -47.740952546785720756 -0.00477409525467857 23817.054754088516347 149.04792794392238875 -9082.6588672626985499 6.1178840270073155949
332000 571.02360004293007023 1697.2325851926286759 0.169723258519263 23808.101454088347964 151.09028456692095688 -9077.820884921189645 6.120184724993069203
333000 564.87303307426054744 692.34203849170523881 0.0692342038491705 23795.447893934913736 149.46287212114057752 -9084.2771029959003499 6.1234392182857790843
334000 564.02300691327923232 68.928062538842553408 0.00689280625388426 23826.551467706525727 149.2379590097694404 -9080.6160051245005889 6.1154455796041560234
335000 573.31400259340784942 4351.8479543857638419 0.435184795438576 23746.490820527375035 151.69631481347900603 -9086.3153509080475487 6.136063637850839747
336000 568.5337246188781819 -1829.7548057229851111 -0.182975480572299 23865.619934166163148 150.43147469228898672 -9076.2874232945650874 6.1054344807443072796
337000 563.12675887450063783 -577.32919751740166703 -0.0577329197517402 23823.730942502319522 149.00081579675438093 -9083.456949529270787 6.1161695958564319398
338000 568.51997836475004533 -851.27541332999351198 -0.0851275413329994 23849.453013634185481 150.42783749507367475 -9076.1233247335421765 6.1095731951209835131
339000 578.37422856218017841 3845.9615979429163417 0.384596159794292 23756.41945216539898 153.03522791888701704 -9082.7615263665793464 6.1334991640381781863
340000 571.20959387631762638 -3018.6905797335689385 -0.301869057973357 23869.119104190991493 151.13949770139052475 -9079.9699133990779956 6.1045394350063260092
341000 576.74873647136041654 62.115365935597353086 0.00621153659355974 23818.312869974226487 152.60512999903784248 -9081.3954990241618361 6.1175608719995144824
342000 558.57623878677054563 2984.1294958436169509 0.298412949584362 23761.173281595569279 147.79676858236442172 -9084.3848242760977882 6.1322720525445504336
343000 556.34928092513689535 -1750.0412637640097273 -0.175004126376401 23861.60621726403042 147.20752551604024916 -9075.6062442784386803 6.1064614646508852402
344000 584.11554669862300671 -2414.7793805599217194 -0.241477938055992 23858.01378323345125 154.55435495839844862 -9081.8228505864062754 6.1073809485681698206
345000 592.18286243673367153 2037.5848782294719967 0.203758487822947 23809.714680067401787 156.68893053543359883 -9076.8298841536852706 6.1197700521955313846
346000 567.22794137805578885 -461.37896914909896395 -0.0461378969149099 23844.775661301464424 150.08597030083521418 -9075.9809010146091168 6.1107716390418680419
347000 563.40709648620565986 -5065.8789039828689056 -0.506587890398287 23911.49742810040334 149.07499187200616575 -9078.7865020296121656 6.0937203656330103385
348000 571.32919316967206669 2365.9920905337726253 0.236599209053377 23794.495460110560089 151.17114313822636973 -9079.2644704780141183 6.123684324160901582
349000 588.7421752237188457 1966.8148191355783183 0.196681481913558 23808.20712415322123 155.7785401241071952 -9076.3870927374227904 6.1201575612375815894
350000 574.33683815422057251 -1753.2786017048038048 -0.17532786017048 23851.634340494052594 151.96695251730901077 -9080.5351406187073735 6.109014450343892122
351000 588.36635333525453007 -1928.6600347138319194 -0.192866003471383 23868.593935798082384 155.67909933729859517 -9076.5183400051246281 6.1046737500469676618
352000 559.5309439293378091 -1365.9879336167882684 -0.136598793361679 23840.983444733712531 148.04937928296791938 -9080.2809329276387871 6.1117436362543591244
353000 583.68412399737326268 1303.6269322896303038 0.130362693228963 23821.755014476737415 154.44020244579553491 -9076.9849986349581741 6.116676909902198922
354000 603.58140157250147695 -3109.4414950299010343 -0.31094414950299 23888.742998225454357 159.70493288899808704 -9077.1696289945393801 6.0995247368696068335
355000 589.09721217586707098 -549.75566496967292096 -0.0549755664969673 23838.898503471460572 155.87248130994927919 -9079.0695939030028967 6.1122781670964476675
356000 572.27538082429794031 854.43180539928505368 0.0854431805399285 23829.634257116078516 151.42150014970607685 -9072.9412305690530047 6.1146544373371751746
357000 589.61174029825940579 1351.4348296970927095 0.135143482969709 23803.353858502116054 156.00862314440951195 -9079.6960053087404958 6.1214054001197775179
358000 574.74556348910698489 -1357.3273127946997647 -0.13573273127947 23848.182532985563739 152.07509940852867203 -9081.2472824800006492 6.1098986746205223852
359000 599.40766183393031952 674.46185668729560803 0.0674461856687296 23827.346311367680755 158.60058006581957102 -9077.7259897683888994 6.1152415777362785221
360000 576.54142663749769326 -147.89689920623544594 -0.0147896899206235 23848.223372038424714 152.55027674640612645 -9076.9242652969514893 6.1098882116828407973
361000 571.12274268625606055 398.51050915167451194 0.0398510509151674 23834.834179867608327 151.11651726587018629 -9075.5046515228914359 6.1133204347388554467
362000 609.87365381220843119 -1097.89098483478665 -0.109789098483479 23862.620617606622545 161.36983462229369479 -9075.4983332996325771 6.1062018788869814045
363000 589.13809815096692546 -4554.1881864693268653 -0.455418818646933 23915.347453391666932 155.8832995556612957 -9075.7720508366091963 6.0927393647267393817
364000 582.37109991337024439 865.69419370982438977 0.0865694193709824 23838.790127053649485 154.0927821596982028 -9072.037611367948557 6.1123059548662501683
365000 600.9894137412065902 2886.047225565224835 0.288604722556522 23804.392283875262365 159.01910452919844374 -9076.4752996584047651 6.1211383644143078087
366000 575.13884365926935516 -285.85646755231874749 -0.0285856467552319 23849.144126713468722 152.17915957840588703 -9073.1100770955672488 6.1096523244700753352
367000 598.76127311264326636 -2756.461155725007302 -0.275646115572501 23882.997627537693916 158.429548508047219 -9074.2152857692162797 6.1009920581489121005
368000 575.89448783154819012 92.475087816189102341 0.00924750878161891 23852.770854444341239 152.37909963869824992 -9070.412455014700754 6.1087233738820554407
369000 597.0888981481347173 1065.4422305981786394 0.106544223059818 23834.176614426753076 157.98704559000461245 -9073.6295926925304229 6.1134890962500874068
370000 596.71902428497105575 -1199.1588253835159321 -0.119915882538352 23856.440981160099909 157.88917862402448122 -9079.1876742239746818 6.1077835946051974858
371000 605.70804561125669352 -988.40763131854373569 -0.0988407631318544 23863.859450812837167 160.26763336751406541 -9074.4235597067636263 6.1058848905277853802
372000 597.66936926137816499 1535.5590131006110823 0.153555901310061 23817.631260702004511 158.1406356442094534 -9079.0016021130468289 6.1177359434064104704
373000 590.54050276436692002 1474.7369301300414008 0.147473693013004 23831.971360664567328 156.25436952912761512 -9071.8424940578697715 6.1140547982906596758
374000 609.35303598207542564 -2322.580621945052826 -0.232258062194505 23909.519986218980193 161.23208147846654015 -9065.0633397376986977 6.0942243480580708948
375000 600.48707686560442198 -2446.3911138283629043 -0.244639111382836 23888.274257405053504 158.88618844398322949 -9074.9490371818283165 6.0996444230469508696
376000 621.38082460758482739 2294.1319577331273649 0.229413195773313 23827.677853032386338 164.41458042597477629 -9069.6418856806903932 6.1151564894039083242
377000 602.08830685927023296 -1000.4995057348151022 -0.100049950573482 23860.757368555314315 159.30986672169692042 -9076.5748629481749958 6.1066787025972351088
378000 608.74905712502209099 -882.49000358620116913 -0.0882490003586201 23890.844304073620151 161.07227138063919369 -9068.133796056790743 6.0989882565829551808
379000 622.72775002548019074 -993.26845083635748779 -0.0993268450836357 23870.129720789944258 164.77097085303407198 -9072.7612454703958065 6.1042809802365303185
380000 610.36854876734355457 340.31075210971482647 0.0340310752109715 23862.24601487941618 161.50078160871680666 -9067.9837291327457933 6.1062977374191280688
381000 581.08529708189928442 -2754.1122395379079535 -0.275411223953791 23908.834378783158172 153.75256449498297684 -9067.8216888223287242 6.0943991054495194604
382000 620.50318105208134511 706.08205531326098026 0.0706082055313261 23850.78293602062331 164.18235987582698954 -9070.1423780631321279 6.1092325246203307287
383000 595.21310718087602254 948.74223914753258668 0.0948742239147533 23842.033996839432803 157.49071970958587485 -9071.5005241709804977 6.1114743343505217865
384000 599.66562581719551872 -3409.001064516121005 -0.340900106451612 23929.074120858465903 158.66883617929127581 -9066.505004356331483 6.0892443274010545906
385000 588.31792300085794523 3534.1894149034296788 0.353418941490343 23800.190332208057953 155.66628488793938345 -9071.0731466068882582 6.1222190586103000243
386000 608.34843756908674095 1102.9731513467145305 0.110297315134671 23852.407355821393139 160.9662692421902932 -9067.3038445749007224 6.1088164677363252508
387000 597.68446922567977708 -505.7986762505832985 -0.0505798676250583 23851.510247666843497 158.14463102706770314 -9074.0830391875806527 6.1090462338606066339
388000 626.37900775897890071 2177.0503911364598935 0.217705039113646 23831.015593489526509 165.73707728005393847 -9069.1263608085027954 6.114300008691353483
389000 608.21472702914149977 -1762.1274588507556018 -0.176212745885076 23892.703646541842318 160.93089003276986659 -9067.3029774969218124 6.0985136301846027962
390000 631.12257117261822259 -2874.0553521445144725 -0.287405535214451 23906.332981530838879 166.99220289303056575 -9070.9477114924902708 6.0950367822186279909
391000 622.05303315902119721 3200.1175921648259646 0.320011759216483 23815.510014545467129 164.59244379504957578 -9070.6836470919024578 6.1182808498076894921
392000 615.74800004887583782 -1030.4107280471537251 -0.103041072804715 23896.220276073316199 162.92416030073496813 -9066.2218275926443312 6.0976161571582316867
393000 622.50933135771890647 -1946.9605765423948469 -0.194696057654239 23895.222532763815252 164.71317825275573909 -9070.5837459700451291 6.0978707626851882395
394000 596.69556683116343265 5530.753114113547781 0.553075311411355 23772.540652293428138 157.88297188691106498 -9071.2960545857677062 6.1293397698465845735
395000 603.54226376298925061 980.77189424197956669 0.098077189424198 23858.608207065011811 159.69457720006320756 -9067.2308183581917547 6.1072287865999301815
396000 639.64213345080702311 -4597.0798164732650548 -0.459707981647327 23960.720867175117746 169.24644087706550977 -9063.0125465616438305 6.0812017993169611429
397000 608.73904673494007511 2085.5773401368542181 0.208557734013685 23836.251969941204152 161.06962267630191832 -9068.0937659939518198 6.1129568119243291591
398000 623.6802456942250501 122.50413194608017875 0.012250413194608 23883.475600832676719 165.0229969367696583 -9062.7533961752378673 6.1008699607069223347
399000 618.94025448130594214 -2812.1964676196662367 -0.281219646761967 23910.292845000181842 163.7688165120887902 -9069.4150423085065995 6.0940273628169228104
400000 629.26153100911835736 -1989.5009406532744833 -0.198950094065327 23919.117263158212154 166.49978000915584175 -9064.7755330452655471 6.0917791090404840304
401000 628.70888365886685278 483.05435356759534216 0.0483054353567595 23861.799831800795801 166.35355199789958647 -9069.1797285321808886 6.1064119168499617629
402000 629.77464672202370366 -142.05101365892014087 -0.014205101365892 23890.922357446957903 166.63554812639790725 -9064.9304470263014082 6.0989683307466791007
403000 619.27049040597694329 -2996.917923419689032 -0.299691792341969 23913.382028131723928 163.85619545724799195 -9068.8851464700819633 6.0932401229982211532
404000 623.79554696406000858 1610.0866263523930684 0.161008662635239 23867.249944537677948 165.05350513585108274 -9063.2150142400041659 6.1050175109824227349
405000 650.3420313685006704 1918.546244706678408 0.191854624470668 23839.917610294640326 172.07758589646539349 -9069.317848115315428 6.1120168799356946465
406000 616.96930405998216429 -819.19793549838323088 -0.0819197935498383 23896.222594075225061 163.24731186674185324 -9062.2063649815827375 6.0976155656720436582
407000 611.41737014709974574 4462.9236444966863928 0.446292364449669 23793.870803876008722 161.77829504374003022 -9068.9696691654571623 6.1238450881502224377
408000 624.21376767542676589 -1058.1841474771335925 -0.105818414747713 23908.782626528292894 165.16416446111790606 -9062.2790123726972524 6.0944122972084207035
409000 629.2233781013604812 1410.0580248845808455 0.141005802488458 23877.396372345800046 166.4896849208096512 -9060.2240879409982881 6.1024232532804418838
410000 631.65903318336040684 -1302.6984640501582362 -0.130269846405016 23896.273455341950466 167.13414833601450482 -9066.6865239201051736 6.0976025873952321987
411000 600.75127679384775092 -4286.4537465928078745 -0.428645374659281 23951.014952348232327 158.95609456053927033 -9063.3695415613237856 6.0836661469375945543
412000 639.19945720788086874 2012.5427886911033966 0.20125427886911 23864.826931161718676 169.12931072778673069 -9063.6096435172003112 6.1056373578865104079
413000 618.27630538587334286 1681.8196652853018804 0.16818196652853 23852.564965909059538 163.59313855804393256 -9063.6785793612871203 6.1087761026393181396
414000 619.64703864746616091 439.43799077745080695 0.0439437990777451 23888.048001000715885 163.95582843381060911 -9058.9090951421603677 6.0997021960225890069
415000 613.15680491550551778 960.18279840379796042 0.0960182798403798 23860.584738427431148 162.23854168525232922 -9063.6157743492349255 6.1067228841098515346
416000 643.38368055520686539 -3209.2775466221837632 -0.320927754662218 23941.991597056636238 170.23643746684183498 -9061.3905843219326925 6.0859589838094452219
417000 646.59296773846574524 2534.7794167661945721 0.253477941676619 23838.456514036595763 171.08560046770398344 -9066.417858388622335 6.1123914950030391324
418000 624.64093747836784587 -4341.8180453054710597 -0.434181804530547 23965.868854605949309 165.27719167589486915 -9060.2632202824497654 6.0798955270254424477
419000 648.27474586341145368 -635.27817094804345288 -0.0635278170948043 23906.621920624180348 171.5305914198421533 -9060.9033289171675278 6.0949631166707609609
420000 634.5362832205853465 1200.55027669490687 0.120055027669491 23876.339880279647332 167.89545579662001273 -9061.7272506966146466 6.1026932763151169326
421000 649.60797242923240447 280.95399899656263187 0.0280953998996563 23897.618291781571315 171.88335719205701935 -9058.5428494665284234 6.097259445327527061
422000 626.32259868040910078 -1690.6136477276172627 -0.169061364772762 23916.848097227659309 165.7221516907567036 -9062.9519871294760378 6.0923570805840077114
423000 638.70324237881914087 2617.6498302378263361 0.261764983023783 23867.055250538109249 168.99801450863986929 -9057.613258277751811 6.1050673122781615731
424000 634.97459176008464965 255.5260372929421635 0.0255526037292942 23906.023595036593179 168.01143027115324458 -9060.0368389950053825 6.0951156628428000417
425000 650.86483805050681894 -1820.0882308265638585 -0.182008823082656 23929.890449484148121 172.21591820068513812 -9057.9508961008577899 6.0890366029042191087
426000 643.52536486994608822 787.49444268637569166 0.0787494442686376 23890.573596749047283 170.27392650132483709 -9059.1606859227103996 6.099057365044798118
427000 636.58065928825544688 2219.2801776268306639 0.221928017762683 23867.300544555182569 168.436388538809382 -9058.7718813770861743 6.1050045680024638273
428000 647.26785372587630718 -3353.0738354408586019 -0.335307383544086 23958.194077397394722 171.2641722743340722 -9060.1419863760129374 6.0818431631231577583
429000 660.28549473915063572 -818.02472806401431171 -0.0818024728064014 23905.934138183056348 174.70858172595353608 -9062.1659211637706903 6.095138470981816603
430000 645.98363341602998844 3546.39197262653488 0.354639197262653 23837.385925465088803 170.92437333774597619 -9064.0812933254092059 6.1126660157285739317
431000 639.42223226933526803 3497.1060389484050575 0.34971060389484 23858.259302539448981 169.1882560103057358 -9056.3347578880056972 6.1073180990571200866
432000 658.10069780700700903 -3205.5185653679900497 -0.320551856536799 23945.803898966125416 174.13049425255715619 -9061.7214337143777811 6.0849900661171032468
433000 624.34022785150364143 -2006.8727985796874691 -0.200687279857969 23910.663080578378867 165.19762525676347309 -9063.7591384102597658 6.0939330021655120362
434000 648.05183353454287953 -1709.7297094820794428 -0.170972970948208 23943.101075040216529 171.47160981698073101 -9054.8366156167940062 6.0856769719898249349
435000 631.21988978474632859 5081.377671229468433 0.508137767122947 23812.815686477337294 167.01795296150231707 -9059.4093334241188131 6.1189731096412041111
436000 645.87896864028630262 -178.55211779501809133 -0.0178552117795018 23912.469169973112002 170.89667950731575274 -9057.2510870615205931 6.0934727323502455576
437000 646.19017857690960227 -2875.485041603706577 -0.287548504160371 23943.211085066523083 170.97902426133455833 -9060.2627020170602918 6.0856490105989573536
438000 680.92216702425832864 -1095.6441200582892179 -0.109564412005829 23923.552284637786215 180.16895269457339168 -9056.4522826915417681 6.0906497963499734993
439000 656.03022089748981216 -115.52357834982637996 -0.0115523578349826 23899.061202686079923 173.58265534462995561 -9060.3087270563628408 6.0968913219913565271
440000 657.01256467856455856 -1027.4146263031907438 -0.102741462630319 23941.721040124793944 173.84257910507341194 -9051.9538931598617637 6.0860277590820004434
441000 657.81583150453104736 -1783.331392800124604 -0.178333139280012 23928.664878493069409 174.0551199060303702 -9059.3575413492453663 6.0893484693063788527
442000 646.61737344813275286 3525.3879901672589767 0.352538799016726 23857.962087170326413 171.09205810906655643 -9054.4718774204047804 6.1073941822027180137
443000 630.8268903850055267 -1839.7924904308679288 -0.183979249043087 23907.545804153829522 166.9139670822199264 -9062.9424314413117827 6.094727582832053514
444000 646.70578138335338281 -847.35389572663927993 -0.0847353895726639 23930.934936376088444 171.11545045237679119 -9052.4032211301164352 6.0887708414981904781
445000 668.42359722473543115 575.94845607148658928 0.0575948456071487 23918.319361854395538 176.86188715902028434 -9053.0613564148334262 6.0919823272691733251
446000 649.42835151961287465 5312.1451260256490059 0.531214512602565 23848.843387890145095 171.83583030464546937 -9049.4626819200675527 6.1097293684432933958
447000 662.35448502206736521 -249.48961949985087472 -0.0249489619499851 23913.803955124942149 175.25602727914710499 -9059.1356575083573262 6.0931326159496315142
448000 668.73399579485396771 -2363.9433721809223243 -0.236394337218092 23945.966648499666917 176.94401722909944397 -9056.9971648098035075 6.0849487092861433979
449000 638.93293751381327183 454.36716346607988726 0.045436716346608 23910.049598797770159 169.05879081159352495 -9052.7887544814584544 6.0940893597194198961
450000 658.25084144133666086 -3517.8419121183901552 -0.351784191211839 23977.648116782791476 174.1702215850791049 -9052.5534386098734103 6.076908716848238079
451000 660.4294948206047593 1951.421621507025975 0.195142162150703 23862.788634370754153 174.74668350192729349 -9062.8129565594244923 6.1061588854088828526
452000 648.48067678216852983 202.613629146514171 0.0202613629146514 23910.624615709071804 171.58507981771887785 -9055.0787087140852236 6.0939428054366633347
453000 674.16915840035278507 -1263.3510616363057579 -0.126335106163631 23961.106653193524835 178.38213688767496024 -9048.4817634311257279 6.0811038888713815354
454000 658.93373300136420312 2147.8030953969951042 0.2147803095397 23877.095053865279624 174.3509116303331723 -9055.8732069123689143 6.1025002631888085602
455000 667.33354832262455147 -3401.7423236503504995 -0.340174232365035 23987.773504059070547 176.57346510641264103 -9051.2275687044857477 6.0743436161651640504
456000 679.7666276960956111 1953.9588324713740803 0.195395883247137 23895.662100623772858 179.86320216883814282 -9052.1114691289076291 6.097758590526498601
457000 652.74255198996479521 661.32200122621873106 0.0661322001226219 23899.871300725357287 172.71275289092673688 -9055.471809679249418 6.0966846648238979256
458000 677.54211118423563676 416.12363610047498241 0.0416123636100475 23932.578003814702242 179.27460507271902657 -9050.2284022066705802 6.0883528229667449594
459000 669.50997489880830926 2160.778667397526533 0.216077866739753 23890.81629145808256 177.14933782114786709 -9053.5276615382190357 6.0989954078084052114
460000 674.21903244255815935 -3054.8267309213815679 -0.305482673092138 23991.073410435226833 178.39533333564793338 -9046.9650202004559105 6.0735081068535530235
461000 651.87414852078791228 851.8677216983614926 0.0851867721698362 23918.172142043407803 172.48297722619597039 -9050.4162937296387099 6.0920198243020333706
462000 680.277020701859783 -8.9604144017396816224 -0.000896041440173968 23898.377446272665111 179.99824986997705878 -9060.6802465420005319 6.0970657601327191699
463000 665.59028260959576073 1832.5027518480828803 0.183250275184808 23908.540809518352035 176.11220481412792083 -9049.6396398104843684 6.0944739376310126389
464000 673.50884807685497435 -1523.4781327817322563 -0.152347813278173 23923.845962946652435 178.20742173637077599 -9060.8515418472725287 6.0905750302887451397
465000 681.64412581088890875 -502.27308464884742989 -0.0502273084648847 23947.348358565457602 180.359979752841042 -9047.7951754187106417 6.0845976209420165048
466000 668.54136695480269736 830.41004755399023907 0.083041004755399 23905.417037090737722 176.89304850161258287 -9054.9646222942992608 6.0952703156911676174
467000 678.23674185029460659 1948.5827991570095037 0.194858279915701 23909.819636706572055 179.45840123280046896 -9049.8050355713676254 6.0941479720199058789
468000 681.99032274106252771 -2329.0360638963520614 -0.232903606389635 23963.725122735675541 180.4515819085000885 -9052.3710460730544582 6.08043941850068137
469000 675.19761500631170748 929.93117626366199602 0.0929931176263662 23917.806032815959043 178.65426189485046393 -9050.5598618243820965 6.0921130746891476448
470000 673.49129374313508833 -955.44522011577578269 -0.0955445220115776 23955.503862134839437 178.20277693836780486 -9047.6036772066217964 6.0825261572023503476
471000 667.85171326847614637 -2058.5001149943609562 -0.205850011499436 23956.987808232504904 176.71056922805564682 -9051.142975157876208 6.0821493927682244163
472000 704.58469943096383759 4346.1856887439698767 0.434618568874397 23883.206251520041405 186.42995268587733904 -9044.9195310313480149 6.1009387649165987
473000 673.79312578832968939 -221.71297892014817421 -0.0221712978920148 23944.158291760093562 178.28264034435741792 -9049.2375810279154393 6.0854082684769199574
474000 695.30159246290759256 -389.73699048718845006 -0.0389736990487188 23980.398981237543921 183.97368420001555478 -9040.279788393581839 6.0762116161787691482
475000 675.41832384421434199 1505.1938074148631586 0.150519380741486 23915.00453499906871 178.71266046388092263 -9049.1392866101323307 6.092826728807590797
476000 686.06172210549470947 -3919.0708333669676904 -0.391907083336697 23998.222626764483721 181.52885592749228749 -9050.4313913934183802 6.0716987718870143453
477000 682.06808894267589949 6093.3924878749203344 0.609339248787492 23838.503526124386553 180.4721584968067134 -9052.7728699953840987 6.1123794407109031113
478000 689.71108338062151688 -986.40889082135686294 -0.0986408890821357 23954.272330338688334 182.49446056012911299 -9050.4317141423580324 6.082838870703316303
479000 669.10704360375086708 -2023.3163119886892218 -0.202331631198869 23986.524580386547314 177.04272400689120559 -9044.6676230036318884 6.0746598933945659127
480000 685.84655586131009386 -432.29444752709218847 -0.0432294447527092 23922.286948437500541 181.47192390391111871 -9056.7212723163411283 6.0909719528263668309
481000 680.70637124032020893 218.47128993099332206 0.0218471289930993 23941.460118480903475 180.11185409759579557 -9045.6684754852194601 6.0860940865474013606
482000 689.41576116100247873 -2080.3099612841069757 -0.208030996128411 23970.052325074695545 182.41631962480207108 -9049.6908272198670602 6.0788344086329821891
483000 721.98828659270952812 1998.4545722485804617 0.199845457224858 23921.654199660628365 191.03486382537431609 -9046.3356045746731979 6.091133064387505236
484000 678.07448416171223471 -4719.8603956150263912 -0.471986039561503 24018.07731242555019 179.41546857583279007 -9045.8553226499243465 6.0666795661872257028
485000 710.09979240143923107 2213.9644772425890551 0.221396447724259 23927.53886183569557 187.88922156068301206 -9043.5735104498598957 6.089635030655148995
486000 715.82533825121595328 6.8723034976350483305 0.000687230349763505 23941.553959126660629 189.40417532385271215 -9049.7286715969075885 6.0860702316631201114
487000 692.48458647309598746 -2979.5530006718013283 -0.29795530006718 23989.402690093091223 183.22831704427039767 -9049.6470525806762453 6.0739310908550034895
488000 682.34737359157008996 -1188.5621289319233256 -0.118856212893192 23972.689133640848013 180.54605596281939484 -9043.7226292970717623 6.0781657843267327124
489000 676.46183733219970691 3041.7513886771084799 0.304175138867711 23898.186592909329192 178.98876945453787357 -9044.9064014742998552 6.0971144519237165937
490000 680.02103814484439681 381.38859884974874603 0.0381388598849749 23972.430886227539304 179.93051803300795655 -9035.791173892617735 6.0782312624836594139
491000 685.07379500676222506 -2185.0829068661687415 -0.218508290686617 23981.649517355548596 181.26745484622765048 -9046.6683143093159742 6.0758947688292499478
492000 710.92347473526490376 1460.9368192179842936 0.146093681921798 23943.484882872020535 188.10716421349303573 -9042.5444305170694861 6.085579420171653986
493000 671.9797002779309878 -3155.2885073195975565 -0.31552885073196 24003.868229137242452 177.80281608422797035 -9042.4225500915781595 6.0702707355111256149
494000 732.78658548896328284 2957.9727910789652015 0.295797279107896 23927.780541595369868 193.89204530255142345 -9041.2791893143275956 6.0895735230059893084
495000 703.07353563342337566 351.06874938438448908 0.0351068749384384 23948.200917542228126 186.03010551987500776 -9047.8004206678742776 6.0843810084983660502
496000 706.73103799119974155 -7436.8992658731767733 -0.743689926587318 24079.622786446787359 186.99786424648289085 -9042.2239751950801292 6.0511736476374506921
497000 721.70667505858011737 -303.74553258147614088 -0.0303745532581476 23956.365109598533309 190.96035067596031354 -9045.818542434812116 6.0823074862895563086
498000 709.29610313058810789 1021.5641302949376268 0.102156413029494 23938.597313195397874 187.6765689827034862 -9044.6883409465281147 6.0868219195983988001
499000 700.58590087890604536 -154.2848498059460951 -0.0154284849805946 23942.34595941464795 185.37188851635650622 -9049.404942081477202 6.0858689076414735908
500000 704.88973540964423137 2120.819821472408421 0.212081982147241 23921.326052625448938 186.51066383830342943 -9042.3182041108921112 6.0912166210955058787
500000 704.88973540964400399 2120.8198214724284298 0.212081982147243 23921.326052625448938 186.51066383830337259 -9042.3182041108902922 6.0912166210955058787
