step temp press pressGiga vol ke pe density
250000 1689.9311596977993304 198444.38788408227265 19.8444387884082 21950.279704820921324 447.14820858201159126 -8534.3105009145965596 9.130561846715679053
251000 1661.3112679604953428 202415.49275598084205 20.2415492755981 21889.483172592525079 439.57551353659027882 -8539.4010341189841711 9.155921353525426909
252000 1710.8703331121580504 199913.57713388322736 19.9913577133883 21923.556094468720403 452.68861999326276191 -8539.2267618786463572 9.1416914999542733256
253000 1694.9534089133867383 197709.51016302438802 19.7709510163024 21943.926877284746297 448.47707320878367909 -8539.2626579412062711 9.1332051696288907294
254000 1725.1235301257022456 195573.3618794742506 19.5573361879474 21966.272467093745945 456.45995202332750296 -8546.2145911908555718 9.1239142507136445914
255000 1707.9685358256797372 196744.92942333195242 19.6744929423332 21938.855778127301164 451.92081744055462877 -8550.7739500206844241 9.1353162819635027603
256000 1700.7825826735265764 205407.91285863338271 20.5407912858633 21900.984391067398974 450.01944645245231413 -8524.7943282451724372 9.151113156325459741
257000 1671.3580783439631432 208067.91350147285266 20.8067913501473 21848.361439182164759 442.23385452234623472 -8530.7340718575469509 9.1731541038199484461
258000 1750.095628765802303 200218.77102102784556 20.0218771021028 21905.783873394626426 463.06745736895993559 -8549.1650946041318093 9.1491081787304064932
259000 1644.9382721920640051 199041.20741256952169 19.904120741257 21922.909642196867935 435.24329225943239408 -8538.466083729184902 9.1419610657799399434
260000 1689.8765379118401597 189975.03543704201002 18.9975035437042 22032.05273932610362 447.13375590232635659 -8541.494778674445115 9.0966733226740466023
261000 1723.7973545959405328 190993.00428289923002 19.0993004282899 22015.72992415389308 456.10905192364276672 -8545.8784588937323861 9.1034177421341109238
262000 1660.2308588263167621 196272.47323626556317 19.6272473236266 21928.846508559610811 439.28964212336063611 -8552.8828305646911758 9.1394860335834344767
263000 1756.636385309592697 197529.87537571717985 19.7529875375717 21946.791391998416657 464.79811222702522855 -8548.0341864756883297 9.132013095574690098
264000 1691.1805391162979504 200296.0431038402312 20.029604310384 21871.636738714511011 447.47878877494724748 -8561.9484923783638806 9.1633922413688946307
265000 1692.9859313833892429 195002.36216955358395 19.5002362169554 21970.450058453236124 447.95648747491208042 -8544.6599276593678951 9.1221793756775344519
266000 1675.9665642980785378 191284.79683789404226 19.1284796837894 22012.156569957234751 443.45323924511006908 -8543.8561763079796947 9.1048955499031674066
267000 1695.8526655788068638 196098.9365847291192 19.6098936584729 21957.073093188650091 448.71501249091983254 -8545.1886335795225023 9.1277369049587768757
268000 1749.22918038540206 200764.94970091170399 20.0764949700912 21914.788651532053336 462.83819901195437296 -8540.984493372063298 9.1453488137365290811
269000 1695.3640991531146938 201725.24147560179699 20.1725241475602 21919.870607417025894 448.58574000501533874 -8533.4573958700166258 9.1432285339202614693
270000 1698.4646765762377072 192886.76516974778497 19.2886765169748 21975.976617367356084 449.40613889071153153 -8552.7859936814093089 9.1198853132737269789
271000 1616.3607972761094516 191558.73482844358659 19.1558734828444 22016.059680496116925 427.68182051477771211 -8535.4744271711897454 9.1032813912257299904
272000 1691.7047241761035821 192139.4624849180982 19.2139462484918 21994.88592954950218 447.61748579175321083 -8547.1603597047178482 9.1120448198514640836
273000 1702.2265243752951847 193902.68167507351609 19.3902681675074 21973.50905942598547 450.40150695328247821 -8545.0659249558120791 9.1209094485344319736
274000 1625.7478798510921933 196255.09495200545643 19.6255094952005 21949.009699128539069 430.16560048009034745 -8542.2729300224655162 9.1310901559960946372
275000 1693.9773014793852326 198136.61548891293933 19.8136615488913 21958.461233759539027 448.21879955781707849 -8531.2651856893535296 9.1271598799212174669
276000 1600.3983970050358039 200171.91423823588411 20.0171914238236 21911.445431499749247 423.458240965445043 -8535.5190129905549838 9.1467441992418834218
277000 1723.1220217278932978 195834.69636217749212 19.5834696362177 21984.903892649846966 455.93036187439963669 -8533.942195410207205 9.1161820572970864163
278000 1688.3160439854577817 197638.62720173166599 19.7638627201732 21940.161838732467004 446.720856205388543 -8543.7416338894599903 9.1347724720864693637
279000 1726.1380768035658093 191770.72272272832925 19.1770722722728 21984.73529280425646 456.72839652588970694 -8557.5282567994054261 9.1162519688455656564
280000 1710.3747228287343205 195299.53500848979456 19.529953500849 21963.156133848759055 452.55748373418140318 -8547.6462326507316902 9.1252088350225051272
281000 1701.1665972451444304 198684.49737135978648 19.868449737136 21947.066423862397642 450.12105498649401625 -8535.9179588138395047 9.1318986568367250811
282000 1698.8989755567313296 202372.31552741624182 20.2372315527416 21861.751931139227963 449.52105245390742994 -8553.579949615890655 9.167535476061523525
283000 1704.2937998546674407 205788.45357687774231 20.5788453576878 21871.620291302690021 450.94849877714597142 -8533.3271514929729165 9.163399132220320098
284000 1718.797359653163312 201701.10437303213985 20.1701104373032 21905.425113305936975 454.78607567768625586 -8540.7230903527597548 9.1492580199156208209
285000 1650.2313840601941592 197618.0318840976397 19.7618031884098 21942.440888313067262 436.64382592973987585 -8541.2263264362263726 9.1338236897938642755
286000 1684.5141354954778308 197977.49609396854066 19.7977496093969 21939.323865410948201 445.71488826359893665 -8540.6095350094601599 9.1351213750734867602
287000 1648.6465531485875999 199578.69762216581148 19.9578697622166 21939.25612029910917 436.22448677561897057 -8532.2918290021261782 9.135149582949624758
288000 1712.3498479906934335 201516.11475730166421 20.1516114757302 21909.771146183746168 453.08009299718429475 -8537.1438413625874091 9.1474431686377695172
289000 1709.139814250378322 204161.23033683816902 20.4161230336838 21875.982504116145719 452.2307324606720158 -8540.2354410810839909 9.1615718909934695802
290000 1724.33957791395801 205472.08745551883476 20.5472087455519 21865.189252625808876 456.25252178270272907 -8540.9533735136956238 9.1660942917979539857
291000 1685.5562239431278613 203253.30133954167832 20.3253301339542 21880.301902594183048 445.99062019497188203 -8540.4919169836648507 9.1597633017034976177
292000 1697.675220662045831 196246.82118172972696 19.624682118173 21946.283105568640167 449.1972523950932441 -8546.9579157594089338 9.1322245973725433288
293000 1734.2961711828675107 192559.06498885969631 19.255906498886 21983.734023992197763 458.88699172440658458 -8552.1904642176195921 9.1166671766882974026
294000 1683.7065694831401288 192536.0286082616949 19.2536028608262 21960.326399832116294 445.50120991720223174 -8558.309247258312098 9.126384678831895414
295000 1666.02016483130501 195143.61799732636428 19.5143617997326 21966.719776111862302 440.82146653775072309 -8543.2523704416598775 9.1237284601556343233
296000 1722.082258913412943 196856.75201921982807 19.685675201922 21958.23754031585122 455.65524529513720609 -8540.7468766522870283 9.1272528603264468927
297000 1719.227330279970829 206954.21827633026987 20.695421827633 21856.926538414481911 454.89984397790163939 -8532.1735346434834355 9.1695594092486665261
298000 1760.0651020127022548 209861.91234284924576 20.9861912342849 21819.20699996734038 465.70533529509674509 -8539.2624409540876513 9.1854111103980731201
299000 1795.0461692808714815 203267.19001271857996 20.3267190012719 21946.330979199690773 474.96116886765821619 -8518.5930836797706434 9.132204676377481789
300000 1690.3787731466677542 205929.7507691582141 20.5929750769158 21850.283881761613884 447.26664509384829671 -8540.7848278046749328 9.1723470267983202575
