step temp press pressGiga vol ke pe density
0 1700.0000000000015916 -93797.931970512116095 -9.37979319705121 11454.288072338142229 189.63755872950017078 -3733.3588783130026059 5.3666711487694112037
1000 1526.1854443364950384 -4575.6501777233643224 -0.457565017772336 11087.392642673368755 170.24828343086477389 -3569.0556689788309086 5.5442608833855508976
2000 1779.3383929765329867 -2121.3050897301204714 -0.212130508973012 11115.962784250094046 198.4878758810243653 -3560.9663133257436129 5.5300110769179484649
3000 1734.0013520226127639 -2294.8692777675023535 -0.22948692777675 11144.95022896561386 193.43046072424743897 -3556.1462009361512173 5.5156278013469419719
4000 1664.5130793626194645 -5052.2869116059573571 -0.505228691160596 11164.119896080415856 185.67893931979392619 -3546.0249971321618432 5.5061570369817101067
5000 1647.6734242316663313 14.192236596717243913 0.00141922365967172 11192.107735498875627 183.80045044398175946 -3536.3891769041601947 5.4923879201535115158
6000 1729.7715643405399533 -3706.2006184440615471 -0.370620061844406 11206.492235004221584 192.95862154191073046 -3539.9539750824642397 5.4853379664602552879
7000 1679.6550320196263328 4364.357563083108289 0.436435756308311 11139.545385516797978 187.36804692936593142 -3544.9650708858989674 5.5183039522809806954
8000 1679.0320943561184777 120.36976636526803475 0.0120369766365268 11170.379196919924652 187.29855729539639242 -3545.7344101072976628 5.5030716723081862796
9000 1673.1271651873587416 796.54069957494527898 0.0796540699574945 11131.54079006025313 186.63985355890565643 -3547.407245451124254 5.522272117297605476
10000 1692.6718757201881544 1397.2895762417012975 0.13972895762417 11129.745053958215067 188.8200954362706625 -3551.0404474392416887 5.5231631119572526245
11000 1693.5672618808855532 -1355.4692926153959434 -0.13554692926154 11113.884813181392019 188.91997711017350525 -3554.5751832504442973 5.531045027082143406
12000 1737.2182440108115316 -3439.7548722948372415 -0.343975487229484 11124.303373789822217 193.78930986738777165 -3561.5543230412949924 5.5258648799838203658
13000 1650.8592449303382637 950.09762678636707278 0.0950097626786367 11134.390835794551094 184.15583353800883515 -3551.2662497024471122 5.5208585933497191789
14000 1748.7838716400926842 1057.0499938989516977 0.105704999389895 11073.735920956480186 195.07947303726498944 -3563.8210796507828491 5.5510983615907996125
15000 1667.3896223523486242 959.84343444931562317 0.0959843434449316 11112.960063754402654 185.99982201988373731 -3552.7777349625357601 5.5315052852572925701
16000 1676.6051525561772451 4764.3378551196556145 0.476433785511966 11066.355104085747371 187.02782828473789323 -3556.2427095727571214 5.5548007224903876988
17000 1718.0133915892870391 -856.01413631524724224 -0.0856014136315247 11064.008569112545956 191.64697967387110111 -3565.941431148969059 5.5559788248104524655
18000 1720.2083686023474911 -2739.5796110938244965 -0.273957961109382 11069.970513251873854 191.89183266341476042 -3569.578618028850542 5.5529865462535079601
19000 1752.8173817224478626 -3153.6308028754624502 -0.315363080287546 11106.10097550196042 195.52941715792891841 -3568.0901831299615878 5.5349215231434891749
20000 1690.497403735114176 -625.97896344705327465 -0.0625978963447053 11088.706418182720881 188.57752981346175147 -3559.5835007820087412 5.5436040065695033618
21000 1697.5388357421873025 2176.475163853444883 0.217647516385344 11055.348172118681759 189.36301215215655702 -3561.2136767185666031 5.560331196310945856
22000 1703.9359423404155223 -143.56825327174388462 -0.0143568253271744 11082.031433605732673 190.07661902169795098 -3558.4359569431717318 5.5469430578496297102
23000 1702.6592608738560557 -1398.1195811127256547 -0.139811958111273 11080.844825246947948 189.93420328252528861 -3562.0886435679221904 5.5475370603017850613
24000 1763.1308400744471783 -4399.7649189725952965 -0.43997649189726 11076.260578682333289 196.67989896024158725 -3574.8065061243132732 5.549833076861715675
25000 1734.3346954049577562 -1529.2753064433936743 -0.152927530644339 11071.919439856132158 193.46764568027481346 -3571.2343504056589154 5.5520090858166009085
26000 1717.973147069335937 5134.1603827948410981 0.513416038279484 11047.085807990135436 191.64249033709717196 -3567.5708214608102935 5.5644898931670896403
27000 1693.7700053081573515 -2404.7813575273362403 -0.240478135752734 11097.583687990676481 188.94259344464191486 -3559.3605421319389279 5.5391695215628224958
28000 1700.5987149927684641 -2263.6025851460804006 -0.226360258514608 11099.710335936171759 189.70434628809022115 -3565.9548042907099443 5.5381082449054810368
29000 1748.7772052292204989 -2083.974372332522762 -0.208397437233252 11085.902825652663523 195.07872938909838467 -3567.4690514190742761 5.5450059678735890145
30000 1676.784030379580372 3344.4008967009667685 0.334440089670097 11017.353298997606544 187.04778237517376738 -3569.1779104378192642 5.5795067707507897126
31000 1691.8957384580853613 3302.5146971057147312 0.330251469710571 11037.380782581423773 188.73351615649173141 -3567.6064397597847346 5.5693826767779377462
32000 1688.9590739276184195 1485.6164648242090607 0.148561646482421 11021.482222829557941 188.40592680804155634 -3572.0110535501985396 5.5774165474931081121
33000 1703.1511568390087632 -5296.68326386296485 -0.529668326386296 11092.883321389692355 189.98907501780789175 -3572.4034415988221554 5.5415166234534680711
34000 1690.3868203683898628 -633.30194044740846948 -0.0633301940447408 11042.169189421758347 188.56519407246079822 -3575.1111578452528192 5.566967529024951844
35000 1662.6373089624216846 -4262.7656252706437954 -0.426276562527064 11090.080847641449509 185.46969430836415427 -3569.8568439567907262 5.5429169698599576321
36000 1676.3763253133497528 4456.8773341260366578 0.445687733412604 10916.856815269051367 187.00230226138458534 -3582.6184444668742799 5.6308696145517505016
37000 1735.4269238889305598 2637.3067472418388206 0.263730674724184 10944.876047533763995 193.58948541161328194 -3589.2946454699181231 5.6164544084866268037
38000 1676.546882710079899 1813.4598910125839666 0.181345989101258 10896.521175434791076 187.0213281957017557 -3591.4737601162446481 5.6413782286857143689
39000 1696.6396011523686411 -1595.1039404711032148 -0.15951039404711 10934.221381862294947 189.26270118019280631 -3591.3763783043782496 5.6219272667626389861
40000 1792.7055520338888073 -2357.9830792087345799 -0.235798307920873 10887.602138546693823 199.97900259325135153 -3607.36862680664035 5.6459996007638890703
41000 1716.9696819713610694 389.61912503453226009 0.0389619125034532 10891.385324347571441 191.53055229506762203 -3602.2834146789182341 5.6440384300876829116
42000 1694.3179929411101057 1306.7440041700824622 0.130674400417008 10869.054447136419185 189.00372228989317591 -3601.1950270153020028 5.6556343172709073741
43000 1667.5651834162208615 637.96158914212855962 0.0637961589142128 10817.946059492553104 186.01940612080178994 -3605.1543515677089999 5.6823538395785080368
44000 1731.1213008125475881 2360.3572141477693549 0.236035721414777 10828.047526932983601 193.10918667689881545 -3611.6769713333360414 5.6770527811787605543
45000 1667.4101517065967073 1844.0238763903255403 0.184402387639033 10829.798247615022774 186.00211210024954767 -3603.5604439403814467 5.67613504167061933
46000 1705.6050784325402674 26.076543431050037469 0.002607654343105 10818.516723090522646 190.26281366504960602 -3610.810105241034762 5.6820541023252379986
47000 1726.297826949598857 1002.7703891505767615 0.100277038915058 10838.356342289020176 192.57112090750752031 -3610.8422903943478559 5.6716530981420163471
48000 1631.2117221545502161 519.21019074790206105 0.0519210190747902 10833.831978759697449 181.96412280019549712 -3604.8191826387010224 5.6740216617747654126
49000 1718.4672004502335767 -719.2609539910414469 -0.0719260953991041 10834.535903591153328 191.6976027353533425 -3612.8756998250437391 5.6736530179512110195
50000 1688.4835589314086519 -782.33277633861712275 -0.0782332776338617 10852.791848725257296 188.35288239450014203 -3604.3503950531612645 5.6641091236565985767
51000 1683.1941767370797152 1286.8888336699617412 0.128688883366996 10818.468010568049067 187.76284384948849038 -3605.532028948747211 5.6820796870187351146
52000 1671.7536140703673482 5635.0741019437118666 0.563507410194371 10807.034230035222208 186.48663186442541928 -3606.7615217646925885 5.6880912948963935349
53000 1748.8868617825910405 -3681.8268693980053285 -0.368182686939801 10828.415929549948487 195.09096174267477863 -3616.0464846214658792 5.676859637406408865
54000 1757.6875456740356185 -4249.9054131648053954 -0.424990541316481 10822.83682251036771 196.07269127698276634 -3614.8740502847181233 5.6797860242756899041
55000 1679.7450722728260644 3545.0229194920134432 0.354502291949201 10808.271325744301066 187.3780910551330976 -3608.0510032709489678 5.687440245980087461
56000 1777.432298107798033 4599.558669162805927 0.459955866916281 10785.682121285286485 198.27524812948689714 -3618.6936278250432224 5.6993518477796003552
57000 1657.2117213310532406 2854.116377936175013 0.285411637793618 10799.751180851495519 184.86446184184316621 -3606.6304927582582422 5.6919271840727763134
58000 1666.9543531406295642 1694.609920134071217 0.169460992013407 10846.477212854346362 185.951267084177573 -3601.7657086436493046 5.667406672339650342
59000 1687.594195867470944 2636.7330744029245579 0.263673307440292 10789.745934444772502 188.25367260610639164 -3609.8529154039656532 5.6972052633113223763
60000 1725.0845750203257012 -261.86503558114191037 -0.0261865035581142 10818.983595462470475 192.43578082868916113 -3611.4655049197808694 5.6818089042386636933
61000 1642.6808230222061411 -388.81112073247822991 -0.0388811120732478 10874.430996906628934 183.24351826452766545 -3604.2295086955409715 5.6528380514803053813
62000 1694.5698412973822542 -2733.0193110250952486 -0.273301931102509 10872.084170912256013 189.03181635310107822 -3605.9571050528320484 5.6540582616141348282
63000 1635.0668633358402531 1402.2192502344807963 0.140221925023448 10859.435666944402328 182.39416960147633517 -3601.9869437702336654 5.6606438136216103985
64000 1710.0632863852695209 1199.1776349425229 0.119917763494252 10830.238675215157855 190.7601334723813693 -3610.3025845529464277 5.6759042132826760252
65000 1673.4035798877528123 152.53092141220867006 0.0152530921412209 10855.129025474368973 186.67068803477604888 -3603.2586473048086191 5.6628896057570710099
66000 1763.6186615232074928 -958.18237022522839652 -0.0958182370225228 10834.444453854077437 196.73431617708791919 -3615.1498027282359544 5.6737009072619146721
67000 1647.1426120693417943 -2669.4661616132148083 -0.266946616161321 10870.704138655391944 183.74123754833053113 -3603.3632969119930749 5.6547760424205746332
68000 1650.6485942846613852 657.28476240808447528 0.0657284762408085 10834.040374646572673 184.13233514142595482 -3604.6664032361641148 5.6739125203339479953
69000 1617.3361076461330867 4477.8644859080741298 0.447786448590807 10798.359566889010239 180.41627711710853532 -3602.5692192142678323 5.6926607182076365277
70000 1739.970377916687994 267.11084356390534822 0.0267110843563905 10822.442376912089458 194.09631454692134866 -3614.9341098329887245 5.6799930354584162728
71000 1613.9916495780528294 764.03787869243626574 0.0764037878692436 10842.888353422697037 180.04319778575327859 -3604.2309714901075495 5.6692825125425612143
72000 1679.9292059876172516 319.77958802398808302 0.0319779588023988 10796.893934900230306 187.39863144816416707 -3614.7051110153493028 5.6934334724553101736
73000 1694.124295286234883 2730.4875948765984504 0.27304875948766 10759.714510010013328 188.98211502495070135 -3620.0716155036370765 5.7131067251201157475
74000 1684.7777324165119808 -2571.7755977486326628 -0.257177559774863 10811.818391812530535 187.93949186899419601 -3618.5114117999883092 5.6855743502000706258
75000 1751.0198123844947986 -971.30523405842541251 -0.0971305234058425 10777.792709530189313 195.32889559269571578 -3625.8116466653277712 5.703523809022142288
76000 1725.9743335495879819 -879.88823912796021887 -0.087988823912796 10769.721995680902182 192.53503473183505434 -3623.6703546625503805 5.7077979684306834329
77000 1690.1748485510941009 1393.9742470706446511 0.139397424707064 10780.910960835153674 188.54154829719522013 -3620.7035583250508353 5.7018741320491104219
78000 1720.9341514398997788 -1609.2576967169018189 -0.16092576967169 10757.127654981557498 191.97279483134485645 -3624.0729919391451403 5.7144806029185390983
79000 1733.225206466260488 299.48550675570822932 0.0299485506755708 10764.232989502757846 193.34388051923249918 -3622.3484316945869068 5.7107085462993403269
80000 1694.6801080493305562 1444.6468633613872043 0.144464686336139 10763.940568894988246 189.04411677524726088 -3621.4355089388645865 5.7108636873327949246
81000 1620.6153810797511596 1793.2224038010942877 0.179322240380109 10771.732249269958629 180.78208500437784778 -3613.4993495160442762 5.7067327617316934152
82000 1683.3865194616207646 -2495.7409860700931858 -0.249574098607009 10792.658800806044383 187.78429996991280859 -3621.0272406825015423 5.69566762574943386
83000 1652.6402420794715908 991.22789374982596655 0.0991227893749826 10802.434367550742536 184.35450645063582442 -3611.1282523493218832 5.6905133820728055483
84000 1719.0408014308302427 3024.1897490886935884 0.302418974908869 10747.265146954125157 191.76158878808575992 -3621.8157805762307362 5.7197246450118770511
85000 1683.287811444170984 815.19719237518404498 0.0815197192375184 10788.518158694958402 187.77328894199735032 -3618.7597688455316529 5.6978536276521065673
86000 1692.1977654790171073 749.33020694646950233 0.074933020694647 10785.279569591797554 188.76720772526812198 -3619.1586112539089299 5.699564571401951163
87000 1662.227453585514013 1171.4407455049411055 0.117144074550494 10764.500691963516147 185.42397432418246694 -3617.9556471474520549 5.7105665266391385515
88000 1726.797337845442371 1451.4631916950950199 0.14514631916951 10763.921330160370417 192.6268420997702151 -3623.6490139706011178 5.7108738945600263648
89000 1732.5181540420521742 -535.82871116697799607 -0.0535828711166978 10751.341340871740613 193.26500775710269409 -3625.932511664294907 5.7175561056576471586
90000 1667.5886779085303715 -2354.6408786136344133 -0.235464087861363 10776.77640444370445 186.02202696678128291 -3619.2385586841073746 5.7040616804635133619
91000 1691.6069985153062589 1827.9568726087823052 0.182795687260878 10768.149401896589552 188.70130678128214186 -3620.6914149400545284 5.7086315422670272923
92000 1665.9559354450143474 -1106.5552844516957975 -0.11065552844517 10778.681704823075052 185.83989208747829025 -3618.8856109183243461 5.70305339845080006
93000 1738.2190196762981031 2973.9230595818621623 0.297392305958186 10743.295062606646752 193.90094789917526441 -3628.0206874781920305 5.7218383158319294779
94000 1698.9243640492948089 3311.4125420172872509 0.331141254201729 10759.130819446412715 189.51756992022154691 -3621.420695123940277 5.7134166652574984724
95000 1656.3615076641476662 -1157.5050254769596449 -0.115750502547696 10793.617989442442195 184.76961922761350365 -3615.9346786754749701 5.6951614729776149915
96000 1724.6847572607634902 -3926.7070041967917859 -0.392670700419679 10797.036497905648503 192.39118055583031719 -3623.3282375419121308 5.6933582969210663194
97000 1654.1578237385388093 127.57503270511641347 0.0127575032705116 10765.177514590375722 184.52379496887004962 -3617.2228984844891784 5.7102074948784284913
98000 1691.8719339489719005 -3172.6053947798227455 -0.317260539477982 10779.289220575350555 188.73086072767114274 -3619.5670640968914995 5.7027319770003916943
99000 1728.7690374326591609 -2437.13747110664508 -0.243713747110665 10754.702555966438013 192.84678815639830418 -3624.5760782703841869 5.7157691723801242745
100000 1730.966453292274764 614.6067465048511167 0.0614606746504851 10742.585994522158217 193.09191320294593197 -3626.36977819808817 5.7222159877385285753
101000 1649.480000665004809 3993.028681585466984 0.399302868158547 10753.551423784623694 184.00197676426211046 -3617.6086918086962214 5.7163810266019394746
102000 1725.3695591754396901 577.45623000638283884 0.0577456230006383 10742.910426199507128 192.46757124013174689 -3624.2019509030606059 5.7220431790621644197
103000 1655.0768872002802254 1064.5024545055173348 0.106450245450552 10756.881277220967604 184.62631788134191879 -3617.8919109168859904 5.7146114885253975757
104000 1725.6284941507192343 1455.4360147496463469 0.145543601474965 10756.315540407902517 192.49645582635631058 -3625.5235619872942152 5.7149120529779073863
105000 1669.9953764481388134 790.82677523889867643 0.0790826775238899 10764.423746981370641 186.29049781128082941 -3619.4106779091853241 5.710607346236152182
106000 1674.8247702996377484 2392.9914140429782492 0.239299141404298 10770.761986992101811 186.82922396430527101 -3618.2332566467825927 5.7072468411937782307
107000 1736.2097863451854209 -245.73364648421676293 -0.0245733646484217 10763.382427406788338 193.67681489692222385 -3624.9619143132777026 5.7111598275079540343
108000 1726.9548936497044451 -2505.0549183780967724 -0.25050549183781 10780.093319813586277 192.64441768687836998 -3622.7085776617273041 5.7023066038331551297
109000 1690.1258590325819569 3118.7445054220484053 0.311874450542205 10758.797094605333768 188.53608344266933727 -3620.8767528302996652 5.7135938885150672206
110000 1700.1494623527150907 -261.57782302269538377 -0.0261577823022695 10779.123984957775974 189.65423147990640018 -3620.7845152204199621 5.7028193954623569439
111000 1735.4827802061699913 12.862651715888391735 0.00128626517158884 10764.996757674089167 193.59571626787266041 -3623.9679010637328247 5.710303375956831573
112000 1760.1760606673756229 -3533.4804384999761169 -0.353348043849998 10797.557045787960305 196.35028887004082776 -3626.3703850503752619 5.693083821352923124
113000 1674.6480053525342555 -2044.4733663799813712 -0.204447336637998 10795.200425161399835 186.80950556840076615 -3617.6966249293691362 5.6943266365146358865
114000 1692.3389598170374484 -1885.7010865709610243 -0.188570108657096 10788.617712560437212 188.7829581661908378 -3619.5005244766593933 5.6978010497066575724
115000 1667.5485044209010539 527.76669497655495888 0.0527766694976555 10770.865704624562568 186.01754555376973599 -3616.0477109916087102 5.707191883482256145
116000 1658.8309412302714918 412.35483834918261437 0.0412354838349183 10778.565414704755312 185.045088258745551 -3618.3185617087601713 5.7031149287870714915
117000 1659.9032397756027422 3095.752976994940127 0.309575297699494 10769.922220082269632 185.16470477543128936 -3618.1608750500872702 5.7076918543466632627
118000 1678.2335842388579294 -467.01436167131964794 -0.046701436167132 10771.999348249692048 187.2094822899504436 -3619.6209733973855691 5.7065912594488779064
119000 1718.5414363967997815 -937.97500655595433727 -0.0937975006555954 10769.130872041580005 191.70588386692787708 -3622.4098238043156925 5.7081112726655103273
120000 1643.8133687488104897 -19.538109116267325049 -0.00195381091162673 10771.310900048973053 183.36985544496459966 -3616.1662550757655481 5.706955996157460298
121000 1745.6322566359172015 -3122.8074928777241439 -0.312280749287772 10782.926772822866042 194.72790563994317381 -3626.0546912506470107 5.7008081963834094097
122000 1587.8672752886427588 4132.9083025563704723 0.413290830255637 10766.925831777012718 177.12898451305949266 -3609.179012503136164 5.7092802799929041058
123000 1654.3851653965432433 -2521.4390360395718744 -0.252143903603957 10809.936025863886243 184.54915527300033773 -3614.922171957293358 5.6865643959810716623
124000 1753.840479265394606 -646.36091117158309771 -0.0646360911171583 10763.21291908582316 195.64354522874452869 -3626.9398994286380002 5.7112497717579104872
125000 1729.6216129819229081 1439.4624567844439298 0.143946245678444 10761.676453483814839 192.94189424215997519 -3623.7140205116575089 5.7120651780616302773
126000 1702.3589660019842995 -3427.5962460200807982 -0.342759624602008 10783.193581713787353 189.90070493758366865 -3623.0534746518451357 5.700667141110617564
127000 1688.1220032694827751 296.70847260388802624 0.0296708472603888 10768.217233906492766 188.31255031622222873 -3620.2876348918302938 5.7085955820014699924
128000 1695.7160449579405395 2506.9615180012424389 0.250696151800124 10751.087270084201009 189.15967709662760399 -3621.0896021642975029 5.7176912235248984473
129000 1645.1562465865981721 618.00922932998491888 0.0618009229329985 10769.183920415800458 183.51965548898223801 -3616.7573818735340865 5.7080831548410646548
130000 1615.0770215646130055 4786.8915670150572623 0.478689156701506 10760.270521380407445 180.16427266448542355 -3612.0832803056559897 5.7128115139269466383
131000 1686.3932044460502766 1753.0620765350597594 0.175306207653506 10784.202712427064398 188.11970020539268944 -3618.2202430546667529 5.7001337017408593155
132000 1701.5201659549347823 2126.6394568237492422 0.212663945682375 10759.372171085007722 189.8071355298279741 -3624.868921478950142 5.7132885032744189502
133000 1710.7134066162836916 1385.2233871242624446 0.138522338712426 10766.343774713552193 190.83265536266972617 -3621.8906061746811247 5.7095889388081699778
134000 1692.4237591119567696 -272.98015902358878293 -0.0272980159023589 10788.393830751041605 188.79241765517346607 -3618.5978277444610285 5.6979192910341973644
135000 1692.021304025495283 1211.6243541381229534 0.121162435413812 10787.093594031737666 188.74752318452945588 -3615.7393662652402782 5.698606097338533516
136000 1680.5067246705098114 -3008.4285234924341239 -0.300842852349243 10825.483739125351349 187.46305452648442724 -3613.7150338622632262 5.6783972715548411969
137000 1716.858139926084732 708.53198506285150415 0.0708531985062851 10786.401504969044254 191.51810961203119632 -3619.2047456381869779 5.6989717376265156545
138000 1694.1389482448789749 2777.3363771721315061 0.277733637717213 10762.93549245016402 188.98374958454212447 -3620.4053383732230031 5.7113969855743169646
139000 1693.4048625940311013 -612.31217374154130084 -0.0612312173741541 10795.507024603830359 188.90186122529203772 -3617.5269375831130674 5.6941649139232106691
140000 1697.2700038821753878 3260.8201493299229696 0.326082014932992 10763.338700164165857 189.33302355354396695 -3622.7970053487429141 5.7111830297204262408
141000 1668.3876466504191285 -1624.8878646049361123 -0.162488786460494 10803.428571389922581 186.11115313249482028 -3617.9302939012513889 5.6899897029265069648
142000 1663.6793855039350092 1617.107359132680358 0.161710735913268 10768.993058955973538 185.58593951503584663 -3616.3428805245780495 5.7081843205747402337
143000 1639.4139953440758291 809.97060293248557628 0.0809970602932486 10803.41059565084106 182.87909872001557687 -3612.6943297954389891 5.6899991704709798057
144000 1704.1305986694635521 -929.49951128130862799 -0.0929499511281309 10784.923202109328486 190.09833322818727197 -3622.4810511917889926 5.6997529027826594472
145000 1690.8643983844442573 3540.8710608748451705 0.354087106087485 10779.12257567625602 188.6184686189710078 -3620.0995249604220589 5.7028201410590355636
146000 1688.0337234730268392 539.65384229768017121 0.053965384229768 10780.059744766116637 188.30270257205455664 -3619.6656296352093705 5.702324363958743092
147000 1661.5698088190970338 43.72176267024322982 0.00437217626702432 10772.524957377836472 185.35061306064449127 -3617.0369456392063512 5.706312825519188614
148000 1697.5082204162886228 1869.5012669937991632 0.18695012669938 10757.18045939525291 189.35959696647233841 -3620.2157295348674779 5.7144525519065707542
149000 1628.7399308499745985 986.69421595893231824 0.0986694215958932 10763.987683834928248 181.68839075979047948 -3615.2244166149248485 5.7108386903700028014
150000 1737.0714072679786568 860.4219988623892732 0.0860421998862389 10752.882091465329722 193.77293000771558695 -3626.7839223292839961 5.7167368529318443038
151000 1793.646640860608386 -6352.1385543168380536 -0.635213855431684 10792.338247115812919 200.08398246833766621 -3631.4995702061455631 5.6958367982896156434
152000 1722.6627733468171755 -1448.2737030631681137 -0.144827370306317 10771.757603751015267 192.16562520687082838 -3625.0109870774449519 5.7067193292675568728
153000 1635.4987898902336383 2000.8692506654301724 0.200086925066543 10773.457358772328007 182.44235165872669313 -3615.7138420133510408 5.7058189660404030619
154000 1706.9306882396974743 102.28841666564329671 0.0102288416665643 10760.23947665081505 190.41068743425969956 -3622.4910710611948161 5.7128279961519981001
155000 1681.9249767430862903 453.16539163093909792 0.0453165391630939 10771.149331672273547 187.62126267984115202 -3617.8336399978343252 5.7070416010996813938
156000 1771.565859032912158 1081.3462786671436788 0.108134627866714 10740.139830763771897 197.62083802090060658 -3628.9394196712146368 5.7235192740632347963
157000 1731.7641407633911967 1587.0446521861308611 0.158704465218613 10757.068127127009575 193.18089644097631208 -3627.119446424729631 5.7145122259189813363
158000 1708.4159029784211725 -3565.003683193415327 -0.356500368319342 10800.075075583708895 190.57636537381301878 -3621.3510172971746215 5.6917564829231865886
159000 1719.2191752828637163 -1387.9155808420030098 -0.1387915580842 10777.714121965076629 191.78148665975683684 -3624.5842491744824656 5.7035653972516717758
160000 1664.9974557381794966 4907.0975070499007415 0.49070975070499 10747.867921081498935 185.73297223353947061 -3619.3679380399039474 5.7194038649225573678
161000 1654.0355813204375863 -1202.2970933286758282 -0.120229709332868 10774.152497629434947 184.51015864313950487 -3617.7252755774184152 5.7054508316116594457
162000 1694.4243044083591485 -3745.549175193505107 -0.37455491751935 10798.691189407196362 189.01558149407787823 -3618.3448451342819681 5.6924858993847395894
163000 1670.3300837844826674 3932.8497906998054532 0.393284979069981 10743.313576061871572 186.32783491842968715 -3618.3466068134703164 5.721828455652691936
164000 1680.7229402520817985 2264.8655577974295738 0.226486555779743 10774.402075028918262 187.48717370004243321 -3618.0316903011689647 5.7053186709987979697
165000 1728.0295802495793396 1236.7666166073408931 0.123676661660734 10774.027270084898191 192.76430059464283318 -3624.630142781747054 5.7055171466097744926
166000 1750.870946763782058 1490.0584981127396986 0.149005849811274 10738.90711109340009 195.3122894086423571 -3627.2625870294332344 5.7241762771194961701
167000 1690.2176774522188225 -743.95705603740361767 -0.0743957056037404 10779.992276585988293 188.54632592557896942 -3619.3553392783505842 5.7023600528013203004
168000 1673.6155739636569706 3940.3010963920041831 0.3940301096392 10732.964155233443307 186.69433629302284317 -3618.8997372745943721 5.7273458141138915423
169000 1681.2636281151189905 3071.6990315936582192 0.307169903159366 10735.62868537354916 187.54748824497241344 -3620.6549339399157361 5.7259243151042147346
170000 1703.4046159824720235 1139.0852924331293252 0.113908529243313 10744.392223646191269 190.01734876675143937 -3622.7905947264944189 5.7212540316822044772
171000 1716.3317864381103846 754.77847977472947605 0.075477847977473 10752.85016674166036 191.4593940882146228 -3622.9666145559463075 5.7167538256638632532
172000 1654.4463733693974063 821.70322786226449807 0.0821703227862264 10782.581126607223268 184.55598311449844573 -3615.0865855207894128 5.7009909413825932134
173000 1722.5759704300676276 -2711.1222395662994131 -0.27111222395663 10789.442780087967549 192.15594221085731874 -3623.6052384815175174 5.6973653394739551814
174000 1713.8073839417907038 420.43178134454478823 0.0420431781344545 10782.406828538192713 191.17779319018362116 -3622.8829328515248562 5.7010830981457765176
175000 1712.9870934453410882 -475.42289504107748144 -0.0475422895041078 10758.982623265548682 191.08628855065668972 -3624.6805963262750083 5.7134953628964035843
176000 1687.2525976635122333 2470.1193280523812064 0.247011932805238 10751.375041474517275 188.21556681230339336 -3621.8433248107562576 5.7175381837558978404
177000 1690.6430089512073209 1725.5749617183937517 0.172557496171839 10767.28597125725355 188.59377229447247259 -3619.6240482471330324 5.7090893184787327996
178000 1756.3244035439195159 -2477.6602663517883229 -0.247766026635179 10784.143857045910408 195.92063072065536744 -3628.3388420068736195 5.7001648107047317993
179000 1716.1333779607061842 -717.98893904634007868 -0.071798893904634 10780.78423389218915 191.43726132392862382 -3622.3184789239539896 5.7019411569577114207
180000 1690.3741100392157932 1548.1695995758268509 0.154816959957583 10757.128885611700753 188.56377621611062523 -3620.1466675624787968 5.7144799491742022113
181000 1654.4272033543816178 5032.0321956649531785 0.503203219566495 10754.41740570541333 184.5538446704699993 -3616.6184793689271828 5.7159207243433760581
182000 1639.1074882554985379 1551.9509611606179078 0.155195096116062 10769.179688892387276 182.84490739295020489 -3616.7122229083397542 5.7080853977126873033
183000 1687.5716913915564419 1775.7862508850053018 0.177578625088501 10754.923866401240957 188.25116219794585959 -3620.8557477276981444 5.7156515556144009693
184000 1650.1362271528869314 -211.74086574333972521 -0.021174086574334 10774.603617576884062 184.07517981669479923 -3617.6658906276147718 5.7052119511135286345
185000 1718.2242687847653997 1719.2132911952908216 0.171921329119529 10758.890888923662715 191.67050334242537701 -3622.6189558016303636 5.7135440783023314637
186000 1708.4302849841449188 607.51135367190477155 0.0607511353671905 10763.35522203772598 190.57796970819839544 -3624.5545903429683676 5.7111742629890542844
187000 1665.0795317092765799 -2479.5741630591860485 -0.247957416305919 10793.446135215632239 185.74212793165077073 -3617.6339580231733635 5.6952521518543361978
188000 1691.9790317939953184 3513.4037694527996791 0.35134037694528 10741.825053933322124 188.74280765348024147 -3622.1027376911056308 5.7226213440333184579
189000 1748.5249805259625191 570.76271029179144989 0.0570762710291791 10751.75623082587299 195.05059334381769531 -3625.4067816957449395 5.7173354759726455754
190000 1687.797272490936848 2354.8924412927594858 0.235489244129276 10767.231533634305379 188.27632610911174993 -3618.5837044260715629 5.7091181828391519559
191000 1770.0963218844419771 -639.86154313796896531 -0.0639861543137969 10766.92034519515073 197.45690894013696948 -3628.1737727128565894 5.7092831893144770916
192000 1657.9574526211924876 -554.01138904776121308 -0.0554011389047761 10788.027470064589579 184.9476492896845059 -3617.9819753691199367 5.6981127919896410461
193000 1642.4062505129084002 1816.3475317433085365 0.181634753174331 10769.211295640685421 183.21288928784682071 -3615.2094665359863939 5.7080686449521111925
194000 1745.2042909748963666 830.56422924311618772 0.0830564229243116 10755.395959792062058 194.68016542631019661 -3626.1154410579783871 5.715400674909148826
195000 1670.6421151735262356 2928.5783030512729965 0.292857830305127 10762.215161944097417 186.36264248952687694 -3617.7096891041537674 5.7117792575712122982
196000 1700.7064009156940756 1119.4018000326095716 0.111940180003261 10776.407790657271107 189.71635881487441111 -3621.1944144558055996 5.7042567914703470322
197000 1650.8677226080399123 3567.9742457572956482 0.35679742457573 10763.328744120017291 184.15677923571655583 -3615.2273735584331007 5.7111883125461897492
198000 1705.9488892956051131 453.7744589924989782 0.0453774458992499 10753.303795698440808 190.30116628430624814 -3624.6671434808822596 5.7165126639592029889
199000 1791.692371455267903 -46.681736823187591767 -0.00466817368231876 10765.916667902285553 199.86598077473266244 -3628.2330621952105503 5.7098154503445792685
200000 1738.1317152921656088 1170.4783296138521109 0.117047832961385 10748.34179052217587 193.89120896372040193 -3626.5336254775584166 5.7191517096819355359
201000 1683.0859066407865612 -89.188420249987359512 -0.00891884202499874 10781.722470841428731 187.75076615728585239 -3620.0351482945011412 5.7014449679776761926
202000 1699.1441481984782058 -1383.7905729453436834 -0.138379057294534 10777.481572550312194 189.54208717286778096 -3620.9854338350751277 5.7036884650376178385
203000 1704.8811306426653118 2456.0393195987066974 0.245603931959871 10748.893100034376403 190.18205619944987461 -3622.8444814530494114 5.7188583750371568826
204000 1749.8739388573771976 -1876.7791987463556325 -0.187677919874636 10765.90872925444819 195.20107167605141285 -3628.3192150068580304 5.7098196606918163454
205000 1657.4069896755038371 5230.1648069011707776 0.523016480690117 10748.448435644382698 184.88624431957185834 -3617.0397925377396859 5.7190949647818083434
206000 1693.960003332681481 1737.2540922654468432 0.173725409226545 10743.640414910445543 188.96378801025022653 -3622.3299597215946051 5.7216543884136594755
207000 1732.6828076106392018 -300.58092954114766826 -0.0300580929541148 10765.88910602267606 193.28337511050446551 -3624.7858245641600661 5.709830068110421486
208000 1698.5473712662101207 -1755.8365787529032787 -0.17558365787529 10774.455442587865036 189.47551580784340786 -3622.6642836425753558 5.7052904116652207733
209000 1639.9462251977201959 258.84896344670198687 0.0258848963446702 10782.644183541286111 182.93846976126738468 -3614.7341967100164766 5.700957601971242461
210000 1654.2369313577898993 1532.6383301536266117 0.153263833015363 10779.315925446842812 184.53261954286514879 -3616.167957379137988 5.7027178489494430025
211000 1669.0580512135290974 735.62980963068537221 0.0735629809630685 10781.07085486140204 186.18593777055906457 -3616.890605951989528 5.7017895675726872895
212000 1728.5152315998777794 -939.56169596542292766 -0.0939561695965423 10766.548938283642201 192.8184757337394899 -3624.8223283979068583 5.709480138889352574
213000 1673.5231635640298009 3667.0108293164248607 0.366701082931642 10754.066595570429854 186.68402777385432501 -3620.1092373197552661 5.7161071843120812019
214000 1745.397385934832073 -2820.1727444414286765 -0.282017274444143 10789.28389541906472 194.70170545972501941 -3627.7368562290557747 5.6974492397600497995
215000 1642.5462717033210538 968.97728381920489937 0.0968977283819205 10774.885052880141302 183.22850886238813928 -3615.9888467138898704 5.7050629334629707756
216000 1665.9191982736206228 736.69948556597546485 0.0736699485565975 10781.358015444126067 185.83579400071488408 -3618.6059533381671827 5.7016377008771890189
217000 1644.4320415291015252 2287.4221106940967729 0.22874221106941 10758.010529826287893 183.43886932479213669 -3617.7680844295709903 5.7140116341290934088
218000 1762.5575922662471839 -2789.7817193276537182 -0.278978171932765 10780.116617739840876 196.61595230442151205 -3624.9808854440343566 5.7022942800408014108
219000 1662.0914296302694311 1006.8856615631164004 0.100688566156312 10777.973339338766891 185.40880064724049703 -3615.2717713286556318 5.70342822273876493
220000 1698.2418125927003985 -2313.6933149100518676 -0.231369331491005 10801.532481895992532 189.44143027790633482 -3620.7957441229882534 5.6909885176515819794
221000 1727.0435069069924339 -6267.7081248266404145 -0.626770812482664 10806.446152172635266 192.65430262910376769 -3624.4215875801610309 5.6884008361205662396
222000 1751.830320094461058 24.089874100055514106 0.00240898741000555 10760.931649777647181 195.41930894766596793 -3627.6735390385206301 5.7124605311270499897
223000 1686.0154193875205237 -10.760408436362149942 -0.00107604084363622 10778.016779327135737 188.07755771349619067 -3620.3902474907026772 5.703405235499022119
224000 1684.913066045586902 2955.6768675903094845 0.295567686759031 10748.284987238970643 187.95458853901288876 -3620.4706464424853039 5.7191819346522114742
225000 1749.3471731167292091 -2675.5782106272067722 -0.267557821062721 10785.369902435080803 195.14231016482855807 -3623.9945369951101384 5.6995168347106863749
226000 1701.8335990121893246 -1689.9084144713126534 -0.168990841447131 10797.691855105249488 189.84209945912377293 -3621.0960785949682759 5.6930127431305095342
227000 1756.4069424505839834 -1512.1283819032623796 -0.151212838190326 10797.073709110163691 195.92983805992597013 -3620.7346822299150517 5.6933386752415566789
228000 1711.56572614452989 -1276.1443076750174441 -0.127614430767502 10808.862630751600591 190.92773288890154504 -3617.5714827168412739 5.6871291113111546167
229000 1742.2674903785275546 -1291.7343930418610398 -0.129173439304186 10783.576214842554691 194.35256089950388514 -3623.6626216991007823 5.7004648646059772332
230000 1660.4010590984300961 -367.18362629996636315 -0.0367183626299966 10773.546836495877869 185.22023727017798933 -3616.1305822651574999 5.7057715774041612988
231000 1666.9885082388695992 1678.7556587004585253 0.167875565870046 10778.158596621477045 185.95507713679427297 -3617.2758584855287154 5.7033301910012283997
232000 1685.7363691631846905 1181.9398188383647721 0.118193981883836 10765.983940368436379 188.04642924096324919 -3620.3952923409651703 5.7097797719180887199
233000 1760.7972143138956653 258.858297218768314 0.0258858297218768 10751.438495207041342 196.41957949423022001 -3629.0841395303486934 5.717504439514253356
234000 1752.2616228578549453 -4213.762447054184122 -0.421376244705418 10796.404858108488042 195.46742142009145482 -3626.2427800108443989 5.6936913848079226952
235000 1736.1229886192259073 -1108.7160778605036739 -0.11087160778605 10769.968545451974933 193.6671324799491174 -3624.6313401002284991 5.7076673035845875148
236000 1705.173135345778519 -1061.7190061982553289 -0.106171900619826 10773.045013366136118 190.21462976358870378 -3624.1959306567869135 5.7060373600261602434
237000 1720.4280871684979957 903.01473308185609312 0.0903014733081856 10778.269506449802066 191.91634260017494285 -3622.2436490913651141 5.7032715029741760659
238000 1678.115531203584851 -234.4959401501336913 -0.0234495940150134 10774.982110484877921 187.19631329617996585 -3620.4631120893213847 5.7050115440743374151
239000 1799.5763917351944201 -3641.9953545567659603 -0.364199535455677 10773.062810424349664 200.74545510347331856 -3632.4800518683814516 5.7060279336744486045
240000 1698.9507678977788601 -222.6538907537865839 -0.0222653890753787 10770.456499631571205 189.52051530926127043 -3620.6720953199560427 5.7074087184339363787
241000 1678.1469071235035244 2359.4756450057680013 0.235947564500577 10750.106409177689784 187.19981332727189738 -3622.226645517792349 5.7182129169466371366
242000 1697.1230611127368775 -259.14057539726218238 -0.0259140575397262 10765.819478876826906 189.31663186644439634 -3622.3982818230201701 5.7098669960165322479
243000 1800.9475113691353272 -896.47695652514744324 -0.0896476956525148 10764.881941251927856 200.89840556235961344 -3632.1640692371893238 5.7103642810932431217
244000 1704.7962758359194595 -5169.2982308745704358 -0.516929823087457 10836.28753874101676 190.17259051803947045 -3617.1080068562355336 5.6727358985024292082
245000 1714.4500019762576812 2571.090043415956643 0.257109004341596 10767.191430530001526 191.24947819915530545 -3619.4504708922340797 5.7091394468208918056
246000 1752.0141358067564852 -3181.8236636692136017 -0.318182366366921 10806.088462198737034 195.43981386704001579 -3624.4140868372246587 5.6885891266341701566
247000 1672.4869031125938363 -829.14223653957799343 -0.0829142236539578 10793.291491160378428 186.56843136078478551 -3617.3207831734907813 5.6953337522529894343
248000 1697.6487775995956326 -909.15537725547812897 -0.0909155377255478 10802.637216874756632 189.37527633182779141 -3616.582262500051911 5.690406526980881452
249000 1722.3042645861842175 -1232.0021143301614757 -0.123200211433016 10804.837487296139443 192.12563301501816682 -3619.5433766820424353 5.6892477466492303861
250000 1704.2768074310122302 -3902.1685718184098732 -0.390216857181841 10830.622543565008527 190.11464303560197209 -3616.5360352474772299 5.6757030429459289778
250000 1704.2768074310126849 -3902.1685718183930476 -0.390216857181839 10830.622543565008527 190.11464303560200051 -3616.5360352474772299 5.6757030429459289778
