step temp press pressGiga vol ke pe density
0 505.5851676166456059 -2452.5352149686200391 -0.245253521496862 23399.594705716168392 133.77556871952475603 -8877.1548557829701167 8.5650366563236328687
100 527.92785045287462253 2581.1390981765325705 0.258113909817653 23347.43051817437663 139.68734243161040354 -8872.7433181546984997 8.5841731595073564876
200 552.74098050766326651 -1987.9576571807683649 -0.198795765718077 23437.308383724786836 146.25278540225502866 -8865.0214373073358729 8.5512543981692417105
300 578.9334319820205792 508.03187070867198827 0.0508031870708672 23426.578550137845014 153.18319063676440805 -8857.8391431936706795 8.5551710408174876932
400 597.54013947732391898 729.91701867790777669 0.0729917018677908 23446.286746103214682 158.10644202270972869 -8851.3379372752733616 8.5479798386789340725
500 614.3391507283372448 -2350.999539632590313 -0.235099953963259 23499.955265725329809 162.55138508665260133 -8848.1190324610142852 8.5284582090198917115
600 611.99084713893319076 2850.8687241896318483 0.285086872418963 23431.103030216145271 161.93003448477571737 -8847.0806157702427299 8.5535190613570790674
700 607.62960487810005361 -3438.009451692953462 -0.343800945169295 23502.015329047211708 160.77606933481516194 -8851.9955903787267744 8.5277106491318299675
800 598.60958889800508587 2552.4689345946617323 0.255246893459466 23412.041271394151408 158.38941354488235902 -8855.0305661156544375 8.5604832177728678033
900 589.38224291089613871 -1648.8724723283435196 -0.164887247232834 23467.798512609344471 155.9478991645924566 -8854.7741513078472053 8.5401443296817891593
1000 583.66631084808318519 963.36638668025045718 0.096336638668025 23445.826689649209584 154.43548916635302248 -8849.9784563542616525 8.5481475680299006115
1100 607.11684479523808022 1074.7960951553170617 0.107479609515532 23443.690151782859175 160.6403953156881812 -8851.2371002696218056 8.5489266024245704756
1200 612.61430348635099108 -3202.3776495946744944 -0.320237764959467 23506.39952922174416 162.09499823923232498 -8849.6274744719758019 8.5261201379831614844
1300 594.74840587338587738 4254.8892694186779408 0.425488926941868 23414.56708940158569 157.36776182696593196 -8845.7446971084718825 8.5595597660352709113
1400 605.14619331028382021 -3953.2644726065609575 -0.395326447260656 23507.581424873242213 160.1189697675644652 -8853.2655324902825669 8.5256914684346813971
1500 604.70957936091690499 2532.0078072370693008 0.253200780723707 23406.063750075809367 160.00344367398309942 -8857.0207607250413275 8.5626694235132241317
1600 585.52905422726348661 -1137.379756965182878 -0.113737975696518 23468.221726008036057 154.928362713460956 -8851.6702674035677774 8.5399903212720644774
1700 592.21288304785525725 -36.326934776879156175 -0.00363269347768792 23466.290276923406054 156.69687385454844275 -8848.122039324227444 8.5406932255783747365
1800 613.98978748046658893 2182.7402559754850699 0.218274025597548 23427.734567691561097 162.45894513752608646 -8851.9152966093533905 8.5547488946697392009
1900 610.72773302351902203 -4505.6466574084270178 -0.450564665740843 23519.170702844199695 161.59582015261139532 -8851.8916572668094886 8.5214903590685953105
2000 604.33518751589633666 4645.4774519037091522 0.464547745190371 23391.010563266623649 159.90438127025853987 -8852.4567773876879073 8.5681798935319868349
2100 582.40885833711570285 -3742.8307349048268406 -0.374283073490483 23502.622124643305142 154.10277286934328345 -8851.7207653745099378 8.5274904789210665967
2200 599.52121103285344361 2272.7190168000706763 0.227271901680007 23413.790714609596762 158.63062467479255702 -8855.1130053567776486 8.559843591346339764
2300 608.52823119485503867 -121.30368554902291578 -0.0121303685549023 23457.122578589140176 161.01384182952048718 -8851.4283762490085792 8.5440311669134754169
2400 597.33541803804200754 -2550.0888881072487493 -0.255008888810725 23506.817282184711075 158.05227364767981157 -8845.2474490215572587 8.525968615473434653
2500 602.24037318321256862 5511.7997687198776475 0.551179976871988 23392.797368609470141 159.35010278927060767 -8847.8631285446153925 8.5675254327006893362
2600 589.99112163487257021 -5708.1519400700444749 -0.570815194007004 23539.037702389432525 156.10900574524066542 -8848.6724037550829962 8.5142982024805142771
2700 590.95277178762023595 5990.7076002410394722 0.599070760024104 23371.635453195016453 156.36345406440216266 -8851.4983065668093332 8.5752829235652505702
2800 605.37254288279848424 -4292.7734168291844981 -0.429277341682918 23501.95493382702989 160.17886084968483829 -8855.9618037446489325 8.5277325636050615998
2900 599.16177327017260268 884.56426893530647249 0.0884564268935306 23439.667930938157951 158.53551905421321067 -8851.8774382203009736 8.5503935886839919078
3000 597.41005381295894949 2695.1553883845404016 0.269515538838454 23433.527886299281818 158.0720219391168655 -8845.929083460041511 8.5526339597697802475
3100 620.64395858260968453 -5350.6915718169693719 -0.535069157181697 23533.532737723257014 164.2196089792730902 -8851.0075934090709779 8.5162898673650140324
3200 614.77391459315811062 5185.4814161017202423 0.518548141610172 23379.196443208868004 162.66642165615735394 -8854.6459948421561421 8.572509619157267835
3300 591.20053518612235166 -5325.8346408172747033 -0.532583464081728 23519.472649848212313 156.42901114887666836 -8854.2344662465293368 8.5213809587209787821
3400 605.56290844435795862 3691.0544720320040142 0.3691054472032 23395.57458659036638 160.22923072382945975 -8855.9920399256297969 8.5665084076391586621
3500 597.53867347880816396 -1658.2249393732417957 -0.165822493937324 23481.306175519337557 158.10605412607480957 -8850.7974750773337291 8.535231596550771016
3600 603.8740519778378939 -134.89126663738977641 -0.013489126663739 23467.792540973230643 159.78236687424421802 -8848.4491585097603092 8.5401465028147836023
3700 612.43348218558151075 2049.2946041085342586 0.204929460410853 23438.048329074368667 162.04715373370405018 -8848.2002402510297543 8.5509844328190478535
3800 601.23890991365169612 -3886.6075674635462747 -0.388660756746355 23509.190910535457078 159.08512009788992714 -8851.5942303865522263 8.5251077827505969964
3900 591.52813355701516684 4210.2492117117990347 0.42102492117118 23392.814271006936906 156.51569220913080471 -8853.6246894509313279 8.5675192422646659907
4000 586.28165496338010598 -2841.1718750799946065 -0.284117187507999 23488.282380463700974 155.12749749418910028 -8852.7909560695698019 8.5326965655127136046
4100 602.19062274206498842 1659.1274159007332401 0.165912741590073 23431.751964023016626 159.33693904558339227 -8852.1487639551123721 8.5532821747727911799
4200 601.76238641411453045 -178.39057148938567821 -0.0178390571489386 23467.40501819972269 159.22362963307040218 -8847.9737927475907782 8.540287528260774863
4300 604.64502821300470714 -1152.5500847355222049 -0.115255008473552 23479.893914014526672 159.98636372964026009 -8849.0766569737133977 8.5357449710601542847
4400 600.65505226938182659 2011.5438091421535773 0.201154380914215 23431.916942872550862 158.93063398275793929 -8850.3674545204703463 8.5532219530394861806
4500 585.08930565698608461 -1890.8985049904047173 -0.18908985049904 23478.824137166680885 154.81200721323975245 -8851.5801105182144966 8.5361338892741080997
4600 581.66539309759707521 2349.0842384377401686 0.234908423843774 23405.190415258894063 153.90605530005885271 -8857.2569022893912916 8.5629889285973792568
4700 583.39963323991435118 -1292.1301259737902001 -0.129213012597379 23459.344342612101173 154.36492746679661536 -8855.4110954140069225 8.5432219873907886409
4800 601.4590253031337852 232.29292066762349123 0.0232292920667623 23444.130877013431018 159.143361643128884 -8854.4731801825437287 8.5487658915128399428
4900 609.34207445438198647 78.924618590527842343 0.00789246185905278 23452.735622722593689 161.22918110738143582 -8852.5145713175588753 8.5456293722680491953
5000 602.99601537085300151 -1207.4607794338969597 -0.12074607794339 23481.093905966394232 159.55004232443656065 -8848.566571004485013 8.5353087552130784132
5100 604.92546433776942649 1929.9317239969166167 0.192993172399692 23435.737174977068207 160.06056587100599131 -8849.6140981146836566 8.5518277023334778875
5200 597.53296369668589705 -2571.5057384972192267 -0.257150573849722 23482.184469010662724 158.10454334332325743 -8854.9005544403662498 8.5349123571559832868
5300 591.24935596673844884 2297.8719560718791399 0.229787195607188 23414.502336863824894 156.44192890855509859 -8855.2960041598744283 8.55958343739966665
5400 599.91534314298928621 -1481.166652660691625 -0.148116665266069 23466.521524986856093 158.73491026416735394 -8854.9792076136145624 8.5406090623261921024
5500 585.28531795441870145 627.54620245279477331 0.0627546202452795 23456.359871039894642 154.86387118838104016 -8847.3466841275803745 8.5443089848318489743
5600 610.30036182517028465 826.01540270028533541 0.0826015402700285 23442.953871496069041 161.48273964951246739 -8852.6696120505366707 8.5491951012735256654
5700 583.08875166995369455 -1156.6565278987097827 -0.115665652789871 23484.16063585995289 154.28266959712462381 -8846.2016243780126388 8.5341941534644245593
5800 607.01632621571127402 1942.6300979610391551 0.194263009796104 23427.109343037449435 160.6137985501887897 -8852.4397671243204968 8.5549772045239489415
5900 598.7914497689818063 -2394.466155121423526 -0.239446615512142 23480.594866710551287 158.43753311602688427 -8853.9617433879611781 8.5354901583740190318
6000 581.05581771698791727 1434.4520600713433396 0.143445206007134 23423.526938787934341 153.74476438718886584 -8855.3232981024593755 8.5562856064043355531
6100 580.66222307351881682 700.14105363503983881 0.070014105363504 23436.464197812576458 153.64062100908455477 -8853.6460184018760629 8.5515624159842893448
6200 604.75404493096823444 -2009.0795179424992511 -0.20090795179425 23480.669153389506391 160.01520906447129278 -8852.7381058662831492 8.5354631543217500678
6300 607.19421252903009645 1869.4056197092259026 0.186940561970923 23432.669291759193584 160.6608664711957033 -8851.2565728925874282 8.5529473361388923536
6400 598.81538633288164419 -2005.1156888083226022 -0.200511568880832 23488.065697005044058 158.4438666235227231 -8849.6439094697907422 8.5327752818373081567
6500 593.30182885012186489 1818.7442739160460405 0.181874427391605 23432.066438660662243 156.9850040318827098 -8850.7588000409959932 8.5531673837738999566
6600 588.68989770581833909 -805.56024332501579011 -0.0805560243325016 23456.353914594725211 155.76470772724050562 -8854.2085358731619635 8.5443111545513268368
6700 573.34983371457428802 547.08766253437170235 0.0547087662534372 23441.365878045944555 151.70579556750212191 -8852.366891702706198 8.5497742512213257271
6800 596.70619147345007605 1681.5196363144777933 0.168151963631448 23433.33709216058196 157.88578311962788803 -8851.2149895639613533 8.5527035952819385756
6900 596.65142856754232525 -2118.6422750651340721 -0.211864227506513 23497.622168737085303 157.87129310023695439 -8847.4474357512917777 8.5293050061987276678
7000 623.54917563584047002 1788.4963313954438036 0.178849633139544 23427.856218545071897 164.98831638693243917 -8854.2142483469142462 8.554704473511655749
7100 592.53971345222294076 -1710.5703670738807887 -0.171057036707388 23482.347578923163383 156.78335171430296668 -8850.1213812155310734 8.5348530731000291638
7200 592.77699911172601333 904.31351485941661394 0.0904313514859417 23441.791072555330175 156.84613643601196031 -8852.6392285963574977 8.549619172752413121
7300 597.64398181955539258 428.54078968446793851 0.0428540789684468 23429.180745626268617 158.13391824091974058 -8858.8654192421017797 8.5542208485027497744
7400 571.1758023190448057 -2487.9491379793344095 -0.248794913797933 23474.210649653607106 151.13055660682996972 -8855.952122320264607 8.5378115323563754657
7500 608.02258001227710338 4175.766971796974758 0.417576697179697 23378.481259205869719 160.88004879353817955 -8859.2747920020919992 8.5727718655229399047
7600 603.80823125054894263 -7197.4592330298119123 -0.719745923302981 23549.394234542582126 159.76495100489006518 -8853.408892393912538 8.5105537918083218329
7700 614.35392268888836043 6296.9795512955097365 0.629697955129551 23367.743849840557232 162.55529368118899924 -8853.6626443084460334 8.5767110289058958728
7800 601.76822577625023314 -4319.7446412374329157 -0.431974464123743 23519.300525177532109 159.22517470211255386 -8850.2805713062316499 8.5214433219655703056
7900 594.54998601017905457 762.386425091652427 0.0762386425091652 23451.3027274283304 157.31526082071437145 -8849.381033043791831 8.5461515177648852415
8000 605.38274206094763485 3488.7926166778433981 0.348879261667784 23397.133964233657025 160.18155950649830288 -8855.3055703834234009 8.5659374649881332431
8100 598.87153463793401897 -7719.4531309593448896 -0.771945313095935 23545.621399684761855 158.4587232133163468 -8856.6493619070388377 8.5119174811949829262
8200 600.1285785914170674 8877.5011992404288321 0.887750119924043 23331.091685010625952 158.79133140784736611 -8853.3884450807654503 8.5901846815996574236
8300 599.12305120864959918 -7476.2894941193326304 -0.747628949411933 23567.435818818259577 158.52527337033237131 -8847.6359576987852051 8.5040387057103679069
8400 610.28586805520433245 4933.2631647530679402 0.493326316475307 23398.449728448456881 161.47890466295771716 -8848.2184264562674798 8.5654557769227501751
8500 598.01264167941371852 -1196.6606670206210765 -0.119666066702062 23478.702503233191237 158.2314639870679116 -8847.3841808860815945 8.5361781116301589378
8600 609.99697842097180001 -2508.3075645434678336 -0.250830756454347 23489.500849599691719 161.40246576088546249 -8851.7065714479103917 8.5322539495764093687
8700 597.23500237267512603 4573.6038094229015769 0.45736038094229 23391.733903261985688 158.02570411280575513 -8851.9754915059820632 8.5679149406546120105
8800 577.52099767732056534 -4788.3313975276514611 -0.478833139752765 23518.418527502075449 152.80946685194507495 -8850.9324274947066442 8.5217628967359875247
8900 592.32797068339505131 5740.1632900510658146 0.574016329005107 23375.097830136768607 156.72732552695310915 -8852.153211801281941 8.574012731582341118
9000 609.35402664909474879 -3989.0306693207467106 -0.398903066932075 23520.462860341140185 161.23234360451854741 -8847.943748239926208 8.5210222089425560199
9100 605.26689008379992174 1571.4291249399939261 0.157142912493999 23450.098031697503757 160.15090559273085091 -8846.4801262027831399 8.5465905569635491901
9200 604.26216171795044829 879.36421825177592382 0.0879364218251776 23444.148607236926182 159.88505897151023305 -8851.4190781055804109 8.5487594262949127
9300 600.80643414180360651 -2942.6745659965026789 -0.29426745659965 23490.207945440557523 158.97068894752780466 -8854.030455350268312 8.5319971139921975123
9400 591.76267283628305904 4127.2053128449197175 0.412720531284492 23399.16011326622538 156.57775025094210264 -8851.6797810738462431 8.5651957346942371174
9500 597.92520233225263837 -4045.1771329539374165 -0.404517713295394 23512.091604054909112 158.2083279278158443 -8850.8759722817176225 8.5240560377457494923
9600 620.15062058635305675 3225.5725563662476816 0.322557255636625 23421.737987977827288 164.08907395718910038 -8849.3074959215009585 8.5569391349373145061
9700 593.61484238017396819 -1424.5052699132309044 -0.142450526991323 23502.46449784134893 157.06782600863692778 -8841.6562649624047481 8.5275476712658537792
9800 611.71156840572928104 276.01115773896378869 0.0276011157738964 23460.550176943488623 161.85613858402820142 -8848.782914380357397 8.542782879599394974
9900 610.89135308358402199 1019.6978475731226581 0.101969784757312 23441.151224482895486 161.63911328696559622 -8852.3303922412087559 8.5498525425769305031
10000 583.42047399515809047 -2034.2245595110325667 -0.203422455951103 23488.02903044836421 154.37044183720115598 -8848.7467348830832634 8.5327886021328538391
10100 586.69967361275348594 3886.0073793265087261 0.388600737932651 23403.715729348416062 155.23810335475835132 -8850.6514054287690669 8.5635284890360132692
10200 575.2852328999342717 -2011.9463748875380134 -0.201194637488754 23491.228906045715121 152.21789351519578304 -8847.2930740306219377 8.5316263018490108294
10300 607.0779451363428052 2067.5829714596975464 0.20675829714597 23429.123101223114645 160.63010264033886187 -8850.1374701910244767 8.5542418950845231507
10400 615.33976853596516321 -1497.6881431262850128 -0.149768814312629 23487.189047712690808 162.81614407259621657 -8848.5300266796875803 8.5330937640276385281
10500 597.37526259124808803 67.595344462709405775 0.00675953444627094 23464.681819660414476 158.06281633782765539 -8847.7602009706024546 8.5412786731099128446
10600 595.89373096140548114 1635.6024498352337559 0.163560244983523 23430.748636697808251 157.67080971055167993 -8852.3494869718288101 8.5536484345905723359
10700 598.94959550696944461 -2460.0874330954243305 -0.246008743309542 23482.052305846129457 158.47937776930180576 -8854.125855451598909 8.5349603938868199293
10800 610.14499448235824275 1827.2388698398801807 0.182723886983988 23420.389149937869661 161.44163014714493443 -8855.6876008864310279 8.5574319501905922181
10900 590.30847677530482542 -1404.3356875662841503 -0.140433568756628 23484.26485606843562 156.1929764926372286 -8848.3177678167212434 8.534156279786055066
11000 606.81148923207911139 1122.274808515293671 0.112227480851529 23448.305354406464176 160.55959960264181063 -8848.6281068649514054 8.5472439636202661717
11100 634.26236493406338468 -398.95360214611611127 -0.0398953602146116 23475.747773915118159 167.82297824603264758 -8848.5102912574766378 8.5372525010798003819
11200 618.35081555545377796 -1696.7631075254330426 -0.169676310752543 23505.786937141809176 163.61285361487205137 -8843.9153418227142538 8.5263423400171998168
11300 603.18499339322499964 3271.7784277277346519 0.327177842772773 23424.376401749817887 159.60004506193274665 -8847.8348797779981396 8.555975320760470737
11400 612.40383868980109128 -3383.4820517208927413 -0.338348205172089 23496.719091713199305 162.03931019761785137 -8853.8235309377596423 8.5296328230037339324
11500 598.80827463606783567 1947.9067507630827549 0.194790675076308 23424.349551351853734 158.44198490042884941 -8853.1857823682330491 8.5559851281338552553
11600 580.97106894040302905 -492.5899539046757809 -0.0492589953904676 23462.526598053700582 153.72234024084895054 -8850.1696333358704578 8.5420632581915043602
11700 599.48349380828062749 -183.96446573190937102 -0.0183964465731909 23455.920864034600527 158.62064486626388771 -8852.1251007220434985 8.5444689023009381401
11800 607.36016215033407661 1488.340605676250334 0.148834060567625 23446.124198472305579 160.70477599700987525 -8848.1575616869267833 8.5480391002379061405
11900 588.47261326586351515 -1677.4444134644011228 -0.16774444134644 23500.278237349779374 155.70721523855479518 -8842.9322395846938889 8.5283409997692594118
12000 592.79020324927455476 3033.2689325543806262 0.303326893255438 23420.544181603236211 156.84963019161071429 -8848.8586000111881731 8.5573753044988354333
12100 593.16816665784585894 -2094.738259621722591 -0.209473825962172 23475.099422446433891 156.94963761503879596 -8854.4196763624368032 8.53748828880099353
12200 601.82113958722186453 900.44218142906754565 0.0900442181429068 23429.391161959156307 159.23917545927324113 -8855.6466946202162944 8.5541440241512667342
12300 603.375921991048358 -505.8429360277663136 -0.0505842936027766 23463.804080244397483 159.6505639129485985 -8851.9343381376929756 8.5415981872402273467
12400 605.4291833914627432 -664.70965287240414909 -0.0664709652872404 23471.300224844482727 160.19384767434752348 -8849.159372189296846 8.5388702150139774716
12500 605.71353200073531298 1529.1554531013234737 0.152915545310132 23445.175579440441652 160.2690850415736179 -8848.2541324916855956 8.5483849638271180993
12600 596.25578190739747697 -2573.1106612775802205 -0.257311066127758 23481.785413351310126 157.76660676771979297 -8853.8457587884386157 8.535057401709378766
12700 589.37235642850748718 2924.3214183987010983 0.29243214183987 23404.818450133352599 155.94528324567534128 -8854.9779815218480508 8.5631250173800648184
12800 589.4163012905684127 -1884.9361662512917519 -0.188493616625129 23477.473986446348135 155.95691085916371321 -8852.1620699065315421 8.5366247882237189515
12900 611.90471925802728492 730.04981827676272133 0.0730049818276763 23444.862334223958896 161.90724543361523047 -8852.7334869563819666 8.5484991782191830367
13000 601.43626399739503086 216.33391343523800288 0.0216333913435238 23461.933775637517101 159.13733910367355406 -8849.0326281701236439 8.5422790940483572797
13100 616.8293928087113045 -1908.3873226364999027 -0.19083873226365 23476.032760444209998 163.21029197690364754 -8854.091706241682914 8.537148863383301034
13200 598.93164028615649386 2053.5353476857485475 0.205353534768575 23427.874221459303953 158.47462689837126959 -8851.8543718636210542 8.5546978997350748841
13300 598.12857793239857074 -2669.5264804313455897 -0.266952648043135 23487.342724931757402 158.26214019984402626 -8853.3695807899966894 8.533037932163853867
13400 612.89818545689593066 1757.8284098095948593 0.175782840980959 23422.378600057723816 162.17011213594312835 -8856.2510643929326761 8.5567050989894539725
13500 598.20098626754770521 -1245.892426720705771 -0.124589242672071 23479.366524767574447 158.28129912070451724 -8849.7727595004671457 8.5359366994063048395
13600 604.03087636783811831 218.33129491299075653 0.0218331294912991 23459.29233413946713 159.82386190476552201 -8849.0514176437063725 8.5432409274304372815
13700 620.23058529740410449 243.07468778276376042 0.0243074687782764 23453.432708623298822 164.11023226123660379 -8852.8020958666766091 8.545375377988317922
13800 600.41097831174965904 -1893.6889972510311964 -0.189368899725103 23480.360641468920221 158.86605310779717115 -8852.4137245197671291 8.535575303030666916
13900 598.79171291519230635 2105.0132608989533765 0.210501326089895 23417.653836910387326 158.43760274333445182 -8855.3317668623676582 8.558431506134930089
14000 593.88883975050976005 -2219.813454670979354 -0.221981345467098 23480.210982295200665 157.14032448444686452 -8853.4584734255404328 8.5356297074458584717
14100 621.20686444390821634 1516.0132156137503898 0.151601321561375 23438.708935812890559 164.36855134656155997 -8851.9534818806569092 8.5507434281650454011
14200 610.73838634495996303 -1647.8188278112718308 -0.164781882781127 23490.238245798591379 161.59863897370385644 -8848.0454391377916181 8.5319861084602557355
14300 605.46073027259376431 71.346322503790148062 0.00713463225037901 23459.596718047065224 160.2021948376642797 -8850.0599602789152414 8.5431300804671117533
14400 602.86148658611182327 728.84980257976633311 0.0728849802579766 23440.654243438981212 159.51444661111148093 -8853.6816823163262598 8.5500338137393221416
14500 597.56180842809806109 -1881.208833003045811 -0.188120883300305 23476.782636441235809 158.11217552993866775 -8853.7655465109310171 8.5368761768267642509
14600 602.09200369654899987 2151.5974014439657367 0.215159740144397 23421.921966042067652 159.31084488826729739 -8853.4992205803209799 8.5568719205942649353
14700 589.32966812284723801 -1705.690756798797338 -0.17056907567988 23486.094723075311776 155.93398811137723214 -8848.5610416886720486 8.5334913599178516819
14800 606.26223465326893347 1262.2412040369933948 0.126224120403699 23435.217019315205107 160.41426930349851432 -8852.7795545516182756 8.5520175141707213129
14900 598.89337955480971232 -865.76318176266659066 -0.0865763181762667 23467.436829792353819 158.46450328038685029 -8850.9547430120510398 8.5402759513616963716
15000 592.62916523052501816 119.11757926585754319 0.0119117579265858 23454.195536639203056 156.80702025381282283 -8850.2430392457536072 8.545097446829496235
15100 591.08332277042711667 1343.5326991225949769 0.134353269912259 23440.771047391142929 156.39799726916865552 -8850.1891175714699784 8.549991209435114925
15200 598.01730630992403803 -1452.3783920300561476 -0.145237839203006 23471.899507670103048 158.23269822738853918 -8852.1981141786745866 8.5386522012026784267
15300 602.36747582547513957 1495.7966684212779001 0.149579666842128 23433.259381861862494 159.38373357858864665 -8852.0402525006247743 8.552731958094828002
15400 595.84211028088498097 -790.6450490283768886 -0.0790645049028377 23473.58898846207012 157.65715110991101255 -8848.7846207942602632 8.5380376429052535769
15500 607.87822863086978487 456.79276009072907527 0.0456792760090729 23458.196391055989807 160.8418540651717592 -8848.7828565786785475 8.5436400589599390543
15600 611.39922581549876668 290.61420289376155779 0.0290614202893762 23460.72011580029357 161.77349413494280839 -8848.7662817289674422 8.5427209995399042697
15700 595.28621815270957995 -1218.6026892789984686 -0.1218602689279 23471.798200354751316 157.51006454496305764 -8850.6323480979117448 8.5386890551294154506
15800 588.03545342975746735 2253.5755917102687818 0.225357559171027 23420.08944164659988 155.5915447057895733 -8852.8033979316351179 8.5575414601612447285
15900 593.93671283470018807 -1962.8431060953894303 -0.196284310609539 23475.113479167561309 157.15299148789975447 -8853.7030805401045654 8.5374831766173144842
16000 603.94148642238951652 1437.5254229336219396 0.143752542293362 23435.787398879256216 159.80020972595147555 -8851.9266496446507517 8.5518093753982338256
16100 614.21983125532040049 -1167.4799159400865847 -0.116747991594009 23473.73220355041849 162.51981368902360714 -8850.9343491566796729 8.5379855516653631042
16200 615.08392476147150774 -972.64252803274484904 -0.0972642528032745 23476.682226274067943 162.74844895686015889 -8849.4270052780775586 8.5369126891906379484
16300 614.51283140159546292 1785.7694318364362971 0.178576943183644 23446.233179818427743 162.59734021415414418 -8847.1072837224419345 8.5479993677657137852
16400 591.02374601550422994 -1944.4665135828411167 -0.194446651358284 23498.276850736699998 156.38223352690965839 -8845.576937455105508 8.5290673724993606442
16500 591.82112742533070104 3338.3847102649615408 0.333838471026496 23408.585130287094216 156.59321707314137484 -8851.5517155784018541 8.5617471232067323683
16600 598.25172183384347591 -2878.9649269497149362 -0.287896492694971 23482.503772952444706 158.29472352408944857 -8855.8397676103231788 8.5347963034683207439
16700 584.13495968692654969 1886.6099764011587467 0.188660997640116 23433.684858332748263 154.55949154807154855 -8849.5267271294324019 8.5525766694054059514
16800 597.67821079965415265 685.52198069349378784 0.0685521980693494 23459.360531655347586 158.14297507559902556 -8847.6678709340849309 8.5432160918085102708
16900 605.38890210844886042 -2033.0013143842843419 -0.203300131438428 23491.681367715507804 160.18318942745048616 -8849.3347720222518547 8.5314619784094851695
17000 609.07591425416956099 3261.0057660181682877 0.326100576601817 23411.15723205424365 161.15875631165064874 -8852.7094012991128693 8.5608064740672116244
17100 605.98144122026803871 -4791.0218107648070145 -0.479102181076481 23512.667529163038125 160.3399726199753843 -8854.4246153971525928 8.5238472474037294546
17200 611.55285673495086485 3271.8546885994123841 0.327185468859941 23399.025799434537475 161.81414418747399964 -8855.6060805455235823 8.5652449001709598519
17300 586.14558681263690687 -2121.5575314759198591 -0.212155753147592 23494.461023345240392 155.09149447152114476 -8848.336285903420503 8.5304526117211167957
17400 606.21022538654017353 546.03753648415533917 0.0546037536484155 23450.923805968915985 160.40050788468926157 -8851.3720608323528722 8.5462896070031710849
17500 601.06091628260401194 2329.9752199323511377 0.232997521993235 23433.617767487623496 159.03802378109307369 -8848.4921477828320349 8.5526011555774719142
17600 605.36742655131206448 -5068.2142616776172872 -0.506821426167762 23530.706182036439714 160.17750709131098574 -8849.7154522258169891 8.5173128612084187949
17700 621.56785284804516323 5525.8752548693155404 0.552587525486932 23374.504851119709201 164.46406725991840858 -8855.6301123110351909 8.5742302424846776887
17800 581.61350249572171833 -5341.9697420820866682 -0.534196974208209 23530.645536371896014 153.89232527943781292 -8850.4774202845292166 8.5173348129265633588
17900 597.13541192284549197 4463.6732492264573011 0.446367324922646 23389.064651020937163 157.99935292626324213 -8854.1998983600005886 8.5688927448762726158
18000 598.68751725222352889 -1527.3416710631861406 -0.152734167106319 23478.49749808931665 158.41003303804134816 -8850.3289662985316681 8.5362526462302579233
18100 609.13440621836116406 -1879.41111555246016 -0.187941111555246 23498.723087263762864 161.17423302314546163 -8845.9079461745914159 8.5289054070432257504
18200 604.15896990551584622 5107.6792220014667691 0.510767922200147 23401.671492534747813 159.85775488056802374 -8846.8603015854769183 8.5642765501391586724
18300 582.59884184391046347 -5381.9134601175283024 -0.538191346011753 23540.053534914935881 154.15304165350997323 -8845.8049668775984173 8.5139307818613101375
18400 610.30389914707131993 5406.7762851437300924 0.540677628514373 23376.170827100006136 161.48367560902900664 -8854.0119462645761814 8.5736191731295132712
18500 604.84458856397213822 -4693.4859945014550249 -0.469348599450146 23510.583172828686656 160.03916650384027776 -8854.9549403408018406 8.5246029383567165638
18600 592.00827972705076263 1506.7742117028269604 0.150677421170283 23421.768475299242709 156.64273673313812196 -8855.1709973539909697 8.5569279966599456344
18700 592.72825679132893129 598.1988614809019964 0.0598198861480902 23430.254020211614261 156.8332394365557434 -8856.8357731893065647 8.553829003504986872
18800 598.69402646540538626 -2475.6756268541339523 -0.247567562685413 23481.373804454429774 158.41175534666726321 -8853.899354481645787 8.5352070141465024022
18900 610.07431352458149831 2775.071505209593397 0.277507150520959 23419.084544127479603 161.42292828259300563 -8851.1484280003132881 8.5579086586384907065
19000 606.94963554066123379 -3353.5245551076327502 -0.335352455510763 23505.045127966099244 160.59615249655718117 -8849.9939573162519082 8.5266114277363946883
19100 613.33249954460598019 1798.9139165601859531 0.179891391656019 23428.124633388946677 162.28502969644080167 -8853.3967930976596108 8.5546064626933944197
19200 597.19920450645668097 -1765.6270653151409533 -0.176562706531514 23465.237652746996901 158.01623215789280152 -8856.0228573960430367 8.5410763514731797841
19300 591.3334631996627877 359.47064068683721416 0.0359470640686837 23435.063541034240188 156.46418330531858487 -8856.3069530337925244 8.5520735220814554367
19400 590.09247878502674212 598.35006342408883029 0.0598350063424089 23439.511347596777341 156.13582439276859759 -8853.3772232668925426 8.5504507080146119335
19500 593.65668627422837744 -1440.7313953355112517 -0.144073139533551 23474.21812054093607 157.07889771540979496 -8851.3325570424913167 8.5378088151187796484
19600 605.00311968452695055 1870.1269973547359768 0.187012699735474 23430.880166521274077 160.0811131276147421 -8851.9966444965466508 8.553600418474209377
19700 602.24734289414243449 -2014.9421148566605098 -0.201494211485666 23487.518597795100504 159.35194694353614864 -8850.3869749379518908 8.5329740373846796331
19800 611.85893249007142458 1335.477599087720364 0.133547759908772 23438.15146625089983 161.89513046008465835 -8851.3552091352139541 8.5509468050909287484
19900 610.42187121187987486 -1321.6259978494811094 -0.132162599784948 23473.664442242021323 161.51489048848674202 -8851.7989655050077999 8.5380101982250629078
20000 617.56630123802813159 -1225.643343719764971 -0.122564334371977 23459.546397463189351 163.40527464360405929 -8857.1391406849324994 8.5431484054290045549
20100 586.37990041931709584 1574.900320040943825 0.157490032004094 23428.886092831886344 155.15349280137746746 -8852.238918335755443 8.5543284304452615885
20200 614.85913065741590344 -2833.7400334138342259 -0.283374003341383 23478.21209670135795 162.68896944472058408 -8858.0383441067697277 8.5363564130053060097
20300 618.07349942777136675 1791.8410262529921511 0.179184102625299 23431.650514534325339 163.53947701074679344 -8852.2150057637900318 8.5533192069956260895
20400 609.33074302965042079 -2417.8430187605817991 -0.241784301876058 23500.760705200547818 161.22618286319834624 -8847.7670744368570013 8.5281659139324919039
20500 598.20487427664284041 1992.5037524543915879 0.199250375245439 23440.819008937662147 158.28232787048042951 -8847.521819215206051 8.5499737155582593573
20600 602.99416147468741656 -755.57294136327300293 -0.0755572941363273 23462.243142863157118 159.54955179182249481 -8853.0069412234297488 8.5421664577088609605
20700 599.26854652028703185 -540.65622554014305479 -0.0540656225540143 23459.452780169045582 158.56377077750923377 -8853.0611613913133624 8.5431824977177157621
20800 596.43308428854004433 1312.2060659132680485 0.131220606591327 23436.23068780938047 157.81352018289072703 -8851.3885632767269271 8.5516476206144051986
20900 599.2431891996224067 -1959.7128347048555952 -0.195971283470486 23484.5626169064235 158.55706134414293729 -8851.016981847338684 8.5340480751936667048
21000 604.59745267106166011 2243.4615418907897038 0.224346154189079 23430.64078061060718 159.97377545453207404 -8850.0599884542025393 8.5536878088040264601
21100 601.7082309356812857 -1014.7118897936251187 -0.101471188979363 23494.501585476802575 159.20930033626598288 -8843.5298375025231508 8.5304378843033052959
21200 616.96951811498422558 514.97470520201977706 0.051497470520202 23466.985788474059518 163.24736850473578897 -8846.6247856448990206 8.5404400975949794628
21300 593.78158316862857191 816.94530237242145176 0.0816945302372421 23452.001247279495146 157.11194487373219886 -8848.7302395855622308 8.5458969699152884658
21400 590.75850453450550503 -579.79198657612255374 -0.0579791986576123 23466.239897323041077 156.31205182016404365 -8850.7321642270471784 8.5407115615671571618
21500 590.42007993667050414 1707.0036208222529694 0.170700362082225 23432.975035236919211 156.22250618879695594 -8850.7197171303887444 8.5528357409249071708
21600 593.01821582695947654 -889.43449650172544807 -0.0889434496501725 23474.066374066300341 156.9099612974435729 -8849.2698102588947222 8.5378640071919456034
21700 622.91752737410752161 323.46449749185035216 0.032346449749185 23448.793447741125419 164.82118508867392848 -8852.5135140656275325 8.5470660502953155202
21800 598.33080938554121531 -70.19603326703541768 -0.00701960332670354 23479.414561857356603 158.315649735704568 -8843.5535655426629091 8.5359192355314483791
21900 606.54781846979108195 -429.79825767000676251 -0.0429798257670007 23467.437737981901591 160.48983350102520262 -8849.7091970500405296 8.5402756208531229731
22000 604.83348639703456229 904.39300323693908013 0.0904393003236939 23431.795133884210372 160.03622892024165481 -8855.7278534887154819 8.5532664165262666245
22100 586.05892390170481576 -1180.5857406571183219 -0.118058574065712 23468.372223684778874 155.0685638538143678 -8851.8905775824641751 8.5399355561315370977
22200 614.77722096071363467 1122.7559158811000088 0.11227559158811 23431.625665797193506 162.66729650618950132 -8855.8133372717347811 8.5533282776074397447
22300 605.41284209997309063 -1391.232689607021257 -0.139123268960702 23479.44266908706777 160.18952384188040128 -8849.6400008509826876 8.5359090171865705798
22400 620.74119944720700914 64.319835614541162272 0.00643198356145412 23471.385220110129012 164.24533847609674808 -8846.9266315635995852 8.5388392938077739558
22500 615.80481290958948648 505.10985661218205678 0.0505109856612182 23463.022988889926637 162.93919272897724682 -8847.6826992713686195 8.5418825397083892881
22600 610.74163457480096895 -1557.1212327428106619 -0.155712123274281 23484.871752949413349 161.59949844075737246 -8850.0213949878998392 8.5339357398196273863
22700 601.39462693120515269 2450.556585953069316 0.245055658595307 23425.703158996271668 159.12632212262636244 -8851.2631331908560242 8.5554907375579833939
22800 581.65430068703142297 -2461.5843784773805965 -0.246158437847738 23494.492376852216694 153.90312029795251192 -8849.0316793026249798 8.5304412277932932795
22900 596.87438992154602602 2848.099403505632381 0.284809940350563 23414.899746379942371 157.93028767492933184 -8852.5474654292993364 8.5594381598221911389
23000 591.1399556900070138 -940.91994087035857319 -0.0940919940870359 23476.754211611525534 156.41298208579362949 -8848.684481508051249 8.5368865129767019795
23100 598.63514865675654164 284.76391885569410078 0.0284763918855694 23474.695555821286689 158.39617654245887479 -8844.9151539325430349 8.5376351706454993717
23200 611.21028433093692911 1930.7506406121153759 0.193075064061212 23443.464148106555513 161.72350106518737789 -8847.5081922737481364 8.5490090172429784587
23300 601.8009974424912798 -3581.2636336765363012 -0.358126363367654 23506.144009782638022 159.23384593807850251 -8851.0554442625361844 8.5262128196852096096
23400 601.21598059250504775 4275.5391412543831393 0.427553914125438 23390.819560952237225 159.07905310231092244 -8853.721410570829903 8.5682498586815825092
23500 593.49968176771812978 -3786.1477264093987287 -0.37861477264094 23506.905292181341792 157.03735502686743075 -8851.9301447509642458 8.5259366941949945584
23600 588.50296168534976005 3175.4353480384929753 0.317543534803849 23419.095311157743708 155.71524529429328254 -8848.5922484082038864 8.5579047241030057336
23700 604.80790736005565122 -182.95761747757151738 -0.0182957617477572 23467.378691352922033 160.02946082173258446 -8848.8550206195668579 8.5402971091706980644
23800 599.2251503160325683 -1569.3545625828849097 -0.156935456258289 23496.959877437329851 158.55228833641672281 -8843.7577132496880949 8.5295454153634882033
23900 614.86280944843724683 3928.3869127943480635 0.392838691279435 23424.317678237224754 162.68994283633213627 -8844.6286670753579529 8.5559967701333583534
24000 606.63197918099990602 -5110.1293383747952248 -0.511012933837479 23533.052327068471641 160.51210204790302782 -8849.2900539230304275 8.5164637214122773656
24100 592.10710163935345918 5715.7410181200111765 0.571574101812001 23383.116669677361642 156.66888456809647323 -8849.845175870883395 8.5710724207039916678
24200 605.42247701216297173 -4463.8023736347104204 -0.446380237363471 23511.158043969138816 160.1920731964507354 -8854.5067737042299996 8.5243945033573051973
24300 606.32695203469734224 1717.280132580970303 0.171728013258097 23426.658556224661879 160.43139323248448136 -8854.5642451577768952 8.5551418234301515042
24400 626.17440682682820352 -239.93296102728936603 -0.0239932961027289 23452.617703226816957 165.68294079067069902 -8855.9837468892364996 8.5456723395955958011
24500 615.56926210093058671 -3420.9115411023713023 -0.342091154110237 23510.64755593190057 162.87686704102395652 -8848.9538530972567969 8.524579594023494522
24600 625.58638604966051844 3610.6922016564863043 0.361069220165649 23414.965990362190496 165.52735312923806532 -8849.9318326901375258 8.5594139440590861767
24700 609.98463982248529192 -5176.8834839594601362 -0.517688348395946 23522.046692980406078 161.39920102304213856 -8853.6602820160205738 8.5204484547420573648
24800 600.78732967297844425 4089.3728825402363327 0.408937288254024 23392.365610491873667 158.9656339907255358 -8854.3460890334681608 8.5676835654314658086
24900 579.05887229304448738 -1985.1807649819481867 -0.198518076498195 23486.234280519027379 153.21638158068921598 -8848.8769399715274631 8.5334406530984470152
25000 607.29971718319745833 327.24384940660297616 0.0327243849406603 23452.674625600346189 160.68878252969147979 -8852.0252359032383538 8.5456515982532650355
25100 604.88088614987077563 1810.4500303878141949 0.181045003038781 23441.785614590367913 160.04877068234026183 -8847.7312143558301614 8.5496211633653569351
25200 610.44813343195278321 -3558.1624549449770711 -0.355816245494498 23508.296294003772346 161.52183935417966154 -8850.7663698564938386 8.52543220874308183
25300 583.6546267947336446 4233.1805977915328185 0.423318059779153 23390.608634327621985 154.4323976182185163 -8852.7923890276179009 8.5683271235381663899
25400 588.43117323934154683 -3172.111608816293483 -0.317211160881629 23491.22096613116446 155.69625039332041183 -8853.8308258847264369 8.5316291854957970742
25500 610.36817877675889576 1714.3063691768670651 0.171430636917687 23424.182901644027879 161.50068371086686625 -8854.7296747147156566 8.5560459990904966787
25600 605.88311279888898753 -824.49041244080331126 -0.0824490412440803 23471.200367405170255 160.31395536050300166 -8850.6502112795424182 8.5389065433525761506
25700 599.67526473321277081 -786.2011826186358121 -0.0786201182618636 23476.53393932164181 158.6713865932564147 -8847.9216609818558936 8.5369666116635674058
25800 600.70608005856581713 2052.216212142223867 0.205221621214222 23427.666532468741934 158.94413570700902483 -8851.6658570355793927 8.5547737381276398594
25900 593.72407397135111751 -3127.5310911245692296 -0.312753109112457 23482.533454849533882 157.09672819795696341 -8856.2465910283499397 8.5347855154949510137
26000 593.68587201363595796 3173.3992900405914952 0.317339929004059 23405.137645721380977 157.08662013121198697 -8854.3209288360012579 8.5630082348271621129
26100 604.14300360456945782 -2731.2866959204316117 -0.273128669592043 23492.963649303237617 159.8535302689174955 -8851.8428398029827804 8.5309963182750454536
26200 594.51008327199804171 1972.9305350779834498 0.197293053507798 23441.501703574529529 157.30470273508302625 -8847.0223948627099162 8.5497247118350845341
26300 592.70830474454839987 259.09615161618165757 0.0259096151616182 23466.714886524525355 156.8279602144263265 -8846.5903736741583998 8.540538689233541092
26400 602.76695345732036913 -874.19461358324861067 -0.0874194613583249 23469.500321748655551 159.4894335690427738 -8851.1720334055899002 8.5395250708363921177
26500 605.23391382103955038 1572.5215910757517577 0.157252159107575 23430.618922411398671 160.14218022144316933 -8852.9921353402496607 8.5536957884571762634
26600 596.32826426120448104 -2144.7697430166563208 -0.214476974301666 23485.823511846814654 157.78578527358533279 -8851.2233175508354179 8.5335899035637208243
26700 591.40622982399759167 2409.2191043196785358 0.240921910431968 23429.941634184750001 156.48343702789134113 -8849.2035306377365487 8.5539430497411483856
26800 614.33519386839452636 -1805.3200713479357091 -0.180532007134794 23477.246966017442901 162.55033811925110854 -8853.9217645427015668 8.5367073357312523996
26900 599.61527666459141983 844.99752965149968986 0.08449975296515 23458.287721971089923 158.65551401923679009 -8847.2686365340214252 8.5436067957280208418
27000 616.40709779288170012 99.786992257718651445 0.00997869922577187 23462.658386067614629 163.09855460894181078 -8849.4649771038020845 8.542015278055023586
27100 601.92447976377684427 -1642.9007305016136797 -0.164290073050161 23480.80474580165901 159.26651880669658112 -8849.8983222157366981 8.5354138653791231661
27200 591.71128036356890334 2093.2455237405210937 0.209324552374052 23422.717229020505329 156.56415203306389117 -8852.3218831383474026 8.5565813922416769088
27300 588.29355167024471029 -1471.9011778264643908 -0.147190117782646 23470.853995032655803 155.65983634312033246 -8852.6227873842944973 8.5390325567187161937
27400 601.12970818102769499 1092.8896371786679538 0.109288963717867 23435.584813437180856 159.05622580900919161 -8853.8712785905427154 8.5518833002478444882
27500 601.56750148586820615 -567.9392792976519786 -0.0567939279297652 23464.856451996198302 159.17206395476159742 -8851.5441899022644066 8.5412151064118457811
27600 610.10472852913164843 -860.74896504862567781 -0.0860748965048626 23466.579000147332408 161.43097595644087505 -8853.0483345714710595 8.5405881443697904132
27700 593.48781492977832386 1417.2431672669822547 0.141724316726698 23442.269074787876889 157.03421511474979866 -8849.2533086117964558 8.5494448407780225807
27800 589.31907192271398799 -951.80623528786168208 -0.0951806235287862 23476.302253487450798 155.93118440432670013 -8849.3356756484572543 8.5370508623351391009
27900 600.46000233750328334 1421.3026616842626026 0.142130266168426 23432.451380578557291 158.87902464522781543 -8853.4640874612377957 8.5530268746737920793
28000 601.89772711084299317 -1416.9906944761899013 -0.141699069447619 23468.458080696174875 159.25944017466736113 -8854.091927252113237 8.5399043136297159151
28100 596.49175936484459726 925.90554499832455804 0.0925905544998325 23449.662581994565699 157.82904534502969796 -8849.7455170145804004 8.5467492633119306333
28200 611.41163767218267822 -168.90934879934425794 -0.0168909348799344 23465.618665760623117 161.77677825657673338 -8849.4756935262012121 8.5409376693746317244
28300 588.04264611112262173 163.88774740494449134 0.0163887747404944 23474.262738916972012 155.59344785703265757 -8844.2232382020538353 8.5377925869982860263
28400 598.54443498084162911 526.34353289976615997 0.0526343532899766 23443.058321025433543 158.37217411049797988 -8853.7437647395636304 8.5491570107056240602
28500 582.5820551485347778 -32.288089144527468477 -0.00322880891445275 23447.566364648158924 154.14859996917141416 -8853.3907263511246128 8.5475133444870312616
28600 592.87838535324885925 261.4911148012061517 0.0261491114801206 23448.11500719639298 156.87296278098563107 -8853.0185788889648393 8.5473133484745176247
28700 602.13361250772288713 -83.624290531923875847 -0.00836242905319239 23457.362911318272381 159.3218543931639033 -8851.4760168253378652 8.5439436289265380253
28800 599.00045541210351985 -94.686156644156511675 -0.00946861566441565 23463.119129177353898 158.49283507218592604 -8849.3103955444603343 8.5418475392876000996
28900 606.63423963132186145 -19.274516721715265533 -0.00192745167217153 23455.580643214158044 160.51270015292419657 -8851.4237872356461594 8.5445928389565430905
29000 606.46344824220022929 -686.58986563886685417 -0.0686589865638867 23461.336569522078207 160.46750951705200805 -8852.9789949576606887 8.5424965369591490116
29100 606.48137717760619125 -245.04934229838150372 -0.0245049342298382 23453.588387252413668 160.47225343298168809 -8853.7613302904828743 8.5453186560785550085
29200 582.998910492868049 35.398274889358901873 0.00353982748893589 23444.548277759069606 154.25889802444237375 -8854.2593256354775804 8.5486136914697787859
29300 575.21855199813012405 581.42389266640918777 0.0581423892666409 23437.841851106844842 152.200250047521223 -8853.7157221741836111 8.5510597635554361773
29400 582.95450832325559531 1137.606455495685168 0.113760645549569 23442.930697694548144 154.247149409426072 -8850.0736627696314827 8.5492035523222860149
29500 611.35044574048595223 -1528.1923016194582488 -0.152819230161946 23476.278130078499089 161.76058714578451259 -8852.2433272834405216 8.5370596347124312331
29600 610.09823431611880551 808.87450384215878785 0.0808874503842159 23451.943475510870485 161.42925761679245511 -8850.0788363168794604 8.5459180219693724467
29700 593.76967018434424972 -340.76670103437243142 -0.0340766701034372 23472.340083439055888 157.10879275149869727 -8847.9003623375538155 8.5384919307206565975
29800 590.87480819268023424 663.30343100131449319 0.0663303431001314 23441.782737548594014 156.3428252467062407 -8853.9864747581923439 8.549622212671952326
29900 593.46611413681830527 -39.824543848598672469 -0.00398245438485987 23445.777498062176164 157.02847318222123363 -8855.3509342143079266 8.5481655028987741929
30000 600.45582497689588308 -870.11455091280959095 -0.087011455091281 23460.491869180339563 158.87791933433896929 -8854.2501434484784113 8.542804111488461416
30100 599.69109786248975524 893.13570087820335175 0.0893135700878203 23445.39440923703296 158.67557596828024202 -8851.0826305267801217 8.5483051766710484998
30200 610.81997697944143511 -1397.1681331534505262 -0.139716813315345 23476.714633516414324 161.62022748980174924 -8852.0768916458273452 8.5369009048416462093
30300 607.32587688900366629 502.13850261647780826 0.0502138502616478 23449.507747237686999 160.69570427056902417 -8851.2898278997017769 8.5468056966434335919
30400 602.84192874247287364 -1151.4266891685747396 -0.115142668916857 23464.165564696828369 159.50927169336603129 -8854.5247241324505012 8.5414665970102205961
30500 580.72549644435730443 908.19650871256180835 0.0908196508712562 23438.114947281890636 153.65736285934218586 -8852.8863171163357038 8.5509601283365093138
30600 591.56626952213889581 322.42784816955901306 0.0322427848169559 23444.411240835492208 156.52578281453193654 -8853.4636653844991088 8.5486636596992688908
30700 594.08871217003911624 -285.08065214052703595 -0.0285080652140527 23469.430518194432807 157.19320983058929642 -8847.9255288290260069 8.5395504693734736179
30800 610.26036903800354594 451.99194250361881586 0.0451991942503619 23452.911491340950306 161.47215773732318667 -8850.2592886491438549 8.5455652903295984402
30900 611.57459601313803432 -1278.724210505995643 -0.1278724210506 23473.034944253417052 161.8198963030211246 -8851.9085861996463791 8.5382391699050881329
31000 582.11854757752462319 1297.3062152136087661 0.129730621521361 23444.98855845520302 154.02595794387232786 -8848.6323892597556551 8.5484531544075554876
31100 581.10637071969961198 324.44473746031570727 0.0324444737460316 23441.318764201332669 153.75814048506794052 -8854.1805761828145478 8.5497914350982053833
31200 597.19872659550810567 -949.78880246549022104 -0.094978880246549 23450.592219744314207 158.01610570479837747 -8858.0483225145108008 8.5464104496615824758
31300 611.24076957089664575 776.53744533133328787 0.0776537445331333 23447.71156928772325 161.73156732300975591 -8851.2527569713947742 8.5474604123025539337
31400 611.25920773050415846 -2302.1662750357700133 -0.230216627503577 23494.095286690109788 161.73644597738021389 -8850.00449777456015 8.5305854067560780152
31500 608.79557294701407955 2165.5728432251803497 0.216557284322518 23429.220272535509139 161.08457925859926263 -8851.7846467317940551 8.5542064168696363424
31600 587.43105424297641548 -1825.5224765792459038 -0.182552247657925 23481.842288738935167 155.43162339060066301 -8851.1500757822886953 8.5350367289405149052
31700 601.32964546676157624 1205.7491219293751783 0.120574912192938 23429.045904305843578 159.10912831845851656 -8855.6304413699544966 8.554270080658387343
31800 601.76415592245439257 -106.93825561511648914 -0.0106938255615116 23457.086653617287084 159.22409783704409847 -8852.36841057856509 8.5440442522588000429
31900 621.49891207432665396 -2239.3185974259422437 -0.223931859742594 23493.250669518300128 164.44582584026673544 -8850.5414281767989451 8.5308920939413255269
32000 616.0262174552376564 2873.3482014663172777 0.287334820146632 23425.97573446790193 162.99777537915821313 -8849.2097709249865147 8.5553911892211615964
32100 604.71567565852114967 -3957.5509118540430791 -0.395755091185404 23516.21324403487597 160.00505672699833326 -8850.0035931007332692 8.5225620433771815954
32200 613.11912870791923069 3245.4423299790273632 0.324544232997903 23407.306239998855744 162.22857272963440778 -8854.3933600154523447 8.5622149060064245418
32300 589.92127757371792995 -1970.8377612984725147 -0.197083776129847 23485.09695811444908 156.09052531978298362 -8850.9571860894684505 8.5338539055223225915
32400 622.38259330178618711 -1114.9480402789181426 -0.111494804027892 23449.851837800353678 164.67964393134610646 -8859.9488630923497112 8.5466802853955723407
32500 627.69080403723614836 1577.4660547823332308 0.157746605478233 23429.725883102993976 166.08417269425541463 -8855.3916975178472057 8.5540218181601836989
32600 608.6322339175817433 -4855.0055328029084194 -0.485500553280291 23542.344828539953596 161.04136048369053924 -8844.7767004390479997 8.5131021509213411491
32700 608.06761477764621304 5768.9992056929368118 0.576899920569294 23394.684185810820054 160.89196479055564737 -8846.571426569189498 8.5668344486193905851
32800 597.52204590602264034 -4594.1129633474620277 -0.459411296334746 23522.255303819682013 158.10165454486025283 -8849.9367767117983021 8.520372889798126792
32900 611.10869036708345448 2329.6079376456541468 0.232960793764565 23418.024940012033767 161.69661975781627916 -8854.6959351565565157 8.5582958815258827201
33000 603.68831654861276093 -634.67745242903959024 -0.063467745242904 23458.791652320964204 159.73322211235753798 -8854.3723285019204923 8.5434232661231899186
33100 586.90902410158946623 -1977.3278462405774007 -0.197732784624058 23483.172093185876292 155.29349655554739229 -8851.0799721492658136 8.5345534071068236415
33200 603.18706282389825901 4589.5367746830943361 0.458953677468309 23397.031815071812161 159.60059262401125579 -8850.456015175450375 8.5659748630367147371
33300 606.2282478791930771 -5155.527056136776082 -0.515552705613678 23540.155380182415684 160.40527655544704544 -8847.5256877959600388 8.5138939467791363569
33400 617.68404953758260945 4407.4985676300138948 0.440749856763001 23407.255144595652382 163.43643031577875036 -8849.7121536279664724 8.5622335963577818063
33500 600.15848522529108777 -3387.8794672392209577 -0.338787946723922 23500.500937012348004 158.79924456909347441 -8852.4453471940869349 8.5282601819744385807
33600 601.77952975247080758 877.92360119552756714 0.0877923601195528 23430.777369122293749 159.22816568354269862 -8856.1729448855548981 8.5536379455208404465
33700 599.03725798672417113 965.14835741256717938 0.0965148357412567 23435.79543111626117 158.50257286843779525 -8854.3862343677610625 8.5518064444049191053
33800 584.82425485931764797 -1982.9005002900580621 -0.198290050029006 23496.98659485641474 154.7418759604484535 -8846.552458586069406 8.5295357167819894073
33900 614.93075524200799009 3735.3703624920890434 0.373537036249209 23413.08213864996651 162.70792098869739561 -8849.4600464877403283 8.5601026473455075205
34000 606.61550919160083595 -4445.7855918576215117 -0.444578559185762 23524.647268500153587 160.50774416254603238 -8848.1401137622633541 8.5195065460530230439
34100 604.72240206922003836 3751.9923646708662091 0.375199236467087 23411.763489515666151 160.00683650511354017 -8849.3645042881507834 8.5605847883833021683
34200 612.26498502514300526 -2411.4800175614027467 -0.24114800175614 23484.633785024376266 162.0025701404559868 -8854.0943570959643694 8.5340222135112746571
34300 590.30867816403099368 498.93139392463490367 0.0498931393924635 23448.835671535300207 156.19302977919130626 -8851.7359103377420979 8.5470506597845545826
34400 590.3771421496186349 1789.6702135215562066 0.178967021352156 23429.149086633879051 156.21114504284108193 -8852.7550127672493545 8.5542324075231697122
34500 605.62762182878543626 -2997.4021275482245983 -0.299740212754822 23490.682904118501028 160.2463535952268785 -8853.6355393179910607 8.5318246053390414119
34600 613.12392677077173175 2725.9637967489588846 0.272596379674896 23427.456524617409741 162.22984227555457437 -8849.1028622948397242 8.5548504246279204466
34700 614.96572598821342126 -3350.6189624156359059 -0.335061896241564 23509.600494091344444 162.71717409136303445 -8849.9272390294900106 8.524959258578062915
34800 615.73122472198133437 1630.8179503209246377 0.163081795032092 23425.929528949109226 162.91972162444557171 -8855.5063523203371005 8.5554080639534060282
34900 590.27732908497682729 -659.49211663313337795 -0.0659492116633133 23461.876137257000664 156.18473495341729063 -8852.2347294948503986 8.5423000797159147623
35000 587.206244441829881 130.99413356146973797 0.013099413356147 23455.547686867448647 155.37213972508121174 -8850.6785384933828027 8.5446048445838620466
35100 612.35484629189761563 733.79694384828064813 0.0733796943848281 23436.806767257479805 162.02634702877455197 -8855.0936523667769507 8.5514374201169349732
35200 585.97045183203942997 -1602.2244876086626846 -0.160222448760866 23488.466195440498268 155.0451545408175491 -8846.3492710401915247 8.53262979072171035
35300 608.38855836318316506 2925.3437582365618255 0.292534375823656 23437.523395268472086 160.9768850244392695 -8844.2827590141605469 8.5511759505287798788
35400 614.7812926516457992 -2271.76152232031518 -0.227176152232032 23505.808586684488546 162.66837385735601629 -8845.9571052342835173 8.526334487004540108
35500 620.92670916970121198 839.34033459458169091 0.0839340334594582 23452.146256187967083 164.29442351699432834 -8850.9370203998441866 8.5458441290717264138
35600 609.38065491913050664 -335.54607547771394138 -0.0335546075477714 23457.886152279006637 161.23938932539053326 -8853.0108432716842799 8.543753051598136139
35700 589.59000457160630049 -954.92829978261670476 -0.0954928299782617 23469.489562907761865 156.00287196858241145 -8850.9868617225693015 8.53952898551000672
35800 595.87291709900262049 2094.4057254975132309 0.209440572549751 23424.960686988637462 157.6653024558722791 -8852.6405653736983368 8.5557619103667281735
35900 607.21523536802362742 -2318.8395476818577663 -0.231883954768186 23487.066847211310233 160.66642902014410765 -8852.4641312818130245 8.5331381607308571802
36000 608.92530680752020089 2108.3160439659086478 0.210831604396591 23443.69066412419852 161.11890625646827857 -8846.8212527965242771 8.5489264155952628954
36100 609.9957063399525623 -1608.6160931212350533 -0.160861609312124 23493.212130933246954 161.40212917395075465 -8847.2871218846921693 8.530906088132869769
36200 607.80769050611445437 391.44078707466542255 0.0391440787074665 23446.250411766995967 160.82318999359694089 -8853.3090235275776649 8.5479930853673398161
36300 585.3470689806287055 1264.7204733773803582 0.126472047337738 23443.282049375698989 154.88021023307493351 -8849.6670379298393527 8.5490754227782108643
36400 582.58734417509185732 -1119.7344701142947088 -0.111973447011429 23475.945382554407843 154.14999942188674709 -8847.9585726905424963 8.5371806388045001768
36500 599.14170036494999749 2584.0827816661508223 0.258408278166615 23424.271599684598186 158.53020785348184063 -8849.6722159895034565 8.5560136008785860895
36600 616.51186969257287274 -2993.9445014585435274 -0.299394450145854 23494.262751264977851 163.12627678388827235 -8853.1926165040258638 8.530524601661930717
36700 596.60105933054762772 1869.712997541606228 0.186971299754161 23436.354628093831707 157.85796562594273951 -8848.624018391201389 8.5516023962757472532
36800 600.37946980638241712 -736.84104534487391902 -0.0736841045344874 23462.242120810355118 158.85771609853546238 -8852.743649273430492 8.5421668298192976465
36900 586.72171786568901553 -110.7500786585363528 -0.0110750078658536 23448.996739785055979 155.24393616525662765 -8853.0347049257470644 8.5469919511538350321
37000 586.53142528681053136 1590.787960733838645 0.159078796073384 23431.553909173802822 155.19358560200222996 -8851.6565167123480933 8.5533544712588867043
37100 603.86096507097340691 -1266.6665066795615076 -0.126666650667956 23480.900133583683782 159.77890413735889297 -8849.1638833550096024 8.5353791914870384971
37200 597.41251974226793209 1633.4874326912195102 0.163348743269122 23449.274453627687762 158.07267441295678623 -8846.3104190983067383 8.5468907276391217209
37300 611.80510358946628457 -1300.2026400622096389 -0.130020264006221 23474.752544871244027 161.88088757430946885 -8851.9177172254749166 8.5376144440492840459
37400 604.11484205540159564 629.1377382850464528 0.0629137738285046 23443.040715377115703 159.84607884926111865 -8853.2280679359319038 8.5491634310950939124
37500 596.55368254571351372 -310.27713008464286304 -0.0310277130084643 23454.744326625510439 157.84542994107454206 -8852.4926440313538478 8.5448975101409718746
37600 599.05661283581412135 -413.67718296089282148 -0.0413677182960893 23459.99048876850793 158.50769407473563888 -8852.1296406623623625 8.542986685929216506
37700 608.1521304874784164 447.90628668835148574 0.0447906286688351 23445.86907376884119 160.91432726847770596 -8853.739418829243732 8.5481321151708904438
37800 598.25056816236747181 -916.12975483703075952 -0.0916129754837031 23470.441048213178874 158.29441826778904101 -8851.0051110246276949 8.5391827953243080174
37900 600.55628092180995736 897.83323406094177699 0.0897833234060942 23444.570743462179962 158.9044995270006666 -8851.6985445102418453 8.5486054997814218126
38000 604.08010046579079244 -1005.0628230379323895 -0.100506282303793 23463.376931166360009 159.83688638040305818 -8853.9537931127088086 8.5417536864167260546
38100 604.17428156891321578 -151.58094413580082005 -0.0151580944135801 23452.313447558368352 159.86180627805794074 -8853.9971934979475918 8.5457832058116665053
38200 594.94838142807839176 751.36274870214572275 0.0751362748702146 23449.496450321119482 157.42067446221017235 -8850.4781920720088237 8.5468098141114179356
38300 608.9505764521970832 -942.29131809885780058 -0.0942291318098858 23474.38864245030345 161.12559249116128512 -8850.5727678065486543 8.5377467950388048479
38400 609.96065894317212042 1063.5471188124854507 0.106354711881249 23452.883116935092403 161.39285578988659609 -8848.5735037927952362 8.5455756291581614903
38500 600.72714575171505658 -1461.1374594851338315 -0.146113745948513 23480.189262928011885 158.94970959497490526 -8849.6365287588741921 8.5356376029731784172
38600 605.28001088425355647 530.74655393591365282 0.0530746553935914 23435.21472023116803 160.1543772977079243 -8856.7274230403727415 8.5520183531562903312
38700 596.20695567614177435 -225.7634118345303591 -0.022576341183453 23447.719082968727889 157.75368756582656715 -8855.9297879637670121 8.5474576733201086398
38800 600.51009788892565666 -791.82506033937283974 -0.0791825060339373 23461.536231755999324 158.8922797035465635 -8853.4929927451285039 8.5424238386530806366
38900 604.85971454588263896 1025.7846435912640572 0.102578464359126 23442.750560052576475 160.04316877084121984 -8851.5114213941051275 8.5492692456957968261
39000 602.37655551863929304 -1631.4344995908641067 -0.163143449959086 23480.888044336286839 159.38613602469393982 -8850.715325071801999 8.5353835859677964493
39100 600.48460240678434729 1702.4519743289711187 0.170245197432897 23434.494977637725242 158.88553371327293462 -8850.8864567331511353 8.5522810109124964839
39200 587.8568698403369126 -886.40953847640423646 -0.0886409538476404 23471.446306488302071 155.54429228865214441 -8849.1851017594908626 8.5388170707730512987
39300 582.59130431585265342 891.27905965284162448 0.0891279059652842 23440.166265508800279 154.1510472573779964 -8851.0257919116447738 8.5502118085434606343
39400 571.93771658298692273 1294.1296584431302108 0.129412965844313 23437.467983730679407 151.33215570526644456 -8850.9399550251873734 8.5511961674655960763
39500 584.11652927898421694 -435.63371018198688489 -0.0435633710181987 23455.429709799031116 154.55461494475693485 -8852.9866749452121439 8.5446478225826805186
39600 602.86464198417183979 1280.4586172856295434 0.128045861728563 23441.963228251453984 159.51528151529191746 -8850.8408790405119362 8.5495563851084792617
39700 595.48672659098394888 -1383.1996142615087138 -0.138319961426151 23487.671167656037142 157.56311817881402249 -8846.7961490877605684 8.5329186093836248972
39800 605.66551663176608145 1792.8739129758403124 0.179287391297584 23440.739628159244603 160.25638039020614656 -8849.3684297904037521 8.5500026695750577233
39900 601.48829826520864117 -1553.5142342854667277 -0.155351423428547 23471.369998362060869 159.1511071376577604 -8853.5781687612034148 8.5388448314504650227
40000 597.23975980818920561 240.95747411934891602 0.0240957474119349 23435.099682228224992 158.02696290891429953 -8857.2876357693039608 8.5520603332257518758
40100 594.10524400340534612 434.9230293545205086 0.0434923029354521 23436.02448245638152 157.1975840795827537 -8855.6947590135205246 8.5517228635600535114
40200 586.56515001756497441 -1550.8524886245136258 -0.155085248862451 23477.181198157672043 155.20250901456563497 -8850.8968920684237673 8.5367312500575174283
40300 602.06775463866745213 2550.4668366211249122 0.255046683662112 23420.021844863644219 159.30442869626486413 -8851.2308503730055236 8.5575661596374690276
40400 591.7866832536531092 -2209.5611188958910134 -0.220956111889589 23497.308172304346954 156.58410329973506236 -8847.3339333227522729 8.5294189839925245167
40500 591.86591365699962353 2624.473649319253127 0.262447364931925 23431.751656918728258 156.6050673092560146 -8847.3096503711894911 8.5532822868749374123
40600 579.8385037974263696 -284.05379984404260085 -0.0284053799844043 23465.020773065076355 153.42266858151640463 -8848.2873872705658869 8.5411552939101067494
40700 586.89827825715542531 -163.21202765612085273 -0.0163212027656121 23448.466875185597019 155.29065325328573977 -8854.4649569947778218 8.5471850873827790451
40800 591.83296032054738589 2148.8615091149322325 0.214886150911493 23417.328360340339714 156.59634800416665712 -8854.5714829336739058 8.5585504594539738576
40900 611.18951995117879505 -4223.4438107829100773 -0.422344381078291 23511.306055576911604 161.71800690339392759 -8853.0191100487809308 8.5243408394165296471
41000 606.81106295067729661 4227.9431113930922947 0.422794311139309 23403.804456210662465 160.55948681049397919 -8850.1638418831389572 8.5634960235873283096
41100 596.16804422914492534 -3828.7426149089678802 -0.382874261490897 23513.835517795658234 157.74339177139839308 -8849.1434021399309131 8.5234238474576162758
41200 605.93956666807980582 2340.0579743087641873 0.234005797430876 23419.35514289882849 160.32889280119775322 -8853.7143913572072051 8.5578097763441576262
41300 585.96563023122541836 -586.17664156412820375 -0.0586176641564128 23452.180382401224051 155.04387876685831316 -8854.9579663182194054 8.5458316936693687893
41400 582.88842426565076948 -1698.9342009400900224 -0.169893420094009 23461.668161841782421 154.22966386405087746 -8856.6814526764937909 8.5423758027375580326
41500 594.76003876102811319 3965.0535174548249415 0.396505351745483 23391.776690183327446 157.37083983688370381 -8855.3954689349411638 8.5678992687068387113
41600 585.83304292251284551 -5221.3315878748098839 -0.522133158787481 23528.246358778924332 155.00879675938639934 -8849.9472392064199084 8.518203326394308661
41700 607.60626223706344717 5499.7573446125088594 0.549975734461251 23381.28969726059222 160.76989297664624701 -8852.4591382607504784 8.5717421490678891161
41800 597.09277352768162928 -4210.3315053571113822 -0.421033150535711 23517.36270273763148 157.9880709980587028 -8849.3403520424362796 8.5221454859070959742
41900 608.90054743362929912 1799.3798286018052295 0.179937982860181 23435.473158716678881 161.11235503713760409 -8850.3306769955179334 8.5519240443852968525
42000 603.80346567756089371 1236.3473244108461131 0.123634732441085 23448.749917247852864 159.76369005564237114 -8847.9057443667625193 8.5470819171539975656
42100 587.35692103185795077 -3354.5582639776039287 -0.33545582639776 23514.011582857496251 155.41200807529162375 -8846.7957234029345273 8.5233600269078344525
42200 609.18238672085988128 5019.0935474229827378 0.501909354742298 23375.35306465096437 161.18692844900112959 -8856.8227275963854481 8.5739191122916196264
42300 584.50266576364867888 -5351.1319523592674159 -0.535113195235927 23520.551692042943614 154.65678492747784389 -8853.6145361417766253 8.5209900270059311111
42400 598.2267861023497062 4483.3070058067860373 0.448330700580679 23387.533121486052551 158.2881256413276958 -8853.6065958257604507 8.5694538776922843937
42500 606.59715602118762945 -2238.3384163926093606 -0.223833841639261 23492.891685317532392 160.50288799593536737 -8849.6842055313336459 8.5310224506262830602
42600 608.9796694893352651 -714.68631165559042984 -0.071468631165559 23471.324232307430066 161.13329037835856639 -8849.8107082421538507 8.538861481096441608
42700 594.3801021733519292 3189.1612560822863998 0.318916125608229 23419.820942009580904 157.27031031911059245 -8848.3322225349565997 8.557639569227985632
42800 589.27467719576543459 -3842.6594057984343635 -0.384265940579843 23503.410926214299252 155.91943775860588062 -8851.3397238370052946 8.5272042865080788232
42900 587.25989654388774852 4710.2349331047680607 0.471023493310477 23389.250824035254482 155.38633583075343836 -8851.2724023270093312 8.5688245384765178159
43000 594.96747769100613823 -2622.1136860283900205 -0.262211368602839 23497.933952669489372 157.42572724776877635 -8848.7920180376604549 8.5291918345360233644
43100 617.11131844897761312 1204.9612761888272416 0.120496127618883 23450.993283116273233 163.2848882373932895 -8847.3729305358592683 8.5462642873156333678
43200 615.63081430117881609 -566.99626859192744632 -0.0566996268591927 23470.138234401732916 162.89315347725971606 -8849.6588627417058888 8.5392929686203942197
43300 590.51476844561511825 -353.84574932017005722 -0.035384574932017 23465.987829332530964 156.2475603437576126 -8848.7962897635043191 8.5408033045620186385
43400 593.63444626167881779 2177.0050686072568169 0.217700506860726 23424.131665365384833 157.07301310779527626 -8851.8004102461818547 8.5560647139766299318
43500 584.24916038858839329 -1842.4138540165024551 -0.18424138540165 23483.265633257437003 154.5897085417483936 -8849.6534978346498974 8.534519411718409998
43600 602.51843555408424891 2808.4502546610719946 0.280845025466107 23422.970976632532256 159.42367684599821587 -8850.5762787359089998 8.55648869639632359
43700 613.42193972229677001 -1881.0221057884450602 -0.188102210578845 23498.769192082923837 162.30869516648093054 -8846.882279855570232 8.5288886732458841777
43800 622.41154705450730944 109.62102999388714863 0.0109621029993887 23461.282075823448395 164.68730496451107115 -8850.3079701862225193 8.5425163786809417132
43900 607.63909133991637646 629.46042345816931629 0.0629460423458169 23448.851657167819212 160.77857941008218745 -8851.3992899978184141 8.5470448330595214514
44000 602.53570550470453782 -2020.9921983785800421 -0.202099219837858 23484.268209813126305 159.42824639750796223 -8851.4204952053314628 8.5341550610390601861
44100 612.16287685310840061 1852.1213374680771722 0.185212133746808 23421.862659483369498 161.97555277590544165 -8854.5949938214944268 8.5568935874716700596
44200 584.07523158050958045 -1807.0455497837499479 -0.180704554978375 23483.823644108051667 154.54368775888576693 -8849.271329247045287 8.5343166187444587933
44300 586.85339282432357777 1750.6273758364523019 0.175062737583645 23424.557403636848903 155.27877676898813775 -8853.0643471233961463 8.5559092086179120429
44400 597.24043362423196868 -827.84855123351587736 -0.0827848551233516 23453.213981376105949 158.02714119761839129 -8855.8500234280218137 8.5454550730968072969
44500 591.38602788955870437 80.146902300014531306 0.00801469023000145 23463.289649574904615 156.47809168660782575 -8848.3974514509318396 8.5417854610683914274
44600 600.13862071997164094 1465.8416320583812649 0.146584163205838 23447.552918606539606 158.7939885100421975 -8847.1649087534824503 8.5475182460740146695
44700 611.80640211503509818 -2426.4274078115763587 -0.242642740781158 23495.478916221592954 161.88123115835344379 -8850.0310841669524962 8.5300830475604332293
44800 586.65675655287680001 2868.122599680314579 0.286812259968031 23419.92110534051244 155.22674769312010312 -8849.5302918221059372 8.5576029695451634183
44900 582.98041759914178783 -1374.7892727977530285 -0.137478927279775 23468.170242025564221 154.25400488766948115 -8852.9062862292412319 8.5400090561247381515
45000 596.88473796483742717 883.75821090584088324 0.0883758210905841 23438.539118834316469 157.93302572079204538 -8853.8547998200101574 8.5508053800386747412
45100 601.08736617131592084 181.37901581572066334 0.0181379015815721 23453.242892397938704 159.0450223030665029 -8851.9062364975216042 8.5454445390380708858
45200 595.18627744593152329 -1173.4474302101220928 -0.117344743021012 23482.900852347869659 157.48362068200225394 -8846.9072152684948378 8.5346519860444391981
45300 606.30991005847329234 2543.2412723188067503 0.254324127231881 23435.538583340567129 160.42688400197792475 -8847.0068907523636881 8.5519001701136581062
45400 594.09334255667533853 -3037.9265238094167216 -0.303792652380942 23499.491751833586022 157.19443501013435593 -8850.4151176110390224 8.5286264279284864642
45500 592.50131749565059636 3115.1078502344666958 0.311510785023447 23402.269322056785313 156.77319231633009622 -8854.8847475568836671 8.5640577689053358768
45600 581.35584567774003517 -1382.3503179542876751 -0.138235031795429 23470.879655731365347 153.82415044052302733 -8851.1456953384313238 8.539023220999522934
45700 603.6217467563686796 163.40623118987952012 0.016340623118988 23455.670789397103363 159.71560804377443787 -8851.4688672685915662 8.544559999885933621
45800 615.42978239872832091 933.80460358291304601 0.0933804603582913 23447.432870796845236 162.83996133713452537 -8851.2454672928361106 8.5475620082568255498
45900 585.76027891474086573 -1931.3092588707886534 -0.193130925887079 23496.823877356971934 154.98954372914442956 -8845.0175274674456887 8.529594784540700303
46000 606.23859396949876555 3560.9984176494049279 0.35609984176494 23408.085094690781261 160.40801408455848787 -8851.8373053374707524 8.5619300163528784253
46100 584.48575810568263478 -3049.0359606362749219 -0.304903596063627 23506.376652976396144 154.65231123698021065 -8847.8427030031616596 8.5261284355450950301
46200 592.17786019562026922 3240.7685826453343907 0.324076858264533 23417.860664699401241 156.68760696486097572 -8849.5659959030708706 8.5583559176133672253
46300 595.78898097033436443 -959.33979291007631218 -0.0959339792910076 23468.939163131108216 157.6430933325278545 -8851.1070426711648906 8.539729256805342672
46400 592.50834534668479137 -786.23684183049272178 -0.0786236841830493 23470.586322833729355 156.77505185420659473 -8849.7156761361620738 8.5391299408057488307
46500 604.34994493187457465 3471.6301927226832049 0.347163019272268 23413.633370208379347 159.90828601636616213 -8850.1127385348099779 8.5599011152446227157
46600 619.0092699151070974 -5429.982529223473648 -0.542998252922347 23537.916524030664732 163.78707768646361842 -8848.8573430302094494 8.5147037628823873945
46700 614.47372259435644537 4923.1080317800269768 0.492310803178003 23406.260600457462715 162.58699219909070166 -8846.2277443509719888 8.562597410098831574
46800 616.63077511004257758 -4437.6586746621351267 -0.443765867466213 23513.436238261994731 163.15773862427579388 -8853.4236750135241891 8.5235685829469147734
46900 603.71247539379771752 1849.7859657719766346 0.184978596577198 23427.517510737048724 159.73961443448490627 -8853.147475855457742 8.5548281547851487971
47000 594.13472925433552518 847.13316235903448614 0.0847133162359034 23439.391389454900491 157.20538574479104454 -8852.5686945360212121 8.5504944675202292359
47100 579.96266773203251432 -2836.0261881514566085 -0.283602618815146 23496.254087209825229 153.45552180196330028 -8849.1120906406904396 8.5298016293870890792
47200 592.75171435448976354 6461.2118821117728658 0.646121188211177 23383.699495844532066 156.83944620260351144 -8845.7704943913049647 8.5708587913213367671
47300 603.58056699463622863 -6181.9557655890666865 -0.618195576558907 23558.92008624027585 159.70471206343651716 -8845.3811441208890756 8.507112620778867651
47400 616.53187954733232345 4964.0750077103521107 0.496407500771035 23391.149066105124803 163.13157130174974441 -8850.7990472902256442 8.568129159930457206
47500 608.77939944376146286 -3410.5611234193543169 -0.341056112341935 23496.571877330432471 161.08029982214742404 -8854.5057588713025325 8.52968626418816811
47600 595.78190733828614611 -3.8816447994235163677 -0.000388164479942352 23453.764849079194391 157.64122168120027823 -8851.4784020462320768 8.545254362667661141
47700 596.03992688210860251 3162.1517666741742687 0.316215176667417 23416.673697510763304 157.70949249574636042 -8849.9358023548884375 8.5587897319028822807
47800 598.17168164546740172 -4740.2740260638702239 -0.474027402606387 23527.29019242305003 158.27354524908011513 -8849.1054501384387549 8.5185495124347134777
47900 613.0629599890381769 5338.4069854578265222 0.533840698545783 23382.556740189618722 162.21371073843323529 -8852.2621534891077317 8.5712776675571600293
48000 597.15982374600775984 -5275.1239012481764803 -0.527512390124818 23532.652765854905738 158.00581218522924587 -8849.1313224265468307 8.5166083225591897587
48100 599.98586461505180978 3550.6865198936193337 0.355068651989362 23406.459044640108914 158.7535699295142706 -8852.5140611658534908 8.5625248148531714065
48200 587.4266291050117843 -937.34015399208408326 -0.0937340153992084 23462.105432114854921 155.4304525189339472 -8853.4550922482594615 8.542216595925928857
48300 594.73664042248356054 -1391.9741398155056231 -0.139197413981551 23464.785272749362775 157.36464874140386883 -8854.5755538076173252 8.5412410157586080572
48400 610.12912312808248316 3060.6736770715824605 0.306067367707158 23416.704620793465438 161.43743065795777625 -8851.5661060410657228 8.5587784294639277505
48500 595.35129295244735204 -3791.9825280523195943 -0.379198252805232 23522.275581620509911 157.527283045231286 -8845.9948495760618243 8.5203655446573964838
48600 597.52018026028611075 4228.0533704602003127 0.42280533704602 23410.377395313509624 158.10116090336239836 -8847.3734249772205658 8.5610916480866681155
48700 600.07324016388110977 -2378.7237802398503845 -0.237872378023985 23491.655963052475272 158.77668910801375546 -8850.6331142045637534 8.5314712046180201099
48800 601.92389801396564053 928.6987919381623442 0.0928698791938162 23438.39110785572484 159.26636487830461419 -8852.6798744273983175 8.5508593774767334139
48900 603.78566099498675612 101.79545831311436643 0.0101795458313114 23451.253037319336727 159.75897901645492993 -8853.1247044793508394 8.5461696259316308755
49000 590.06449325518065052 -1135.6097003871500419 -0.113560970038715 23477.036548182873958 156.12841954703563374 -8849.2274610676795419 8.5367838477504864869
49100 586.66195179621365696 3301.8956523982601539 0.330189565239826 23423.562118764828483 155.22812233121578629 -8846.4169134171752376 8.5562727556718805033
49200 600.36588088028918264 -2310.0123821993665842 -0.231001238219937 23497.08878017702591 158.85412052961285667 -8848.0618213029229082 8.5294986231083846917
49300 602.50333383254417186 2139.9732016036487039 0.213997320160365 23440.862326857062726 159.41968099818251403 -8846.5457198527346918 8.5499579154965061889
49400 608.55271098128332596 -1573.5710491498939518 -0.157357104914989 23477.352260340030625 161.02031907126200849 -8851.8425757002914906 8.5366690491814711805
49500 581.43708584771763981 721.72636069637576384 0.0721726360696376 23448.350330468943866 153.84564622528438349 -8849.9132039012329187 8.5472275692311878714
49600 596.02992943682636451 1057.5218820972286267 0.105752188209723 23434.352133518688788 157.70684721654507143 -8854.0785830710319715 8.5523331413507435173
49700 596.65540455386587837 -1788.2740198198077906 -0.178827401981981 23478.673190993638855 157.87234512839307854 -8851.2053053678901051 8.5361887687271611469
49800 603.81119767329971637 2281.4400136861195278 0.228144001368612 23441.74333696067697 159.765735907050896 -8845.8530039329743886 8.5496365827696383377
49900 596.88284221592027734 -1575.0767133141257546 -0.157507671331413 23498.297655010577728 157.93252411412754554 -8844.8353277806781989 8.5290598212692181335
50000 599.05953749001264441 2075.0962563876651075 0.207509625638767 23433.832152503095131 158.50846792512479055 -8849.5032300588827638 8.552522911886079271
50100 581.38706539302143028 -404.79351847386317331 -0.0404793518473863 23466.313191446479323 153.83241103722272669 -8848.3863135552619497 8.5406848857121850926
50200 602.32494908683463564 -262.37223018945354625 -0.0262372230189454 23453.74033985529968 159.3724811941995938 -8853.7326529940837645 8.5452632924822395921
50300 614.65075380282019069 276.20612073144889109 0.0276206120731449 23445.58059983878411 162.63383386318656676 -8855.2832195891314768 8.548237291208454991
50400 613.34892028665512953 -1711.4805529558293529 -0.171148055295583 23488.932258882403403 162.28937455116977162 -8848.8113635381341737 8.5324604877170031614
50500 610.35498542176765113 2235.8959402475161369 0.223589594024752 23453.405662423447211 161.49719280828443857 -8842.8591001586937637 8.545385232417718413
50600 620.34060747159969651 -2727.0931253766857481 -0.272709312537669 23502.376985951235838 164.13934363527900473 -8849.7587117247439892 8.5275794238760340704
50700 606.67450672542292978 2356.8065349162138773 0.235680653491621 23428.452448869877117 160.5233546454985003 -8850.6093872044366435 8.5544867649695337519
50800 600.92708587987192459 -1793.1954511988758441 -0.179319545119888 23476.353038674373238 159.00261285651663457 -8852.6180259535467485 8.5370323945721473535
50900 597.33938147936748919 563.17265632683950116 0.056317265632684 23441.530576154804294 158.05332235648569394 -8853.417828006669879 8.5497141812678822959
51000 593.27788050286949328 611.46787089828364969 0.0611467870898284 23441.583101432057447 156.97866740656459683 -8852.7455945074070769 8.5496950240247109321
51100 601.15399091205790683 -1386.3890610211758485 -0.138638906102118 23476.322502387127315 159.06265091077580109 -8850.7181102048962202 8.5370434989209407206
51200 620.20280420071833305 1701.812979905803104 0.17018129799058 23437.993514588433754 164.10288150760135295 -8850.6087811785619124 8.5510044310247650401
51300 609.9467773755966391 -2646.2128004870946825 -0.264621280048709 23499.330628181629436 161.38918278933977035 -8848.9433274275688746 8.528684904633971442
51400 605.28590337949049172 1858.6216436952606728 0.185862164369526 23424.515591593517456 160.15593642553045584 -8853.7196751875853806 8.5559244806539620498
51500 593.69044753392688563 -800.38778538527594719 -0.0800387785385276 23456.677694706093462 157.08783079336805599 -8854.4525890691184031 8.5441932146600443332
51600 588.72603261800827568 -35.442306116110280811 -0.00354423061161103 23454.079076990277827 155.77426886300648334 -8851.4671972328615084 8.5451398769349555806
51700 609.27800057155559443 1046.2912030210488865 0.104629120302105 23436.626778638135875 161.21222744524064296 -8853.43239191439352 8.5515030934507798577
51800 605.07491926481031896 -2508.7849201508988699 -0.25087849201509 23493.702892451507068 160.10011097466690444 -8849.9787859620664676 8.5307278854696662052
51900 615.76765244705757141 2353.557433604039943 0.235355743360404 23428.39332470575755 162.92936023718851857 -8850.3202750878408551 8.5545083531711831881
52000 610.4877146173479332 -2453.6065350826820577 -0.245360653508268 23503.903911950888869 161.53231235838543967 -8846.6729570645275089 8.5270254315356464048
52100 596.07101281175960139 1850.8296833026324748 0.185082968330263 23443.93373336744844 157.71771769336803004 -8846.7719495060191548 8.5488377794005838695
52200 578.21330039443535043 1195.6208369782063983 0.119562083697821 23445.698636496937979 152.99264704717248264 -8848.2544746380972356 8.5481942553672727314
52300 580.71419872261321871 -1290.1045247786371419 -0.129010452477864 23474.085650437897129 153.65437353281848232 -8850.2545029164139123 8.5378569960971706365
52400 595.0635772853479466 3707.6284342417116022 0.370762843424171 23408.468251862072066 157.45115476959935563 -8850.7921541410705686 8.5617898719892853165
52500 595.10150578405375654 -3695.974840654196214 -0.36959748406542 23518.455735196530441 157.46119048031644638 -8846.4776524157932727 8.5217494147644821112
52600 630.3306594069960056 3021.566145392283488 0.302156614539228 23430.026355055117165 166.78266659013388562 -8847.9782936072824668 8.5539121194515583824
52700 619.84649116761283949 -2799.514136737687295 -0.279951413673769 23508.323133923509886 164.00860267645887802 -8847.4252539440676628 8.525422475087690799
52800 606.35359271737638664 905.00080899603904072 0.0905000808996039 23452.618948880459357 160.43844223768624602 -8848.7356780498848821 8.5456718857039479786
52900 594.54116077402102292 2024.8542143909539845 0.202485421439095 23432.421280928621854 157.31292570279211418 -8849.9998711438274768 8.5530378612940705096
53000 598.38567088739398514 -4014.8932377350888601 -0.401489323773509 23504.666287764783192 158.33016584314054853 -8853.6274800106693874 8.5267488567536915411
53100 600.08027668674117194 5194.5718252379319892 0.519457182523793 23379.709283207099361 158.77855094041649409 -8853.6522006162085745 8.5723215789312465773
53200 603.99286791546762743 -5099.0549033022452932 -0.509905490330224 23530.987510802438919 159.8138050386672262 -8849.9666623714329035 8.5172110310104383046
53300 626.82942045957952359 2990.8088241623859176 0.299080882416239 23425.789078228313883 165.8562544613494083 -8849.6641437324087747 8.5554593584146196861
53400 606.75492807786781668 -1519.636011027122322 -0.151963601102712 23491.514086083319853 160.54463377481161501 -8847.4274442080422887 8.5315227304274046105
53500 613.98021224941749097 -1381.9093430245152376 -0.138190934302452 23473.14030290644223 162.45641157431805368 -8853.3350608823420771 8.5382008462139857841
53600 608.31171413010270044 2989.5926960889182737 0.298959269608892 23410.06679502190309 160.9565523848730777 -8854.2609185854162206 8.5612052350142775481
53700 582.47479621626530388 -4088.4300634814030673 -0.40884300634814 23515.569000805771793 154.12021973655456009 -8849.2213156486413936 8.5227955313651122538
53800 597.17245389157039881 5203.4634803252274651 0.520346348032523 23385.232571874330461 158.00915406512186223 -8851.1707286346918409 8.570296907742569914
53900 617.16299510081501012 -4245.1560065468356697 -0.424515600654684 23517.13251979189954 163.29856164779349115 -8851.0860085923304723 8.5222288996715178655
54000 610.52395088841149118 1867.291167866281512 0.186729116786628 23455.974511609962065 161.54190031325495625 -8842.8686188775445771 8.5444493597302759724
54100 611.8660369141149431 407.73401853787316895 0.0407734018537873 23463.060589867411181 161.89701025883613283 -8847.7306123990147171 8.5418688508236062518
54200 617.30163835371092773 -2650.6873443297649828 -0.265068734432977 23487.600555747936596 163.3352460309463936 -8853.91167457586198 8.5329442623090159259
54300 593.28757468532842267 3520.9128623480828537 0.352091286234808 23409.04131405323642 156.98123244378240315 -8850.9729048656117811 8.5615802761327728376
54400 590.55631770942477488 -3523.9088952670181243 -0.352390889526702 23501.633018000793527 156.2585540926885983 -8851.5642228696342499 8.5278493730230291447
54500 604.85615314772394413 3454.007123298722945 0.345400712329872 23405.768024209955911 160.04222644085481875 -8853.1922491160403297 8.5627776106415716129
54600 618.09801830646813414 -2681.1112195153741595 -0.268111121951537 23498.709826413611154 163.54596459612730541 -8850.2003760468032851 8.5289102200962574329
54700 629.32172552334850479 -516.86237999529384979 -0.0516862379995294 23468.783417114358599 166.51570720775799828 -8850.918772353688837 8.5397859290576789704
54800 607.30523891574773643 1235.2542033965776227 0.123525420339658 23441.766225478553679 160.69024355536933513 -8850.9258752194728004 8.5496282349127454836
