step temp press pressGiga vol ke pe density
250000 2800.8519310788933581 992224.9750213221414 99.2224975021322 17939.52727125310048 741.09286422611069156 -7270.1931004292146099 11.171887829994970431
251000 2841.7525714304401845 993472.32479361107107 99.3472324793611 17936.154634202379384 751.91499029799263099 -7270.7738953045418384 11.173988543530864348
252000 2866.1742576476685826 998048.18857887550257 99.8048188578876 17925.524381741070101 758.37685898413394625 -7260.5231750470184124 11.180614978366907764
253000 2835.1272172090366439 1006646.1636494584382 100.664616364946 17913.139040791025764 750.16195127369792317 -7225.7106643165534479 11.188345378283020892
254000 2777.8425924298885548 1001300.4552714674501 100.130045527147 17913.912389804059785 735.00469637470587259 -7244.98667569268855 11.18786237403093331
255000 2901.678818225851046 993931.84048596967477 99.393184048597 17936.871350007848378 767.77120653960764685 -7271.9932933473437515 11.173542056847484361
256000 2787.3522255667135141 1002735.6816345195984 100.273568163452 17924.721996060216043 737.52090266926518325 -7228.7300462042639992 11.181115469552420194
257000 2855.3958005375993707 1011491.4420829500305 101.149144208295 17888.081096531052026 755.52492755462685636 -7229.1475673703771463 11.204018212799894627
258000 2791.3198871647960004 1019593.5274968339363 101.959352749683 17864.702513240241387 738.57072814035677766 -7205.8526063515246278 11.218680313822039452
259000 2787.0403901037630021 1004440.6364998642821 100.444063649986 17885.37892003473462 737.43839240378451905 -7260.7238869821849221 11.205710949353830941
260000 2821.2774274038883959 999831.8694560705917 99.9831869456071 17929.149300749875692 746.49735898242556686 -7245.0740822023490182 11.178354479383639131
261000 2770.3417198707475109 1000821.5066344799707 100.082150663448 17912.750671858888381 733.01999912335645604 -7250.3989133935601785 11.18858795441365217
262000 2859.3693957264381424 996887.81487728096545 99.6887814877281 17939.875735608482501 756.57632302723129669 -7252.2491759983295196 11.17167082711555004
263000 2818.4868053174591296 1001835.4225571994903 100.18354225572 17919.594026988754194 745.75897288923147244 -7241.2325662720586479 11.184315118731188221
264000 2842.0373018085861077 1009603.5629656868987 100.960356296569 17896.180342496572848 751.99032867955111215 -7230.202939747056007 11.198947628039851665
265000 2785.311088218088571 1020939.8280045789434 102.093982800458 17851.771521698374272 736.98082687761529996 -7207.4744966603266221 11.226806603141428198
266000 2832.0989212851259254 1012160.2297884756699 101.216022978848 17899.822870244435762 749.36067774864204694 -7213.6208153265342844 11.19666869613210558
267000 2794.7449579228309631 1002001.6958777107066 100.200169587771 17913.610548149568785 739.47698650770701079 -7246.6376266622773983 11.18805088783612689
268000 2832.7689522283267252 984775.94659842946567 98.4775946598429 17981.27245315925029 749.53796493234028731 -7271.2349375645208056 11.14595126232918787
269000 2842.7023814975741516 978264.45971859327983 97.8264459718593 17987.911434049303352 752.16630578358206094 -7294.7875916013481401 11.141837513064668741
270000 2775.086617069802287 994122.72765102633275 99.4122727651026 17941.71635779224016 734.27547764997450486 -7258.0319744974112837 11.170524736923065134
271000 2860.6220372213215342 1001310.3571219689911 100.131035712197 17927.422284108775784 756.90776635095380698 -7238.9229122751685281 11.179431332703657631
272000 2725.1047237653838238 1010711.3867392692482 101.071138673927 17896.34074868555399 721.05049275969963674 -7212.9944233003598129 11.198847251066991859
273000 2783.7284298722684071 1002594.2748421160504 100.259427484212 17900.853294182081299 736.56206257466146781 -7256.072603841171258 11.196024184093669618
274000 2838.1261213265465813 985964.9196837337222 98.5964919683734 17970.718085865679313 750.95544785854906422 -7278.4196372016831447 11.152497381571434332
275000 2793.6093874992079691 981802.0717786726309 98.1802071778673 17975.654602487229567 739.17651966458868174 -7289.1270227444510965 11.149434656462759108
276000 2870.0963914368089718 994312.76875739451498 99.4312768757395 17947.07477964411737 759.41463800108908799 -7259.877036328689428 11.167189575924284739
277000 2856.98597205021224 1005473.2507692094659 100.547325076921 17901.495401385385776 755.94567980783119765 -7247.6527668853532305 11.195622594862390642
278000 2824.3961732838452008 1011713.0116628160467 101.171301166282 17881.055069222322345 747.3225651603473807 -7229.4580219858517012 11.208420622927590671
279000 2772.4040089935483593 1015119.3465141996276 101.51193465142 17873.449963469189242 733.56567157962592773 -7217.9779135640110326 11.213189776299612888
280000 2754.399120828003106 997700.13883643026929 99.770013883643 17947.768934206778795 728.80165889026727655 -7231.1413721127391909 11.166757669561736321
281000 2752.4789765202822309 996839.37717890983913 99.683937717891 17920.57588342274903 728.29359731480644768 -7263.6311826375767851 11.183702337544321637
282000 2782.0245194878366419 994993.63788614619989 99.4993637886146 17954.643196945151431 736.11121552588633676 -7241.3219669829477425 11.162482272645501524
283000 2845.6486808456206745 988979.04240542661864 98.8979042405427 17960.141031343340728 752.94588338227015356 -7270.0708133446059946 11.159065290623999545
284000 2760.9325108145567356 995181.68117873114534 99.5181681178731 17929.666458602634521 730.53036459031329741 -7263.9383378949423786 11.178032054322732947
285000 2828.7590044677376682 1016327.77059664845 101.632777059665 17879.154681546344364 748.47695073222610063 -7212.8387129166403611 11.2096119736820512
286000 2846.907574576596744 1018308.1903616210911 101.830819036162 17859.491322122401471 753.27898101963285171 -7218.0730269740151925 11.221953793796961563
287000 2826.5584287843621496 1010205.903084458434 101.020590308446 17879.485603944125614 747.89468827199277712 -7240.2856901404466043 11.209404500617406342
288000 2838.7231977262908913 1006630.5070429494372 100.663050704295 17904.327273967668589 751.11343159711748285 -7234.754494231152421 11.193851817542313398
289000 2748.7555891616061672 1007927.5586520211073 100.792755865202 17897.76798586917721 727.30840571233511582 -7228.7906977515231119 11.197954211710181127
290000 2841.9380050490167378 996281.75164601556025 99.6281751646016 17940.186594281800353 751.96405520213477303 -7250.0642567048262208 11.171477249933182918
291000 2861.3780107577417766 992650.657799756038 99.2650657799756 17939.258931018641306 757.10779355952138303 -7274.8913643490777758 11.172054942081997453
292000 2776.9671083598855148 985433.35498224548064 98.5433354982246 17971.101171587561112 734.77304721474013149 -7271.6852696205796747 11.15225964641712153
293000 2839.6340310016562398 983730.09528453426901 98.3730095284534 17985.947908213187475 751.35443399834502998 -7272.9976995332572187 11.143053867405866342
294000 2799.1958914361498501 998764.60007011156995 99.8764600070112 17925.895153675293841 740.65468356097278502 -7250.3979068259131964 11.18038372306803474
295000 2830.7677841158852061 1002533.0010533161694 100.253300105332 17897.915226128279755 749.00846482139513682 -7262.10498576266491 11.197862089825665777
296000 2874.5933750770795996 1000053.4554190667113 100.005345541907 17946.866876283147576 760.60451971149518613 -7230.2328428418149997 11.167318940913807168
297000 2749.2082241534430977 1001342.8529727652203 100.134285297277 17910.861488125930919 727.42817090192875185 -7249.2373522045327263 11.189768092977743663
298000 2706.4113882264377935 991499.64372304698918 99.1499643723047 17944.804854756283021 716.10431998177602964 -7261.5335427267491468 11.168602167576894502
299000 2804.9232269632193493 977286.24777392530814 97.7286247773925 17999.095249787435023 742.17011086473064552 -7288.3618471500321903 11.134914484101210874
300000 2828.0024525620333407 995474.42612150532659 99.5474426121505 17937.479117925020546 748.27677048973885121 -7259.1301064584731648 11.17316346851081299
