step temp press pressGiga vol ke pe density
250000 2969.618818927562188 1011025.1106281335233 101.102511062813 18224.401148392425966 785.74782613768832107 -6896.2575679695219151 10.997254986085197359
251000 3047.1687667384794622 1005619.6014082151232 100.561960140822 18233.910689830830961 806.26719465769429007 -6921.3886986871902991 10.991519581663302674
252000 2869.3170610316942657 1006692.7113555355463 100.669271135554 18219.099057830597303 759.20843066977818125 -6921.004471999947782 11.000455388129374512
253000 3076.9454221011005757 995370.63014627143275 99.5370630146271 18260.131564306200744 814.14596417238919912 -6948.1513414798500889 10.975736165523644061
254000 2825.4100450453174744 995707.45763196214102 99.5707457631962 18271.659155540775828 747.59083108305833321 -6920.9001396372541421 10.968811572691780754
255000 3053.9633699759438059 981812.43900602997746 98.181243900603 18317.520605417041224 808.06501621286406589 -6967.4090433586698055 10.941349034885522684
256000 3009.9466525627085502 984863.52720352564938 98.4863527203526 18289.284903726933408 796.41839012040918533 -6971.9798773532829728 10.958240710479323354
257000 3027.5683711299529932 991846.880374541739 99.1846880374542 18284.717793091105705 801.08101785187773203 -6945.1396044253506261 10.960977832171062474
258000 3007.4645432876454834 993277.34764978091698 99.3277347649781 18277.325151532855671 795.76163513398262239 -6941.4211138624314117 10.965411225983853427
259000 2955.3426060695173874 990403.46967801684514 99.0403469678017 18266.945559425796091 781.97040421835299639 -6957.0452048459501384 10.971641960916610259
260000 3042.4043262016366498 992147.35742723604199 99.2147357427236 18262.92851729522954 805.00654505151408102 -6961.194064939601958 10.974055240252219789
261000 3029.2934823227305969 991872.55508417356759 99.1872555084174 18278.90640178976173 801.53747453949404189 -6946.6599139430409195 10.964462643014115883
262000 2930.7107669778920354 985543.54255033121444 98.5543542550331 18298.788299901214486 775.45293002380049074 -6959.0791536641627317 10.952549595792490322
263000 3058.5596673943309725 993310.32691348704975 99.3310326913487 18278.675933791648276 809.2811759037176671 -6946.1328187623767008 10.964600889228714564
264000 2944.8034828275167456 996269.48069883265998 99.6269480698833 18267.624646049294824 779.18179945735892034 -6929.9819464299744141 10.971234097527808871
265000 2974.6579826867960037 998434.24956341553479 99.8434249563416 18263.360116227377148 787.0811662768782071 -6923.3346156102397799 10.973795901855950774
266000 3054.8162505575919567 1008625.5916400755523 100.862559164008 18226.444820959051867 808.29068459114671441 -6914.1289169194133137 10.996021899295973512
267000 2888.5799433803081229 1014684.2048271782696 101.468420482718 18191.346756448601809 764.30530298015617063 -6901.777871357047843 11.017237430567345058
268000 3084.395983246105061 1005482.1760135990335 100.54821760136 18240.654195029572293 816.11734924911343114 -6918.5417884438284091 10.987456055835309598
269000 2922.9423968209243867 1002940.216375187505 100.294021637519 18256.111498935537384 773.39745410730745334 -6906.8566372180894177 10.978153064482611967
270000 3093.1875792791388449 1001699.1303601266118 100.169913036013 18227.440426973436843 818.44356614510263626 -6948.7612274685989178 10.995421282573010657
271000 3060.6498338338155918 1023253.4713436908787 102.325347134369 18169.545307650263567 809.83422457300241604 -6891.8292273722881873 11.030456899391396064
272000 3073.5330579568494613 1018369.893202960724 101.836989320296 18183.659586040517752 813.24306791808010075 -6906.8493223047898937 11.021894984848669807
273000 3069.9142943860533705 1009012.0324822973926 100.90120324823 18226.14897275738258 812.28555930083393832 -6913.7632889044380136 10.996200387538841881
274000 2906.3849791392572115 1017713.8222668590024 101.771382226686 18192.163568485186261 769.01643561870491794 -6885.4715034768469195 11.016742766361556249
275000 3011.438882312480473 1010804.6542034315644 101.080465420343 18203.809641860698321 796.81322742225688671 -6919.7052131774144073 11.009694692516553971
276000 3041.9072639992041331 1023577.0870366051095 102.357708703661 18166.854009284426866 804.87502462117220148 -6891.3763203124544816 11.032090988079101379
277000 3072.0992230551364628 1029958.1639522161568 102.995816395222 18155.606849150615744 812.8636816312339306 -6871.1683534373496514 11.038925223639754591
278000 3038.7787698553061091 1011336.9640384172089 101.133696403842 18215.828201299264038 804.04723909631479728 -6905.8550761977703587 11.002430643437905999
279000 2965.3252585549871583 1009506.9005380730378 100.950690053807 18249.319602876144927 784.61176931193040218 -6878.0422493966907496 10.982238831851510952
280000 2946.827073532414488 1014830.5420288644964 101.483054202886 18220.322119569438655 779.7172324857433523 -6878.4355163201462346 10.999716968906774639
281000 2967.2226917846160177 1012881.6900616579223 101.288169006166 18225.26403695472618 785.11382163794610278 -6886.6567194459621533 10.996734312940219525
282000 3075.4017296513752626 1024291.9886439756956 102.429198864398 18174.351320066736662 813.73751007085070341 -6882.4636690083625581 11.027540013287223886
283000 3030.5211757978950118 1010355.3432933001313 101.03553432933 18217.510691183608287 801.86231672904557399 -6911.3643707442606683 11.001414506899022783
284000 2981.9903206480666995 1007315.1259840803687 100.731512598408 18221.038336285175319 789.02127002920292398 -6919.7397514851300002 10.999284601606069245
285000 2939.3651985364508619 998681.96936687338166 99.8681969366873 18241.958945725167723 777.74285381477739065 -6936.3302764676936931 10.98667018130427131
286000 2960.3356485524727759 990620.35224034800194 99.0620352240348 18285.679766590375948 783.29154087460983646 -6952.1809791356135975 10.960401196774663291
287000 2982.2274546463604565 992392.99948317767121 99.2392999483178 18265.832834427921625 789.08401462203585197 -6948.8029611849669891 10.972310335602193376
288000 2989.3662704418907197 999517.66675743437372 99.9517666757434 18250.628022596978553 790.97291327690129492 -6931.4547051599029146 10.981451495774708249
289000 2918.0611663992408467 999441.37659098824952 99.9441376590988 18251.835979444913391 772.10590242118894366 -6920.0582443831490309 10.980724713025317385
290000 3068.7240736912785906 992615.18601702351589 99.2615186017023 18295.525338554740301 811.97063224097610146 -6936.0846788215803826 10.954502955716028723
291000 2993.1910792864673567 987026.24641726457048 98.7026246417265 18304.206018833119742 791.98494054985064849 -6946.6774362374399061 10.949307836208015843
292000 2979.6679985588962154 988985.13017092575319 98.8985130170926 18294.5861519313803 788.40679401580791819 -6949.3194176660481389 10.955065325509810492
293000 3023.7962302506430206 991936.15991999325342 99.1936159919993 18262.667169394338998 800.08292628641777355 -6962.0654474293769454 10.974212284471155598
294000 3061.8208647464739443 999461.2752337170532 99.9461275233717 18272.528690056198684 810.14407410254364095 -6916.1338753496766003 10.968289600039971887
295000 2913.2729679668018434 1015111.3003929733532 101.511130039297 18197.74818342448998 770.83896658234505139 -6896.3600734249394009 11.013361893870335706
296000 3035.8625793363726189 1012241.3276178493397 101.224132761785 18214.395663563307608 803.27562815882663472 -6902.1515721838950412 11.003295969819031797
297000 3106.2951672741546645 1025476.3281975868158 102.547632819759 18156.042187832179479 821.91177516484196985 -6892.8258592702595706 11.038660536484755426
298000 2977.135017579169471 1021654.2207022836665 102.165422070228 18170.85222380137202 787.73657860439459455 -6888.8997752203958953 11.029663547373649735
299000 2995.039082080899334 1014682.2072236796375 101.468220722368 18196.329447207412159 792.47391380431884045 -6908.3371233451280204 11.014220586577343042
300000 3018.6225822977598909 1013570.2254250446567 101.357022542504 18215.743630827684683 798.7140022325057771 -6898.9960811524742894 11.002481724566784749
