step temp press pressGiga vol ke pe density
0 972.40053817453474494 698.15634086532986657 0.069815634086533 10246.300880798118669 108.47274362745338294 -3773.6494921278076617 5.9993746077386793658
1000 1018.4931985068807307 7957.7941608452410946 0.795779416084524 10213.147555795429071 113.61444926320288573 -3770.4180252957153243 6.0188494283164333254
2000 976.71860259466961907 6852.540819393959282 0.685254081939396 10204.91958115282614 108.95443021278933315 -3774.4557840507741275 6.0237022779719362475
3000 983.47708683841187849 2023.8580765351712216 0.202385807653517 10245.516076504005468 109.70834930260996032 -3769.5854995010390667 5.9998341585235293039
4000 997.05425262546236809 2162.1730411233720588 0.216217304112337 10247.466371795660962 111.22290258162284715 -3770.5264414473399484 5.9986922715550301533
5000 1008.328255335195081 -2686.7005944141210421 -0.268670059441412 10275.006945798340894 112.48053455278962076 -3772.5334473751058795 5.9826137005822266346
6000 989.12919708819720199 -6957.5192734327547441 -0.695751927343276 10311.478394295734688 110.33885070816246809 -3770.7862328103637992 5.9614533413090802227
7000 1014.6429618041737513 -9341.4767737967977155 -0.93414767737968 10325.122011633282455 113.18494956388990147 -3771.8115350791968012 5.9535758762221959728
8000 1017.062175647028198 -1643.5490670438809957 -0.164354906704388 10278.935132145843454 113.45481650930375395 -3769.3532071075342174 5.9803273916252308595
9000 993.24340554695004357 -82.161817491975156713 -0.00821618174919752 10259.67165699846737 110.79779685417548762 -3771.3792998907138099 5.9915560051650373907
10000 988.84512515205483396 188.71904313511907958 0.0188719043135119 10274.087508455053467 110.30716205611916791 -3765.6464941709955383 5.9831490900698334201
11000 1061.836546450554124 3057.2713951225218807 0.305727139512252 10254.001837355690441 118.44946496390966217 -3770.0844586596203953 5.994868959703929967
12000 996.11697944481147715 7918.97701635874364 0.791897701635874 10219.014476103691777 111.11834834759859802 -3768.4275727279318744 6.0153938984288952696
13000 1073.1391034407670304 5039.6381286569912845 0.503963812865699 10232.240434348335839 119.7102822080420168 -3771.5050380867692184 6.0076185388645679808
14000 1046.429520900344869 4372.3964321930379811 0.437239643219304 10254.141342633691238 116.73078807413041602 -3766.1248766689109289 5.994787400865130067
15000 1067.0111862048418061 -696.71866097157646891 -0.0696718660971576 10293.032934762797595 119.02670381703187275 -3764.1516928610399191 5.9721364652300419351
16000 1025.1956092024527152 -401.28390406820858516 -0.0401283904068209 10293.500249588996667 114.36211326432686519 -3763.0941956769261196 5.9718653360857638646
17000 1044.661716890221669 -2614.9684579088402643 -0.261496845790884 10293.988842957443921 116.53358687601749466 -3768.7984249990822718 5.9715818877699575751
18000 1013.3900918798949533 396.7072666030018695 0.0396707266603002 10274.391529920827452 113.04519003809822664 -3767.3609646282170615 5.9829720473952363591
19000 1047.8139336029205424 2337.5649977937328003 0.233756499779373 10272.163033146462112 116.8852213948307508 -3763.8838228311728926 5.9842700246436235645
20000 1090.9664165739563941 204.49674950952598351 0.0204496749509526 10282.524971694590931 121.69894582056225829 -3766.7149446615494526 5.9782395371494061465
21000 1066.9334563617414915 3782.2299695610231538 0.378222996956102 10245.583735341646388 119.01803293604011458 -3770.0249077828707414 5.9997945373739973718
22000 1110.6030555614211153 6476.0973756290286474 0.647609737562903 10238.399537513745599 123.88944245540656652 -3767.7150570933436029 6.0040045421433303474
23000 1080.8007152462866998 5776.7181938866860946 0.577671819388669 10249.386503003963298 120.56494653670783634 -3763.0221937715682543 5.9975684700244471514
24000 1041.4092738998472214 4889.5612438128791837 0.488956124381288 10240.046403036942138 116.17077196507543135 -3766.7889166900313285 6.003038942214150353
25000 1032.6690479323060572 3995.45148806145653 0.399545148806146 10247.612278778200562 115.19578660317620233 -3768.1166946095208914 5.9986068613087493162
26000 1095.3445293782631325 -4733.5598141002592456 -0.473355981410026 10303.737621618045523 122.18733089353348475 -3769.6619392622983469 5.9659319350813930782
27000 1100.5123433027304145 -5237.7456279676307531 -0.523774562796763 10328.34058389744132 122.76380831506543245 -3764.6468614720697587 5.9517205913357109637
28000 1106.5872874728522675 -4610.8768742642396319 -0.461087687426424 10334.51683479640451 123.44147748085360661 -3761.4410325000962985 5.9481636452065167475
29000 1074.4822195026415557 187.37575069071053235 0.0187375750690711 10297.964475516540915 119.86010882631512686 -3760.3975033867309321 5.9692764986380790759
30000 1079.3927496012299798 2777.338847860536589 0.277733884786054 10262.624341884275054 120.40788584982337284 -3765.3843084916043153 5.9898321598531989451
31000 1118.4404539997478878 6995.9218870310915008 0.699592188703109 10254.477599045882016 124.76371604754461941 -3758.2086442509457811 5.9945908247174140016
32000 1111.0242913583872451 6423.7533457770159657 0.642375334577702 10256.879343302258349 123.9364319425748846 -3761.7932224851701903 5.9931871351934660197
33000 1075.2318239054877722 2990.3803051617619531 0.299038030516176 10269.326508291762366 119.94372832570844878 -3763.5116524481773013 5.9859229597848360171
34000 1118.6429611184398709 -2620.5838039184036461 -0.26205838039184 10319.581253420967187 124.78630602143526573 -3759.6922511479820059 5.956772452092740977
35000 1074.1726075803676395 -2107.4250017214417312 -0.210742500172144 10322.394869473842846 119.82557115037772633 -3756.4354879862066809 5.9551487910328351205
36000 1141.6677011842980392 -5989.0145354858241262 -0.598901453548582 10349.987910674950399 127.35475043112387539 -3760.130447228815683 5.9392723796430004768
37000 1093.0564335810172452 -2107.4766192894667256 -0.210747661928947 10321.182284700567834 121.93209036345763252 -3757.9252033813263552 5.9558484320766025277
38000 1138.791634338101403 -5541.824339358969155 -0.554182433935897 10338.863713564138379 127.03392084556176655 -3760.339848878349585 5.9456627953092082706
39000 1115.8988511656409628 481.49630365307041302 0.048149630365307 10305.146053142831079 124.48019642594461232 -3758.6408365322890859 5.9651165554090646026
40000 1102.9587031694647976 1924.7017420779911845 0.192470174207799 10310.503038757762624 123.03670344030150829 -3754.509069194091353 5.9620172843590895084
41000 1096.7478379993121962 -392.74959162725065198 -0.0392749591627251 10304.605776556949422 122.34387208238042888 -3758.4323987450634377 5.9654293100041302367
42000 1118.3202584924342773 -1336.3958961580069627 -0.133639589615801 10303.767486588050815 124.75030805779331899 -3761.341951901406901 5.9659146431172134228
43000 1103.8845077022292571 2515.7272118822302218 0.251572721188223 10275.02680913729273 123.13997832939217858 -3762.1811461992510885 5.9826021351930585013
44000 1099.9851030731101673 -156.06626517017940614 -0.0156066265170179 10315.179609116379652 122.70499387388355217 -3755.7080765576247359 5.9593142976573405534
45000 1159.3926443890889004 -7446.2233938095623671 -0.744622339380956 10364.451543124529053 129.33199452405068541 -3759.452137019048223 5.9309841019314726296
46000 1169.9072639049659301 -10512.155675729385621 -1.05121556757294 10383.660180184113415 130.50491615696861913 -3759.7359808918299677 5.9200124292223073041
47000 1148.318442874656057 -3343.3568361471702701 -0.334335683614717 10351.117474019960355 128.09665067694740515 -3752.805826406349297 5.9386242578925791946
48000 1137.8170790324438713 -3146.1183404477992553 -0.31461183404478 10328.108182881638641 126.92520773437837533 -3757.0356387048227589 5.9518545157569802129
49000 1155.5956100330392928 3747.6228517389104127 0.374762285173891 10294.335498498177913 128.90842962658405213 -3755.3424559752074856 5.9713807983505731158
50000 1131.7896548673634243 6045.0803450639104994 0.604508034506391 10264.977844082766751 126.2528394966765859 -3758.7236006865350646 5.988458841432941604
51000 1163.1899373831918183 6904.4005230808470515 0.690440052308085 10264.968937146159078 129.7555882729814698 -3758.409503384393247 5.9884640376321316424
52000 1168.6203840675379979 4406.6492003303628735 0.440664920033036 10288.706989898280881 130.36136277417566021 -3755.6077171082920358 5.9746474836794272179
53000 1151.8146646576849434 -1992.6081193544064263 -0.199260811935441 10331.755042792039603 128.48665947913005425 -3755.4086675716680475 5.9497536549123166694
54000 1105.6285141191237926 -2925.5887552471622257 -0.292558875524716 10333.59316192749975 123.33452487016185728 -3754.9896047580641607 5.9486953244871676461
55000 1140.8983692162757961 -4788.3926831613716786 -0.478839268316137 10367.384908573127177 127.26893029214252806 -3748.4312043612662819 5.9293059792424598342
56000 1165.9779606890069772 -5233.6765035780472317 -0.523367650357805 10353.629448865869563 130.066596469096595 -3757.304521033769106 5.9371834419131390703
57000 1164.6527917901466935 -1233.0481990067337392 -0.123304819900673 10315.93174620478203 129.91877188387064734 -3760.7729208404998644 5.9588798026049314416
58000 1132.4151835491181828 4447.8359622857569775 0.444783596228576 10300.175386711669489 126.32261816263144283 -3749.5244928701358731 5.9679952058695420192
59000 1148.6515719483788871 1902.6354326972377748 0.190263543269724 10313.475744264518653 128.13381172652543682 -3751.4689839914071854 5.9602988218298644796
60000 1139.3293764947472937 6157.3868262155829143 0.615738682621558 10308.557963918088717 127.09390679251015399 -3743.3075569010907202 5.9631422302394039292
61000 1185.8458607438271883 289.72259801292125303 0.0289722598012921 10322.481887770180037 132.28289062408353516 -3752.8284808273629096 5.9550985892588954584
62000 1176.1819070548983746 -2247.1834952877129581 -0.224718349528771 10357.404040820631053 131.20486204452859624 -3748.3906581701576215 5.9350197293877355875
63000 1174.7369790658995043 -16716.175442768195353 -1.67161754427682 10434.712950663137235 131.04367815254408924 -3757.0690510679351064 5.89104823660761312
64000 1158.927479190651411 -7730.5267921309905432 -0.773052679213099 10370.537488295798539 129.28010464602854768 -3755.9047687373704321 5.9275035066299501807
65000 1194.4888629465419854 -5567.3389903864344888 -0.556733899038643 10368.061385582550429 133.24703052868150621 -3752.5572726887776298 5.9289191143284112329
66000 1185.9730905019041529 -2302.0692638288592207 -0.230206926382886 10356.436201319578686 132.29708329509497844 -3750.1051196389075812 5.9355743744820479435
67000 1158.1340913301803539 3131.6030048663028538 0.31316030048663 10306.728720496495953 129.19160103603718426 -3753.3008815837661132 5.9642005717357715611
68000 1223.4615702782691642 9103.6057352420139068 0.910360573524201 10284.051376033930865 136.47897963937151644 -3746.3699681412076643 5.9773522204259244006
69000 1207.7919913266048297 10055.463038116253301 1.00554630381163 10263.442441510043864 134.73101452248164378 -3750.0629158257888776 5.9893547099647879151
70000 1223.1026289425910818 4059.8258168073994057 0.40598258168074 10311.097193028119364 136.43893919312145613 -3748.5598910177563994 5.9616737362416465373
71000 1208.4647163804420416 931.25547821050963648 0.093125547821051 10334.342741999820646 134.80605801477921091 -3748.9401487648588045 5.9482638482353289433
72000 1208.1311895506962628 2130.9471531607737234 0.213094715316077 10340.535251172748758 134.76885259491817237 -3743.0538687003199811 5.9447016846191838013
73000 1204.703904629314593 -1427.4378167173854308 -0.142743781671739 10353.994277766218147 134.38653380341156662 -3747.6711303953197785 5.9369742418645223836
74000 1216.1850757836664343 -2302.9143048493683636 -0.230291430484937 10365.899803573876852 135.66727572639203458 -3747.0086242899305944 5.9301554609197602019
75000 1233.5122219490199313 -7069.9331869576844838 -0.706993318695768 10402.597190195874646 137.60014496083135782 -3743.3218376378599714 5.909235569117833542
76000 1220.3701338200864939 -6240.1096456992636377 -0.624010964569926 10388.925480146281188 136.13412524943203152 -3748.7223109910728454 5.917012057212788001
77000 1204.8454774869662742 266.99804322647582921 0.0266998043226476 10338.552497635149848 134.40232646876887657 -3749.4851836974203252 5.9458417744236173874
78000 1222.344556554144674 4427.9557997661204354 0.442795579976612 10319.061316912857365 136.35437507718899042 -3745.7544658372080448 5.9570725901937962021
79000 1216.3787265494847816 8525.9911635381231463 0.852599116353812 10298.632917753737274 135.68887776078960883 -3745.0393231942307466 5.9688890572593003014
80000 1224.8401059022182835 4826.893681431780351 0.482689368143178 10322.064848120502575 136.63275736310527009 -3743.8496087899311533 5.9553391915284992209
81000 1251.3971540685934087 2927.5073403091755608 0.292750734030918 10324.955295580621168 139.59523605800708879 -3747.311382942641103 5.9536720080349629924
82000 1210.882207554524939 398.9043556001195725 0.039890435560012 10353.731465634631604 135.07573279389873733 -3744.3668583905991909 5.9371249420116969375
83000 1225.7385659862691227 1635.3998413229285234 0.163539984132293 10339.253053995302253 136.73298193778484233 -3746.2474776783210473 5.9454389022577283086
84000 1266.6126275068934319 1776.4554017272510009 0.177645540172725 10350.073757541509622 141.29254502139107785 -3741.2302933471601136 5.9392231173927614307
85000 1249.77130799838028 1832.6059702456157083 0.183260597024562 10329.35500089101879 139.41387048175698737 -3748.6496083499869201 5.951136089543646257
86000 1249.9852785028190283 8658.939832337317057 0.865893983233732 10314.873172851612253 139.43773921358163648 -3737.7289052383566741 5.9594913381292249355
87000 1295.5495740739058874 5852.9911186936169543 0.585299111869362 10317.014967119492212 144.52050496495238008 -3745.7467717559907214 5.9582541581475956249
88000 1261.354338380238687 6763.6139658255624454 0.676361396582556 10333.487133032876955 140.70597495487774609 -3734.9298516987951189 5.948756362313178947
89000 1273.0697292702379855 9968.9777717035576643 0.996897777170356 10295.465495210532026 142.01284444190201839 -3740.8751050591281455 5.970725399070813566
90000 1314.4278426122432393 6821.6801218618793428 0.682168012186188 10323.811322194413151 146.62640423474664431 -3741.3284466041459382 5.9543317297321953774
91000 1214.0115378295572555 2431.0400929676366104 0.243104009296764 10341.610834134993638 135.42481429614309718 -3742.2149454521381813 5.9440834037778182974
92000 1249.1294077012323669 -1889.2894837493872728 -0.188928948374939 10380.216109835675525 139.34226553746353261 -3739.1811495920055677 5.9219766406658971292
93000 1262.1621649673049887 1647.8507291413923213 0.164785072914139 10360.776685239676226 140.79608922655305037 -3740.7076648165129882 5.9330877592492647921
94000 1244.3555876051837004 -3449.3907460040559272 -0.344939074600406 10417.602729686081148 138.80973872050560658 -3733.4487632970531195 5.9007238922963853867
95000 1236.7037568640412246 -6730.6214525504365156 -0.673062145255044 10418.792383873795188 137.95616548429291015 -3738.6557123478678477 5.9000501269855529785
96000 1224.9630140799415585 -5453.483414173932033 -0.545348341417393 10378.409337137978582 136.64646795532368628 -3747.7071891283112564 5.9230075949637264188
97000 1274.5693464316782411 -1890.4794410390159101 -0.189047944103902 10387.851544298069712 142.1801289933869441 -3739.5808242119001079 5.9176237805643818746
98000 1279.7896383982479165 707.92336962019135171 0.0707923369620191 10369.688360505300807 142.76246041950196286 -3737.7848324668557325 5.9279888836037573085
99000 1267.9496708640460838 1299.2226341507964662 0.12992226341508 10348.403112954800235 141.44169422031220051 -3742.0254748151974127 5.9401819446477510667
100000 1305.2791327732811624 1155.718898320740891 0.115571889832074 10374.1101646357547 145.60585188216703045 -3736.7283472797880677 5.9254621699565319659
101000 1308.3997758529130806 4291.9510028170434452 0.429195100281704 10344.547048912336322 145.95396431468910237 -3738.1642967105126445 5.9423962244895029983
102000 1308.7739405126490055 10676.41592087337267 1.06764159208734 10302.280245882322561 145.99570294565094741 -3740.6542012751851871 5.9667758845989418148
103000 1291.361840127835876 2933.1991708795299019 0.293319917087953 10365.808471097638176 144.05335694016332582 -3736.495056305028811 5.9302077111406896748
104000 1299.7087407077488024 -811.43552185032103807 -0.0811435521850321 10390.655405364355829 144.98446626306483154 -3734.5422954428086086 5.9160269424174174446
105000 1264.8481905658948108 -1264.2618545326045023 -0.12642618545326 10391.335178519320834 141.09571942490688912 -3735.9901714022616943 5.9156399318715715552
106000 1328.4932236129807279 -4790.5628696610820043 -0.479056286966108 10407.992810906527666 148.19541865567614991 -3739.355694522981139 5.9061721548361232337
107000 1283.2243959491913756 -8838.057899763358364 -0.883805789976336 10455.971248824189388 143.14561279408349037 -3731.346688175320196 5.8790709982512012743
108000 1245.0612198087094384 -3707.114731613316053 -0.370711473161332 10404.345954196991443 138.88845305488061399 -3734.0666529908521625 5.9082423439326179349
109000 1283.378395174953539 -2572.890837991213175 -0.257289083799121 10382.575174284593231 143.16279163950690645 -3740.9439424082711412 5.9206310857986501617
110000 1312.084598838175225 -428.98386815191508958 -0.0428983868151915 10384.544153067818115 146.3650118648511409 -3736.5428001752834462 5.919508494684451172
111000 1351.9195040044576217 -2953.958251836565978 -0.295395825183657 10416.57813979434286 150.80865549305991635 -3733.8986369492113226 5.9013042961461756875
112000 1339.4093302455194134 -8258.8170283606632438 -0.825881702836066 10452.426240238957689 149.41312678074999098 -3731.6388664879477801 5.8810649235545691127
113000 1240.9823131050804932 -6686.6429404075752245 -0.668664294040758 10451.07469873329137 138.43344487278557153 -3727.7896607544216749 5.8818254676680528092
114000 1320.836681187929571 -8378.5009804595702008 -0.837850098045957 10461.067001836354393 147.34131982403170014 -3729.6847088003405588 5.8762072087598617998
115000 1287.3357821973584123 -2118.7365946496129254 -0.211873659464961 10398.839934697429271 143.60424411825786706 -3734.6396867894814022 5.9113706637988849835
116000 1378.1770634453894218 -2456.3736234911284555 -0.245637362349113 10419.239550048505407 153.73772576986758054 -3732.5300286423416765 5.899796912455528286
117000 1322.4830543872233193 5676.0142278954745052 0.567601422789548 10373.011086924137999 147.52497523242683997 -3727.6198884171994905 5.9260900053408249732
118000 1345.0528645072515701 7273.8886892315631485 0.727388868923156 10363.275802218719036 150.04267152192713297 -3724.5680772024497855 5.9316569876824098984
119000 1356.2310877619470375 9870.0235685655225097 0.987002356856552 10336.85613586483305 151.28961915072346756 -3729.4427910589474777 5.9468175351912924143
120000 1397.4336861298484109 3444.8346754188974046 0.34448346754189 10378.488976034457664 155.88583101413578902 -3732.8589304719212123 5.9229621450153002726
121000 1355.803885424895725 2319.1910566854471654 0.231919105668545 10374.942669457732336 151.24196408702823646 -3735.6652682863591508 5.9249866997793851908
122000 1337.234848046787647 -224.24656974379749386 -0.0224246569743797 10402.822054876583934 149.17056001859216963 -3728.4084054421136898 5.9091078366273155353
123000 1353.6724470721349007 5099.7628650512087916 0.509976286505121 10368.452397415036103 151.00419893067527255 -3728.3061599735779055 5.9286955247859518536
124000 1312.7786413524711406 4938.565897171771212 0.493856589717177 10375.771124300745214 146.44243335194852307 -3728.0446177310914209 5.9245136184182589645
125000 1362.5594104703307039 -1165.3988768610397528 -0.116539887686104 10407.336259652902299 151.99555307382368596 -3730.1185701150925524 5.9065447482294421988
126000 1409.4328973169394885 -4360.3202728150699841 -0.436032027281507 10464.177677259047414 157.22436108248851383 -3722.6721368455332595 5.8744603946377482728
127000 1317.5466581769319419 -1114.144540956317087 -0.111414454095632 10422.073070452768661 146.97431280522613406 -3724.907416450697383 5.8981928942511414604
128000 1376.2897550128395778 -513.04859121393258192 -0.0513048591213933 10420.172276629738917 153.52719367356266389 -3725.7351543385898367 5.8992688120308862665
129000 1319.2624921231922599 259.35214117220033359 0.02593521411722 10416.394101252786641 147.16571666449320333 -3722.6889083942205616 5.9014085613482585302
130000 1344.3338979674595066 3811.6053903483848444 0.381160539034838 10379.492467413501799 149.96246972227163496 -3730.580903641383884 5.9223895118668492543
131000 1376.9135676589226023 4098.0826420608273111 0.409808264206083 10376.673130133080122 153.59678091315549864 -3730.4667696426681687 5.9239986223525127329
132000 1379.2420510577919686 3713.6346985026607399 0.371363469850266 10398.557286117065814 153.85652674098122361 -3724.6245155968103973 5.9115313438317160788
133000 1379.606321203247262 -2375.2626276716300708 -0.237526262767163 10431.280367959026989 153.89716162398249821 -3727.3010040680610473 5.8929867819800652029
134000 1353.0350539417056552 -702.30097892390915604 -0.0702300978923909 10409.280588492687457 150.93309676761319338 -3731.0733428991793517 5.9054414764711458119
135000 1409.0892291682732775 -2623.7795177460725426 -0.262377951774607 10452.657460936537973 157.18602438323782167 -3722.199344240048049 5.8809348299454349274
136000 1403.1266646414458137 -651.54699814880245867 -0.0651546998148802 10451.432708053591341 156.52089133580568614 -3717.8595827580074911 5.8816239882731577993
137000 1344.0725928037916219 -142.41824325390098238 -0.0142418243253901 10429.453734656957749 149.93332073796494797 -3722.4755909350292313 5.8940188902935473081
138000 1398.0334654290468279 2863.4085170511721117 0.286340851705117 10395.322013768343822 155.95273729771017202 -3729.3748512268884951 5.913371153495136312
139000 1444.9229262138815102 -128.81440649424641265 -0.0128814406494246 10443.923481425516002 161.18332722322705308 -3717.7667269494809261 5.8858529016262304268
140000 1434.9878553887958788 4266.1344912782933534 0.426613449127829 10390.522362044595866 160.07505511906592233 -3726.1119853564268851 5.9161026929751638903
141000 1425.3029360220471062 1284.4077627890385429 0.128440776278904 10407.407382886754931 158.99468778659397117 -3725.4522160745409565 5.9065043834634698428
142000 1398.8530253743101639 -415.62733384836002415 -0.041562733384836 10436.503179524928782 156.04416044315266276 -3717.8097171982717555 5.8900377137918802362
143000 1364.9945500429805634 2041.4842877817482076 0.204148428778175 10412.23445286965034 152.26719655836657807 -3723.5440692161196239 5.9037661518050965626
144000 1434.4956619604743082 -2005.0819516981703146 -0.200508195169817 10445.013013243920796 160.02015020131906908 -3724.3544238202216548 5.8852389412600114582
145000 1345.3364777608567238 -4782.1695489530375198 -0.478216954895304 10479.576351161098501 150.07430900724301637 -3716.7767231478428585 5.8658284712721133758
146000 1346.1457342201902065 -6534.6789819344930947 -0.653467898193449 10464.23426920797101 150.16458278332191867 -3724.4458259562297826 5.8744286247868391371
147000 1408.3617048514354337 -4994.4429433974801213 -0.499444294339748 10437.924195938770936 157.10486795067225785 -3730.2340039101304683 5.889235845516892276
148000 1448.7101750725614693 -5596.9507772550523441 -0.559695077725505 10466.478273821478069 161.60580053373359988 -3723.2226705378361657 5.873169151964093615
149000 1402.3076344097673882 -3434.5994733181628362 -0.343459947331816 10474.37042566794662 156.42952728071088586 -3713.3314495912395614 5.8687438795244526446
150000 1407.6684337926435546 226.7654744891389953 0.0226765474489139 10429.263075368853606 157.02753252059750366 -3720.5025483055842415 5.8941266399435061629
151000 1389.3380592334517587 7450.9622685282583916 0.745096226852826 10413.754419463844897 154.98275164883133925 -3708.5650488894666523 5.90290445227107341
152000 1483.3802809160231391 -2022.9600743088190029 -0.202296007430882 10476.307916702022339 165.47330302376150257 -3711.8871925207104141 5.8676585125480071881
153000 1407.566392980580531 3119.1050364279931273 0.311910503642799 10439.206846366760146 157.01614971442666047 -3712.6946927931344362 5.8885122435240448979
154000 1416.1837490522293592 5133.3922212006500558 0.513339222120065 10403.343465164754889 157.97742875450333599 -3720.5201740055927075 5.9088116751451682518
155000 1372.99618800211897 4863.7347036046458015 0.486373470360465 10417.610331586245593 153.15979131625380205 -3712.7103375645128835 5.9007195864419230702
156000 1442.2126026810449275 1019.5192046091309521 0.101951920460913 10471.646590812275463 160.88098655373630663 -3707.1656880903951787 5.8702704292412928311
157000 1426.4368058159202519 4544.0177867631964546 0.45440177867632 10422.036426081902391 159.12117266872763821 -3717.3588558860574267 5.8982136325751142181
158000 1456.9498288350444 7391.5549109565890831 0.739155491095659 10408.46495790773406 162.52494631272983838 -3715.4862836842034994 5.9059042400684047536
159000 1460.4012474484659379 16895.449800427741138 1.68954498004277 10353.375852877865327 162.90995725390797588 -3709.1562953945549452 5.9373288675136688397
160000 1493.1059200575418799 4648.9051315290689672 0.464890513152907 10414.871569026558063 166.55821270839777526 -3716.7247528453526684 5.902271278152325884
161000 1409.8463963938311281 2556.018721399198057 0.25560187213992 10438.606238494814534 157.27048752688770605 -3713.8729296275150773 5.8888510518598229382
162000 1431.4166608637549416 -1204.5011384689664737 -0.120450113846897 10477.477455441490747 159.67668299466771487 -3709.8758184414864445 5.8670035405884313207
163000 1453.3441664793492691 -6542.9168218041095315 -0.654291682180411 10515.828188589423007 162.12272924994343271 -3710.3811855267895226 5.8456068533158846989
164000 1444.7814247304540913 -5193.0247821151151584 -0.519302478211512 10478.430365863709085 161.16754251977187096 -3720.2880746007394919 5.8664699941863647226
165000 1488.1550197073545405 -4413.0602382797669634 -0.441306023827977 10493.16022993875049 166.00593232256099441 -3714.4453130290130503 5.8582348863903233038
166000 1451.0083578773492263 -3329.9424563015522835 -0.332994245630155 10473.535456257612168 161.86216628468304179 -3716.6416797468355071 5.8692117465247557462
167000 1481.760061005425996 -2662.8631015968026077 -0.26628631015968 10471.73050302631782 165.29256505408469025 -3711.3341121813091377 5.8702233895100279781
168000 1467.5916917422537153 86.75781465622117139 0.00867578146562212 10449.165721120458329 163.71206213746935987 -3717.3227990894656614 5.8829000293546069855
169000 1522.245763071559395 -2662.1776708895008596 -0.26621776708895 10480.724520485529865 169.80880605600907529 -3713.9222073787736917 5.8651858664312053193
170000 1479.3168465386083881 -2344.8790558855966992 -0.23448790558856 10478.797464534925894 165.02002080294360553 -3712.3957800255057009 5.8662644769648615295
171000 1412.5849497108638388 1982.3132630762845565 0.198231326307628 10444.822957316437169 157.57597727129515874 -3712.6311659250295634 5.8853460301546745015
172000 1481.6348147725066156 -3735.6927090191766183 -0.373569270901918 10514.374614099115206 165.2785936482900695 -3706.0499158898469432 5.8464149874478907876
173000 1482.7198402440847076 -3776.925653167031669 -0.377692565316703 10494.887221014512761 165.39962987275438877 -3710.4036232078178728 5.8572708818083345506
174000 1483.4061758349632782 -8038.8326979004532404 -0.803883269790045 10521.094253025707076 165.47619164094462008 -3712.1677467380159214 5.842680984426354307
175000 1404.7917789649052338 -6858.6363104065403604 -0.685863631040654 10540.514797600484599 156.70663734480942253 -3702.7017451628403251 5.8319160409038532933
176000 1482.1558407036670815 -4268.5675222387271788 -0.426856752223873 10508.634876630500003 165.33671487512535236 -3706.2149654317699969 5.849608255417943603
177000 1457.8122232830035045 10.510039245985719703 0.00105100392459857 10484.254847959635299 162.62114771141975211 -3702.1034064507271069 5.8632109023440772688
178000 1498.0147678809030367 -1451.2552514462970521 -0.14512552514463 10473.57260361020235 167.10580207157238419 -3713.4603735733644498 5.8691909297808972923
179000 1459.5415328973190299 1609.4330904046046271 0.16094330904046 10489.919072275844883 162.81405480174106515 -3699.5054277517174341 5.8600449540145156391
180000 1542.1794072348807276 5081.1982883157652395 0.508119828831576 10459.247779433879259 172.03243406525305659 -3703.8142396245571035 5.877229283006614402
181000 1504.1548112548055087 10901.82335962365687 1.09018233596237 10413.948851567116435 167.79073315152541568 -3703.8172136359626165 5.9027942429600406271
182000 1531.5739465339663639 7472.6284588205562613 0.747262845882056 10437.5746784623243 170.84937896141599367 -3704.0163474573901112 5.8894330552053819616
183000 1536.8319807981183658 4368.8379034557765408 0.436883790345578 10465.867815143283224 171.43592059763352609 -3700.4373134851975919 5.8735117252834445623
184000 1483.1189560460989014 2206.7259692037241621 0.220672596920372 10476.881893829384353 165.4441518411922516 -3703.1423939043988867 5.8673370522307575214
185000 1495.8861286141002438 142.98176316579755962 0.0142981763165798 10486.951514697777384 166.86834915747110131 -3704.4014352905051055 5.8617032072053243397
186000 1527.0478474897365686 -339.59846109899410749 -0.0339598461098994 10505.336235965212836 170.3444858006420759 -3704.3020700664837932 5.8514450129699069336
187000 1499.1953503127606382 -1667.8713673591571478 -0.166787136735916 10534.561876682433649 167.23749781878206022 -3695.8687408580422016 5.8352115680836833533
188000 1552.6422687219851468 -12363.948620946894152 -1.23639486209469 10580.67393729503965 173.19958201215860072 -3704.8519409691371038 5.8097808978721747764
189000 1470.7010832132571068 -8715.6824499889571598 -0.871568244998896 10555.232349047117168 164.05891943611371175 -3702.6942232638184578 5.8237843843447070213
190000 1453.8733894971267091 -3384.6496983196952897 -0.33846496983197 10482.477445751088453 162.18176487412858933 -3714.4154550017228757 5.8642050646555112792
191000 1524.4345175455839581 -1642.3192808770127158 -0.164231928087701 10512.633284709729196 170.05296491195747421 -3703.7362416255655262 5.8473833969761672691
192000 1591.8919277964357661 -5597.9959972571332401 -0.559799599725713 10531.527441811937024 177.57794055794917654 -3707.1931930417099466 5.8368928597630480581
193000 1604.2666813677274149 -8879.6827423392387573 -0.887968274233924 10534.926290141092977 178.95836294450145942 -3710.2459782526530034 5.8350097223781736133
194000 1557.2020419210878117 -2398.4900479300767984 -0.239849004793008 10521.439583335559291 173.70823157559271976 -3699.1771218818039415 5.8424892183834344905
195000 1511.6557746679432057 -607.30704054157411065 -0.0607307040541574 10508.686920593438117 168.62747691022349272 -3700.5036415072590898 5.8495792854050820964
196000 1549.2642309614923306 -5648.993343239006208 -0.564899334323901 10534.808706801492008 172.82275681557274538 -3705.1541372826259249 5.835074849325311952
197000 1586.9993689805442045 -1597.3897546600603619 -0.159738975466006 10497.599102059204597 177.03216825807496093 -3708.9941007208735755 5.8557577527848723165
198000 1591.8375966057249116 1057.4801397208748313 0.105748013972087 10499.560514515516843 177.5718798318495999 -3697.6690195403843973 5.8546638445035128484
199000 1543.9484207460116068 7787.5258756841931245 0.778752587568419 10425.02014488520399 172.22977018502388091 -3706.6105795172552462 5.8965255196816306338
200000 1519.0220489524986078 7989.5598937686245335 0.798955989376862 10430.182768529448367 169.44919589390289616 -3702.638253245301712 5.8936069186616517612
201000 1539.1190189418853151 5076.0180570475740751 0.507601805704757 10477.613201929119896 171.6910431448718839 -3695.9732859033351815 5.866927528513143919
202000 1605.4723177570106145 254.09603798371318817 0.0254096037983713 10502.133545831649826 179.09285349837153944 -3702.2063576855939573 5.853229447068782676
203000 1571.6324315559973002 4093.2686130398187743 0.409326861303982 10488.802511142410367 175.31796325905136769 -3697.3984220343218112 5.8606687715026311025
204000 1574.0128861466298531 10771.467815998501464 1.07714678159985 10430.267993455679971 175.58350655154197284 -3701.3753228093919461 5.8935587624479097713
205000 1540.7940423423704033 3461.5139100637688898 0.346151391006377 10478.760361531123635 171.87789452633234077 -3697.8529260958480336 5.8662852481272595995
206000 1705.7633304300165946 -4612.2678603629992722 -0.4612267860363 10527.282848240696694 190.28046691355871189 -3711.7188893828051732 5.8392462911532492242
207000 1583.1073068139746738 -4890.419107647677265 -0.489041910764768 10580.426614147234432 176.5980028653151237 -3686.9520141314533248 5.8099167046172262019
208000 1570.3943387488013741 4398.052004198953 0.439805200419895 10491.846306858187745 175.17985214291186935 -3695.0349667438167671 5.858968529431163752
209000 1543.7500052818818403 2379.4322467170400159 0.237943224671704 10493.661704770229335 172.20763664135813542 -3699.6941259199033993 5.8579549309815188707
210000 1580.6757277311344296 2391.1771689901161153 0.239117716899012 10498.359787736169892 176.32675655876951737 -3698.0704252795139837 5.8553334587865348837
211000 1530.7786897734556533 7102.4551833706482284 0.710245518337065 10482.534993573381144 170.76066687281220879 -3689.6549376515185941 5.8641728708940634718
212000 1574.6774448525784464 1327.5978438712036223 0.13275978438712 10507.361011255072299 175.65763907544109657 -3696.2905489166769257 5.850317435716251957
213000 1636.5216805982954611 1234.8462044200152832 0.123484620442002 10521.283537111767146 182.55645665679958256 -3690.9681467250729838 5.8425758711551099012
214000 1605.6533338404824462 2287.233568623786141 0.228723356862379 10494.332564028161869 179.11304611493648054 -3698.2933474852079598 5.8575804561615125721
215000 1634.4180673863834272 3068.709574354448705 0.306870957435445 10498.175834835163187 182.32179543678896039 -3697.0890234964817864 5.8554360580945523651
216000 1559.8501698351578852 11501.736104483705276 1.15017361044837 10463.437753455022175 174.00363423019723541 -3686.3607070898642633 5.8748758081169709655
217000 1688.7832546364852533 -461.6216653599719848 -0.0461621665359972 10560.834699002929483 188.38631390148393052 -3685.0784575479210616 5.8206949620482504315
218000 1633.1166538841994225 -6592.7392509890451038 -0.659273925098904 10574.536267349238187 182.17662080181730744 -3695.0306241226462589 5.8131530095853536366
219000 1599.1116550703202392 -8420.5642586444555491 -0.842056425864446 10601.560585811332203 178.3833120020151739 -3686.0894700890908098 5.798334766843793453
220000 1634.2199989331422785 -6566.7097233350332317 -0.656670972333503 10590.056728011395535 182.29970060271011789 -3688.3801560926099228 5.8046334317468586406
221000 1561.9339084471732804 -4084.856956516016453 -0.408485695651602 10582.370262977825405 174.2360784086754677 -3685.0202631142992686 5.8088496055148386432
222000 1567.1226405632044134 -1505.3815142704504524 -0.150538151427045 10568.760824882625457 174.81488928596107257 -3682.983647663861575 5.8163296857645923055
223000 1700.9999404806501389 -3787.9206742824039793 -0.37879206742824 10558.601349487425978 189.74910359516195513 -3694.4482277300112401 5.8219261522261058772
224000 1667.9283710901297582 -6743.4410942436525147 -0.674344109424365 10610.41683902290788 186.05992025247280708 -3684.9246154030615799 5.7934950398396862781
225000 1599.9637021036910483 -3483.5634952820691979 -0.348356349528207 10585.315776345161794 178.47835913103352823 -3685.1889937722999093 5.8072332112075351063
226000 1593.6416709862189691 -5264.0571696702199915 -0.526405716967022 10576.173285378290529 177.77312704436920399 -3690.3887685335116657 5.8122532289155826035
227000 1593.394528068308091 -9929.9173317538225092 -0.992991733175382 10628.068452967132544 177.74555787989277178 -3685.2033988182602116 5.7838729209868029457
228000 1679.4929440776932097 -10586.118586540607794 -1.05861185865406 10628.401679556191084 187.34996577547909169 -3688.6083708451456005 5.7836915823149013249
229000 1642.7648043841033996 1149.5532549698455114 0.114955325496985 10547.965460104245722 183.25288651185061894 -3686.0971462319403145 5.8277966077927576549
230000 1732.3784195693419861 5373.5389824244712145 0.537353898242447 10503.06154529595733 193.24942016635264963 -3692.303953978217578 5.8527122841665253361
231000 1612.5667989663797925 8020.0878397739807042 0.802008783977398 10501.41846312144844 179.88425355542864281 -3684.0935481215537948 5.8536280163850262781
232000 1648.1276328405338063 6610.4269337539717526 0.661042693375397 10521.017456478506574 183.8511180979461983 -3680.6159453328050404 5.8427236321767122007
233000 1652.4432662506471843 6097.1589775512793494 0.609715897755128 10520.103052449838287 184.33253350045524144 -3684.1730790605652146 5.8432314798661337818
234000 1618.9185367398742983 1631.6591411757708556 0.163165914117577 10580.347910279937423 180.5927994642847807 -3672.1128558201298802 5.8099599227530767109
235000 1544.7923671250227926 9460.9073313169683388 0.946090733131697 10479.752586281771073 172.32391367385579883 -3684.2944479327225054 5.8657298272459339472
236000 1718.7821943345923046 4914.2660738168005992 0.49142660738168 10515.629107259950615 191.73274077726185283 -3686.8198679111560523 5.8457175220330910292
237000 1732.0639034042264939 3153.3866421827437989 0.315338664218274 10527.324250944931919 193.21433541474470985 -3690.8092588506488028 5.8392233260976098563
238000 1755.4631985738465119 12756.727467760465515 1.27567274677605 10489.187877323240173 195.82456201001397744 -3677.0990705859330774 5.8604534542094333105
239000 1737.8544600971101772 3376.1473310701503578 0.337614733107015 10548.781497709849646 193.86028072940544575 -3680.4977894653989097 5.8273457783589694969
240000 1627.953039723380698 4913.4710412078520676 0.491347104120785 10543.023462324590582 181.60061187024157903 -3675.6203845595500752 5.830528362872210657
241000 1690.6229902980603583 9781.0426331069065782 0.978104263310691 10501.577258831364816 188.5915391835831656 -3679.5506987699664023 5.8535395029176156001
242000 1614.3475651455560183 10879.113344652385422 1.08791133446524 10472.818831570444672 180.08290070300924413 -3687.9876483839061621 5.8696133597006756588
243000 1668.9977462414742604 2864.4621498318647355 0.286446214983186 10574.536750131883309 186.17921066015927067 -3671.6242803721524979 5.8131527441846602144
244000 1780.2852138798682518 3611.8558004165520288 0.361185580041655 10567.347014410295742 198.59349517788470507 -3675.8986859806809662 5.8171078553287269841
245000 1730.2301589497376426 6215.2498562013634 0.621524985620136 10507.535958653254056 193.00977846081354983 -3687.6495013975181791 5.8502200296433208848
246000 1648.9189997689059055 8518.588693138139206 0.851858869313814 10520.477053133283334 183.93939626992016656 -3677.0388804812414492 5.8430237542510345961
247000 1648.3407689284792923 3768.6615796271248655 0.376866157962713 10527.159082216739989 183.87489374935509545 -3686.1737813745021413 5.8393149421815762068
248000 1686.6052033629164271 -1747.6166329489603868 -0.174761663294896 10572.655667697739773 188.14334900365608405 -3682.1187559488262195 5.814187017867429752
249000 1711.0520891667133583 -1091.1078353180701015 -0.109110783531807 10592.731920292037103 190.87043591093313921 -3677.438661711662462 5.8031674727605073727
250000 1798.9998772560004454 2125.4062098036538373 0.212540620980365 10585.329394986762054 200.68114404558713204 -3676.4290004384965869 5.8072257398644300252
251000 1747.552235513147707 -3474.5907456901504702 -0.347459074569015 10606.044295014311501 194.94208217352564816 -3679.2647329230771902 5.7958835186467370093
252000 1699.8331196808464938 -3185.2239148748535627 -0.318522391487485 10597.348428082455939 189.61894297872100879 -3679.3742668079794385 5.8006394471860991402
253000 1702.3629636390164706 4048.4198553533210543 0.404841985535332 10584.883497039132635 189.90115088001158483 -3668.3662554573115813 5.8074703745871030236
254000 1680.2527649465891955 -234.24647921807454054 -0.0234246479218075 10569.286228408001989 187.43472493703742998 -3682.8702950237520781 5.8160405536457711051
255000 1669.3579633866088443 385.56986121631354081 0.0385569861216314 10607.041727595162229 186.21939342487442559 -3665.9372744279644394 5.7953385030613571161
256000 1694.1292769311237407 -1078.8038666222917072 -0.107880386662229 10599.235983993987247 188.98267073493607882 -3675.1820948493023025 5.7996064452512685605
257000 1725.4563018356500379 -7126.0392987924788031 -0.712603929879248 10682.34705627178846 192.4772475144376358 -3661.8295795589692716 5.7544841974985070365
258000 1615.3610046333121772 -13282.211098170888363 -1.32822110981709 10681.574489168981017 180.19595140323170313 -3672.6828553820569141 5.7549004025429146836
259000 1638.4342776299515663 -6642.6087555427093321 -0.664260875554271 10637.067346917438044 182.76980973439759737 -3673.316365361393764 5.7789797998528946721
260000 1616.1637018915666886 -552.89505173745044431 -0.055289505173745 10627.847549459607762 180.28549349055774087 -3658.9107085474920495 5.783993140797011101
261000 1751.783601428256361 -3201.2970763912298935 -0.320129707639123 10618.159898809824881 195.4140974101329391 -3674.0889991656003986 5.7892702608858757074
262000 1714.7501294876535667 -9964.3328641844891536 -0.996433286418449 10669.183613654604414 191.28295787478393208 -3676.3782440468385175 5.7615839743200734091
263000 1674.5322387348312532 -7799.9034437513873854 -0.779990344375139 10655.563886639509292 186.79659162795161365 -3668.8796508073282894 5.7689483148411015989
264000 1741.4624324105782307 -8390.8563497743671178 -0.839085634977437 10711.421416892568232 194.2627554714582061 -3658.0643491492414796 5.7388646132964700186
265000 1732.9041051632752897 -1703.3520050996769442 -0.170335200509968 10657.298127831450984 193.30806118558371054 -3659.0094930803898023 5.7680095452128359312
266000 1724.5831848616971911 -1195.1443738789191684 -0.119514437387892 10609.787472287998753 192.37985000183428497 -3672.5425527597735709 5.7938387067667056485
267000 1709.9307228946258874 -305.75682029574306853 -0.0305756820295743 10608.905239766385421 190.74534581547413836 -3668.5038223766432566 5.7943205201882204136
268000 1780.4336688017963297 -6217.4578023439116805 -0.621745780234391 10675.021275171606248 198.61005554787047345 -3662.5244048766039668 5.7584332380192391199
269000 1743.099755260351003 -6566.4640906859112874 -0.656646409068591 10654.681204380653071 194.44540129974228648 -3673.7759813824723096 5.7694262407623089217
270000 1715.1577600428779533 2372.1447786746621205 0.237214477867466 10640.145049814911545 191.3284296767582191 -3658.2028075865846404 5.7773082077090682773
271000 1719.1971156482616152 1608.5427444555575676 0.160854274445556 10657.961275017500157 191.77902587431424308 -3646.7786180804077958 5.7676506548772161764
272000 1773.9120545879111432 -5981.0333372503837381 -0.598103333725038 10648.447944436646139 197.88255966640176098 -3675.3298566370935987 5.7728034778652270731
273000 1787.0003077377730278 -4259.0665246858206956 -0.425906652468582 10647.571197321045474 199.34257400485677181 -3666.6168884683011129 5.7732788246559971768
274000 1743.6960976275554458 -5117.2928978759864549 -0.511729289787599 10665.204499966246658 194.51192418837973719 -3666.2445608126154184 5.7637335812646854905
275000 1797.9126374675972784 -6514.8655463519780824 -0.651486554635198 10659.101146052869808 200.55986081074806293 -3668.165502471045329 5.7670338694810050484
276000 1708.5969202961430256 -10426.989997155491437 -1.04269899971555 10694.455636604059691 190.59655812806039421 -3664.7543429604711491 5.7479687995629911157
277000 1830.0750286735944883 -8974.7232881738400465 -0.897472328817384 10672.189352499910456 204.14762395851778365 -3674.7087485698339151 5.759961269157139796
278000 1802.7253150931162509 -8528.0389855160810839 -0.852803898551608 10681.265009174841907 201.09672224360429027 -3667.0525476778529992 5.7550671455776880592
279000 1776.6248044680621661 -6538.8709396165204453 -0.653887093961652 10663.350388176022534 198.18517099858740949 -3663.2439370490019428 5.7647357621927914906
280000 1893.9918011241009026 -5691.3734039353757908 -0.569137340393538 10646.100781518220174 211.27763612874306887 -3676.1018130330735403 5.7740762171090755928
281000 1698.62217599263181 -287.57420268290405829 -0.0287574202682904 10626.961912675673375 189.48386038766696515 -3659.9378847394441436 5.7844751710447539494
282000 1806.8021553987609877 -9521.1945202050246735 -0.952119452020503 10697.67737025214592 201.55149991589394176 -3669.5531632864967833 5.746237729925277371
283000 1746.1238226022842355 -2744.7862669376531812 -0.274478626693765 10657.669854544716145 194.78274056336456965 -3657.4648151928222433 5.7678083639734483157
284000 1776.8925829526306188 -3337.827823771594467 -0.333782782377159 10657.320614764103084 198.21504209158379695 -3661.7317459380928995 5.767997374720189363
285000 1864.6465066301745992 -4969.1701415120542151 -0.496917014151205 10666.923916955955065 208.00412435931573896 -3667.1684488408609468 5.7628045166607817507
286000 1859.6766023025300001 7538.5748792148042412 0.75385748792148 10586.542017626257802 207.44972405119003156 -3659.8753104985698883 5.8065605582222001857
287000 1795.2553343109609614 -1195.1692164749506446 -0.119516921647495 10645.239091222467323 200.26343464402532391 -3658.2783611330537497 5.77454360590143434
288000 1829.6417932291274155 1884.7596204833018874 0.18847596204833 10600.155013480829439 204.0992958926096037 -3670.7309513176087421 5.7991036215351536853
289000 1870.5595829088915707 1436.199291307147405 0.143619929130715 10653.487466097911238 208.66373691818466796 -3655.9356866186908519 5.7700727131024667216
290000 1825.7216428732845088 -9068.2189393624412332 -0.906821893936244 10732.088108700992962 203.6619972200598454 -3653.8372120095127684 5.7278133299775122467
291000 1713.36921217585882 -8828.442722902935202 -0.882844272290293 10740.007016548413958 191.12891447018620283 -3646.9979282407371102 5.7235900528551200139
292000 1844.4232236657658177 -1477.5736231475152636 -0.147757362314752 10673.111257524838948 205.74818670586495273 -3655.6102073763904627 5.7594637443858429648
293000 1765.4915515525765386 10552.972267006654874 1.05529722670067 10547.75108908740367 196.94323987881637095 -3664.0314543519612016 5.8279150511153394731
294000 1851.9893457373975707 4339.6895505927623162 0.433968955059276 10609.156846619538555 206.5921990109906119 -3663.5013158214842406 5.7941831020339478187
295000 1861.2785313355345806 1570.8263169894084967 0.157082631698941 10650.840206671226042 207.62842164594115957 -3655.4210692096130515 5.7715068609336261929
296000 1839.8479091668984893 -4446.2661840987339019 -0.444626618409873 10702.467350057289877 205.23780348705031429 -3657.1893217056758658 5.7436659526162108236
297000 1847.5337124792104078 -6950.4437251365989141 -0.69504437251366 10743.311395550850648 206.09516641471026333 -3646.8367978683991169 5.721829616980847355
298000 1826.4252965341338495 -10273.642556803361003 -1.02736425568034 10687.66489965996152 203.740490845021327 -3670.5224609405363481 5.7516209485073277463
299000 1799.0253922765839434 -4490.279417797255519 -0.449027941779726 10726.258194242735044 200.68399028453674759 -3645.0362707192934977 5.7309264996534539094
300000 1824.0847419048677693 -736.77317816075276369 -0.0736773178160753 10675.736583504633018 203.47939845327604758 -3649.4794908799840414 5.7580474046626246576
301000 1852.9046837963251164 2554.9339551285384005 0.255493395512854 10625.371180026406364 206.69430634917134171 -3664.225013392857818 5.7853411693574292585
302000 1868.9105865724920932 6763.8581496254591912 0.676385814962546 10595.000649717319902 208.47978889489723997 -3663.0967738759750318 5.801924828494540165
303000 1844.7569508953447439 5761.0564666921682146 0.576105646669217 10614.124714565678005 205.78541448062901509 -3657.8701637391409349 5.791471174552339285
304000 1774.9866144249635909 3046.1758387492691327 0.304617583874927 10642.488041485186841 198.00242843358262235 -3652.3414566990340973 5.7760363072893063929
305000 1833.4539833287885813 8358.1113442449859576 0.835811134424499 10613.971455909771976 204.52455143608759158 -3654.8043726935093218 5.7915547995264216041
306000 1863.1605086618335463 3193.4331464336341924 0.319343314643363 10679.775202443917806 207.83835904931973459 -3640.3044398096726582 5.7558699656378369269
307000 1867.1320228255449365 243.62386729814181763 0.0243623867298142 10712.360031980668282 208.28138743194674021 -3637.2667381501059936 5.7383617749958046872
308000 1874.9598519361427407 -12993.814759208071337 -1.29938147592081 10811.540272880527482 209.15459355117346263 -3637.6122817347659293 5.6857206074239430293
309000 1780.6367520791818606 -4786.8569081132573046 -0.478685690811326 10717.24639203535844 198.63270979313060138 -3648.9651462774891115 5.7357454591315413239
310000 1888.0608059563689949 -4512.0779061648909192 -0.451207790616489 10748.212809347742223 210.61602469083416622 -3640.9125861636180161 5.7192203408969444212
311000 1841.0410316057550517 1383.8129368284483007 0.138381293682845 10719.382139780074795 205.37089809091509096 -3632.6441187900818477 5.734602659549543624
312000 1854.4959664608281855 -3805.3770611160020962 -0.3805377061116 10734.323789283620499 206.87181632549186361 -3637.6970679882902004 5.7266203753681566013
313000 1835.6861630295684336 -5069.6918796982208733 -0.506969187969822 10775.928554952461127 204.77355444144134822 -3632.0111722982796891 5.7045104757361562164
314000 1937.7778699044456516 -10995.558080732158487 -1.09955580807322 10824.469565717216028 216.16203800513511624 -3631.9827425726662113 5.6789292957319776889
315000 1858.6120700317505907 -3509.7292649332821384 -0.350972926493328 10790.868404230215674 207.33097387411979184 -3622.1219788028738549 5.6966126380906283444
316000 1814.1620251944734719 3647.4959794169185443 0.364749597941692 10769.29513285689427 202.3725044692033066 -3610.6254094169908058 5.7080242085633576821
317000 1832.2676172915771531 -8244.450576524133794 -0.824445057652413 10851.641065606732809 204.39221051899556869 -3619.6992740131013306 5.6647097849871368425
318000 1897.4954897824954969 -6184.6672803730443775 -0.618466728037304 10857.15213625423894 211.66847787211139575 -3613.4588263131299755 5.6618343886188347014
319000 1912.7395969014221464 -2783.6184207117830738 -0.278361842071178 10921.457581597733224 213.36898096566685012 -3596.2142072394585739 5.628497557971365417
320000 1907.6564086051807863 278.98364744145158056 0.0278983647441452 10997.543203420395002 212.80194366033651932 -3564.5547556122101014 5.5895572484218298825
321000 1901.8848726543133125 -769.2314903633503036 -0.076923149036335 11100.524597642286608 212.15812013807646963 -3536.4572487178161282 5.5377020055941335031
322000 1944.6643431089028127 -3987.8035547661770579 -0.398780355476618 11195.159071907364705 216.93023445616421441 -3522.2529299385546437 5.4908909228243389933
323000 1907.8266095762539862 11000.705239204773534 1.10007052392048 11017.749177294641413 212.82092983483516946 -3532.2586915426118139 5.5793062937202133611
324000 1830.6602253193973411 3596.1867268354949374 0.359618672683549 11132.489260482338068 204.21290352515703148 -3516.8289264225177249 5.5218016284748987488
325000 1811.4936836730407776 305.78359955751568577 0.0305783599557516 11157.899886407280064 202.07484695627329074 -3509.6094556448638286 5.5092264631623084625
326000 1983.7053146145201481 3146.9716534669432804 0.314697165346694 11122.201805630098534 221.28531358954845132 -3514.1375642548937321 5.526909006128054358
327000 1938.2392574363643689 1254.7792154839664818 0.125477921548397 11132.658789443370551 216.213506478771194 -3523.2047006375855744 5.5217175420665389751
328000 1925.780599708454929 37.683463678175073142 0.00376834636781751 11183.27761370382359 214.82372445726110755 -3509.6511419995222241 5.4967246142744912163
329000 1885.9424931278324493 160.3159525567490391 0.0160315952556749 11190.741303412101843 210.37972370646411946 -3505.6817712844167545 5.4930585616135925164
330000 1978.4958402282754832 -1198.2177951666001263 -0.11982177951666 11192.940594084460827 220.70418888080064335 -3512.1964156393601115 5.4919792355548384677
331000 1959.085827650019155 5822.2184525437496632 0.582221845254375 11154.847607198744299 218.53897276300685348 -3499.4544917277817149 5.5107339420612371228
332000 1919.1448172740656446 -2721.8603594276523836 -0.272186035942765 11270.343460766480348 214.08349293895659571 -3500.3292087823579095 5.4542612247355695132
333000 1893.9503858834887069 4364.6900281093530793 0.436469002810935 11148.447197431727545 211.27301619631722929 -3512.9186472446108382 5.5138976970417807877
334000 1900.522339035202549 2356.3031956118834387 0.235630319561188 11188.976898183025696 212.00612746206761017 -3498.6106697543641531 5.4939247696090083295
335000 1978.0812423871009287 -2754.0680984485629779 -0.275406809844856 11214.859809686739027 220.65793986759189238 -3511.5113336155891375 5.4812452737407655334
336000 1909.0116584923018763 1746.3710916025952429 0.17463710916026 11194.220367280011487 212.95312382507890447 -3499.4388804335767418 5.4913513679959038427
337000 1951.8526169335902978 13026.380404042263763 1.30263804040423 11100.437330996419405 217.73209722063060667 -3501.8441925971146702 5.5377455405167159697
338000 1975.9900497969435946 -566.19697923005549001 -0.0566196979230056 11211.32754282793212 220.42466418663269678 -3509.8104747720017258 5.4829722075897198152
339000 1943.5058573448086463 -8955.3725556267454522 -0.895537255562674 11337.414918341317389 216.80100362550200543 -3487.7444800382659196 5.421994146837140427
340000 1904.0265577921672957 4763.9659346637581621 0.476396593466376 11164.556469799928891 212.39702833872934207 -3489.6816436039762266 5.5059417267305272858
341000 1978.4619630913025503 -5339.4594147728494136 -0.533945941477285 11258.354531153170683 220.70040983518163102 -3499.6580790223006261 5.4600694228816673004
342000 1952.8568826643522698 -4528.0747462823292153 -0.452807474628233 11254.978883487472558 217.84412457445262135 -3495.9797792352110264 5.4617070332932637911
343000 1911.1320551277865434 -6203.2925281560283111 -0.620329252815603 11278.884081709667953 213.18965726125037463 -3500.7362387289813341 5.4501311372811613865
344000 1891.5759208268693783 2552.6215307207103251 0.255262153072071 11156.936632166225536 211.00814104536090099 -3508.672020309491927 5.5097021121626141849
345000 1953.1211644652232735 3815.1029024237273006 0.381510290242373 11169.524717737665924 217.87360560711957191 -3485.0802687567174871 5.503492662484696929
346000 1943.562832501295361 -207.2167029428096896 -0.020721670294281 11242.535066399970674 216.80735928996341499 -3493.7945093719795295 5.4677523320543013341
347000 2017.1290284816184339 616.62856397207008285 0.061662856397207 11206.090326730960442 225.01377917862481581 -3502.4396100615249452 5.4855346990089026704
348000 1965.8858968496940633 3767.8437806522756546 0.376784378065228 11158.551440345429 219.29753071725275504 -3504.6270306512769821 5.5089047764077667679
349000 1986.9342107627880978 7674.7476535830819557 0.767474765358308 11155.807832984439301 221.64550181481234858 -3491.261342394798703 5.5102596107614791876
350000 1968.8173985369651291 -3259.9967629149041386 -0.32599967629149 11297.668940882240349 219.62454414277362957 -3491.4065993199783406 5.4410690956846510247
351000 1946.77242499733984 1300.0470958807065927 0.130004709588071 11222.589478537880495 217.16539416376718918 -3485.0182199733740163 5.4774700121633079775
352000 2002.5668822362399624 7593.5511577569141082 0.759355115775691 11223.324318017157566 223.38934984695686126 -3481.2789697185935438 5.4771113785626530657
353000 2006.6499357156335464 -1743.1079918377702143 -0.174310799183777 11245.409778381386786 223.84482060812993609 -3492.8812931595011833 5.4663545872455188146
354000 1983.3792922451546019 -517.00803263041098035 -0.0517008032630411 11261.017754257434717 221.24894530353805067 -3485.4139252354157179 5.4587781201455172209
355000 1997.314643898480881 -5059.835653225302849 -0.50598356532253 11314.724500336031269 222.80345475505211539 -3485.3914817873665015 5.4328673513601755118
356000 1898.4966069071617767 -12411.811084185575965 -1.24118110841856 11402.557015528722332 211.78015399418436004 -3475.3257437716774803 5.3910186323817601561
357000 2028.1927052571625154 3378.7492585046920794 0.337874925850469 11256.706049306018031 226.24794897526393811 -3480.6658616128547692 5.4608690196099098912
358000 2072.079828713547613 -7644.5982235646170011 -0.764459822356462 11324.186851912178099 231.14362365286922341 -3491.9920163591741584 5.4283277140672376859
359000 1977.7357675189766724 -1551.9137571988799209 -0.155191375719888 11285.768792752918671 220.61940162606632043 -3481.2960506750878267 5.4468063679440383851
360000 2014.8221274672696381 1155.2217316920562098 0.115522173169206 11197.145664315052272 224.75644089827676453 -3500.2651602816613376 5.4899167314950707564
361000 1955.1106094890672011 8211.5758922873719712 0.821157589228737 11162.216647405075491 218.09553119391267728 -3488.0126076856549844 5.5070958815157196042
362000 2108.8032993048150274 804.92366401430376754 0.0804923664014304 11317.024131354382916 235.24018207110606227 -3475.3901115134021893 5.4317633870905259741
363000 1900.5339479340957496 -3055.7262032507269396 -0.305572620325073 11262.359615342305915 212.00742245221212556 -3485.5735770031424181 5.4581277305131008504
364000 1950.6492329433312989 8380.7900618338571803 0.838079006183386 11219.534062842754793 217.59785792526182036 -3478.7800516079169029 5.4789616915638079675
365000 1974.6771732037973379 -6164.9016330102313077 -0.616490163301023 11299.405069166943576 220.27821082661068885 -3488.914322042015101 5.440233087602966755
366000 2012.8852618654898379 5920.1350282038820296 0.592013502820388 11179.035155910856702 224.54038062515402885 -3492.1740160239787656 5.4988106281254527374
367000 2089.2154247201342514 -895.67352966983980878 -0.089567352966984 11258.66109130865334 233.05512517878926815 -3481.9181885455200245 5.4599207515860621598
368000 1990.0058140753783391 -2000.872871563059789 -0.200087287156306 11290.911832047711869 221.98814378750941501 -3487.4052720027766554 5.4443253336752253091
369000 2080.9084510102852619 2997.5350989565099553 0.299753509895651 11234.189395258943478 232.12846975833875263 -3486.4893457504422258 5.4718142239486269318
370000 2012.3831755271132806 -4685.5806593197203256 -0.468558065931972 11281.880640479703288 224.48437213840040272 -3497.6624109520362254 5.4486835383588090309
371000 2068.7818310024576931 -10158.583791612623827 -1.01585837916126 11405.253744589672351 230.77572704426540895 -3474.5986826075732097 5.3897439464396814657
372000 2024.9527417276258348 4653.990209786309606 0.465399020978631 11277.796122608937367 225.8865261669616018 -3470.8583288971603906 5.4506569066519254818
373000 2069.9996320278137318 903.33488278305424046 0.0903334882783054 11254.64300191590155 230.91157458159881344 -3479.0667572057159305 5.461870031510222212
374000 2037.9073653611983445 5542.9769713236346433 0.554297697132363 11269.14554918784961 227.33163393174405087 -3471.5123863670878563 5.4548410133846267911
375000 1991.1950290130239409 -3720.1677091396882133 -0.372016770913969 11306.632406813712805 222.12080250373284684 -3486.1437218004639362 5.4367556241119334715
376000 2021.1385653378354164 -5962.1702832978462538 -0.596217028329785 11372.606576728765504 225.46104904983010897 -3475.0292258803146979 5.4052162020004059784
377000 2132.2922405653634996 586.86890795702129253 0.0586868907957021 11328.86948797439436 237.86040882274781438 -3470.611836761926952 5.4260839877061561864
378000 2088.8760261498996442 11336.247431307851002 1.13362474313079 11183.959979847915747 233.01726475743893729 -3480.0767071186514841 5.4963892430118130861
379000 2058.1818043376997593 98.057676320696003813 0.0098057676320696 11257.83478707008544 229.59327811534052444 -3486.0119875856453291 5.4603214996645883517
380000 2019.5761837817815376 692.14301310532266598 0.0692143013105323 11293.334736604843783 225.28676303565711692 -3475.6905224107499635 5.4431572924394755475
381000 2046.7530766154441153 4404.2294062458622648 0.440422940624586 11194.645541748184769 228.3183863361447834 -3491.6498015862280226 5.4911428055730260311
382000 1984.4889704793424698 1447.8790173366387535 0.144787901733664 11261.743136426943238 221.37273158077724133 -3487.2028940075110768 5.4584265138029035569
383000 2053.9670181223559666 5104.1027413384053943 0.510410274133841 11221.309437055855597 229.12311236919666158 -3478.1356973109041064 5.4780948402077926929
384000 2175.3391278533954392 2386.9141278242955195 0.23869141278243 11312.994871356671865 242.6623538911044875 -3467.4308126180412728 5.4336979753389522685
385000 2002.0192042224809938 5468.5627846015231626 0.546856278460152 11215.936178012940218 223.32825554019271408 -3480.4223434114196607 5.4807192508830073763
386000 2053.9652860873939062 -6037.4618151815348028 -0.603746181518154 11399.849976512596186 229.12291915808970089 -3454.5853436481088465 5.3922987981562737758
387000 2156.7841464526886739 440.55771940502205553 0.0440557719405022 11296.681211286633697 240.59251778810372002 -3474.7932628942903648 5.4415448376195634239
388000 2087.3080197920612591 1280.3870803353338488 0.128038708033533 11291.090313055847218 232.8423512881608417 -3474.1455457112542717 5.4442392739017897441
389000 2213.0110794469333086 -9568.2284074814542691 -0.956822840748145 11454.132713408802374 246.86471679273645918 -3466.3435050068101191 5.366743939988498191
390000 2048.3770203833209962 4038.1542204383522403 0.403815422043835 11264.915507388634069 228.49953970770604883 -3469.6034854597355661 5.4568893381571959011
391000 2166.6276723388605205 2568.9098818518609733 0.256890988185186 11369.26306549304536 241.69057791654151401 -3467.4625582225844482 5.4068057862152123505
392000 2005.7270525878145691 8071.2178656960468288 0.807121786569605 11192.756162875157315 223.7418716061580426 -3474.6446395535949705 5.4920697309035393374
393000 2150.0628278981412222 985.86075755986223612 0.0985860757559862 11311.469851549321902 239.84274458685214881 -3468.183715748564282 5.4344305500748886217
394000 2162.9730218788954517 -7832.2160224371737058 -0.783221602243717 11431.807182471853594 241.28289615699009119 -3466.2071693502275593 5.3772248207408086529
395000 1996.080757581934904 -1572.3218935543952739 -0.15723218935544 11348.089647243783475 222.6658128792759328 -3459.4774978944487884 5.4168938771505770191
396000 2226.2081285970471072 -6851.6042364721588456 -0.685160423647216 11416.582073626288548 248.33686748877224204 -3470.2491590174222438 5.3843958665630067273
397000 2135.4825950437370921 10352.264208456610504 1.03522642084566 11215.295343855435931 238.21629766672458572 -3471.6291604446955716 5.4810324153602651975
398000 2116.9484317072760859 -4983.2745099269068305 -0.498327450992691 11461.86929784158383 236.14878385012443118 -3449.6240191575611789 5.3631214708657122259
399000 2155.7039998791010476 -2442.1419756394066098 -0.244214197563941 11373.556575287853775 240.47202581205357319 -3459.7286059138064047 5.4047647207447875317
400000 2141.1732196214834403 2527.0588625891195989 0.252705886258912 11379.827028623241858 238.85109540353039392 -3452.3309275066721966 5.4017866152880937847
401000 2030.9572960040345606 9926.0561886692394182 0.992605618866924 11235.676494268307579 226.55634323415981157 -3460.4748319324394288 5.4710900014671395297
402000 2253.1823467015192364 1673.7457846410802631 0.167374578464108 11332.769143727000483 251.3458821181658891 -3464.7327675105561866 5.4242168483187365169
403000 2007.2588766649009813 -2477.7211639623646988 -0.247772116396236 11341.225797968938423 223.91274888755904726 -3468.0019690198878379 5.4201722479169225366
404000 2181.4470941738177316 7579.4064526646279774 0.757940645266463 11292.218992050087763 243.34370672746146624 -3458.5214991752545757 5.4436951117214071871
405000 2124.0755672945388142 1102.9405244307429257 0.110294052443074 11380.407274098537528 236.94382655218478817 -3456.4951830708305351 5.4015111978828507233
406000 2058.1774081754097097 -6061.4214710451424253 -0.606142147104514 11399.953697885574002 229.5927877168202258 -3457.7570935750281933 5.392249736848686581
407000 2016.1306872218863191 138.94117089389322928 0.0138941170893893 11316.73153796344377 224.90241270846331645 -3468.8164260661365006 5.4319038249954880726
408000 2110.2610528057239208 3364.2379806763710803 0.336423798067637 11309.911676391013316 235.4027966682482429 -3461.756208856361809 5.4351792557168927544
409000 2155.9931514233435337 3169.0038796505427854 0.316900387965054 11275.24756607382551 240.50428110202597054 -3461.8676224393680059 5.451888924591991703
410000 2109.2398544476554889 -10060.243943622277584 -1.00602439436223 11450.021461250593347 235.28888045436431753 -3471.6579453349568212 5.3686709265605756514
411000 2126.1697434150719346 2658.8653881352061035 0.265886538813521 11335.114076397956524 237.17743505044802532 -3453.6743040531118822 5.4230947225760006702
412000 2262.1654912165640781 1352.1024179225403259 0.135210241792254 11343.847480863529199 252.34796540966436851 -3465.6284337883671469 5.4189195888969496906
413000 2120.8097135772886759 -5721.248605837258765 -0.572124860583726 11454.375734328863473 236.57951565447481812 -3453.7694743096744787 5.3666300768605301741
414000 2158.7381710594618198 70.517006225787753237 0.00705170062257878 11402.291677031313156 240.81049217406010143 -3451.945010544309298 5.3911440847753615557
415000 2148.522406279137158 5081.8545140151481974 0.508185451401515 11300.240583033757503 239.67090823670974942 -3457.7494002618250306 5.4398308492479516829
416000 2230.0040017970350164 -7315.2063864926976748 -0.73152063864927 11508.246053636648867 248.76030285753253679 -3437.4382689800636399 5.3415087790971851334
417000 2235.9876196241989419 1520.6872769205631357 0.152068727692056 11345.471178008574498 249.42778443230528751 -3457.0547526422014926 5.4181440649784038399
418000 2077.9435823112553408 -3566.6174288661463834 -0.356661742886615 11393.982940648820659 231.79773419243431931 -3457.9098884564182299 5.3950754225028054734
419000 2124.7785513769381396 -3085.6240815989035582 -0.30856240815989 11415.020268898029826 237.02224548466239185 -3456.8289057216670699 5.385132560386154843
420000 2157.2888565004063821 6608.5166850241676002 0.660851668502417 11312.310777508224419 240.64881895358340103 -3450.8249813246702615 5.4340265695079388308
421000 2148.4128091383977335 720.99568780482400143 0.0720995687804824 11348.861961214335679 239.65868251070176598 -3453.2062357461072679 5.4165252461078674528
422000 2111.3536205911900652 -2189.2002244090031127 -0.2189200224409 11361.216103707196453 235.52467424917898597 -3449.2392667786853053 5.4106353374840221448
423000 2169.1631543655826135 3076.0893857463179302 0.307608938574632 11309.793640484058415 241.97341475286509649 -3458.5504633917507817 5.4352359805638084111
424000 2177.5698166631909771 3222.6112697142966681 0.32226112697143 11369.255420238187071 242.91119058532498798 -3444.7449893348752994 5.4068094220213120948
425000 2243.7991886788327065 -4558.7537811110387338 -0.455875378111104 11457.694980482461688 250.29917671781566924 -3447.6860278963022211 5.3650753866483409382
426000 2179.2891638044243336 -1358.900024950592524 -0.135890002495059 11419.148457145956854 243.10298634677909035 -3445.9770666427243668 5.3831857566439369478
427000 2231.1267561308613949 4709.8156823793196963 0.470981568237932 11349.138252157035822 248.88554779336766387 -3444.2508716578067833 5.4163933826277377293
428000 2273.0950144478752009 2065.7505831835710524 0.206575058318357 11370.650333301417049 253.56717017652505319 -3452.9539891094650557 5.4061461328626361222
429000 2242.8303353652268015 -12618.568856408823194 -1.26185688564088 11524.876424460642738 250.19109967242786752 -3451.4376950538580786 5.3338009939128285808
430000 2184.5462658188976093 -340.79859923638457531 -0.0340798599236385 11367.452263518038308 243.68942398914185787 -3451.3087800694338512 5.4076670745997326151
431000 2228.7232679343815107 -7101.4988446313154782 -0.710149884463132 11455.559914061606833 248.61743506747615129 -3445.5702805872069803 5.3660753196406449916
432000 2225.3158053647207453 14057.583740457435852 1.40575837404574 11206.863769571216835 248.237327489139318 -3453.740832099416366 5.4851561142750142608
433000 2204.7861827810297655 -7818.0731325826336615 -0.781807313258263 11441.047386078818818 245.94721719007509364 -3456.2591845797251153 5.372881979521172191
434000 2163.0286344835003547 -1351.1854605348205496 -0.135118546053482 11449.182974211751571 241.28909982673826562 -3431.9217742330974943 5.3690641040473767731
435000 2226.0416578943322747 5250.0046519889665433 0.525000465198897 11324.562420231335636 248.31829743132351496 -3454.9251494776476648 5.4281476887523725239
436000 2173.9670558955285742 4981.2123615185928429 0.498121236151859 11316.823210309741626 242.50929719905093407 -3454.914304406206611 5.4318598236570156956
437000 2155.8912553571731223 -5889.3406091080087208 -0.588934060910801 11487.40028874276868 240.4929144424773142 -3443.1791528042490427 5.3512018195927595343
438000 2235.5284246043752319 -2199.5461357911012783 -0.21995461357911 11440.610951765114805 249.37656053669346079 -3424.0860831365289414 5.3730869432306480604
439000 2303.8318207147940484 -4832.7915235350819785 -0.483279152353508 11463.546454649789666 256.99590717864276712 -3447.069848892117534 5.3623368274986979998
440000 2248.8150262816470786 522.28190816206472391 0.0522281908162065 11461.506849556395537 250.8587009519223443 -3439.9184233079622572 5.3632910693492172882
441000 2239.9893351186324253 2235.7759391163117471 0.223577593911631 11395.259313387212387 249.87418181883140278 -3436.7927710084445607 5.3944711249610417525
442000 2213.4967846766867297 -5310.0075447607769092 -0.531000754476078 11436.480475447189747 246.91889794216743326 -3451.0019857072593368 5.3750275235010223085
443000 2189.0981647371222607 8624.3521265445688186 0.862435212654457 11280.467388896329794 244.19719516469220366 -3453.5552694015150337 5.4493661661589181122
444000 2182.0008132803181979 -1176.0514914020200194 -0.117605149140202 11392.690829441367896 243.40547492721361778 -3451.404804690670062 5.39568730932768581
445000 2263.1025687212199955 1794.8633098837658508 0.179486330988377 11392.230971904629769 252.45249781573687642 -3442.4968573170363015 5.395905111045470548
446000 2132.9598809424110186 -5303.0019491097546052 -0.530300194910975 11493.302230022512958 237.93488511169638855 -3429.4187763013142103 5.3484539166591016368
447000 2242.7570130275830707 -2146.7925206127179081 -0.214679252061272 11443.184584411425021 250.18292045530373002 -3435.4573558270176363 5.3718785076009893942
448000 2309.1601917389457412 887.94155589961815167 0.0887941555899618 11411.128627621388659 257.5902949863046274 -3443.0836766945126328 5.3869691012609504099
449000 2171.6189333328766224 -4741.8813344952668558 -0.474188133449527 11488.551052139038802 242.24736059294565393 -3439.2894266524635896 5.3506658105562765471
450000 2331.0426883942391214 3080.2428036688002067 0.30802428036688 11391.014437132851526 260.03132042431417403 -3448.1537398480795673 5.396481381598811744
451000 2204.8672600901800251 2530.175751403405684 0.253017575140341 11379.065161181410076 245.95626148594311644 -3438.8181599197450851 5.4021482834296863373
452000 2303.4176632707089993 -4207.5327927387525051 -0.420753279273875 11489.824657987497631 256.94970729239219054 -3433.9305164341476484 5.3500727084444239523
453000 2247.4788998508420264 10155.82830092245058 1.01558283009225 11321.928361278027296 250.70965403751537792 -3432.5861107437422106 5.4294105532188474683
454000 2357.1847528845946727 1803.7590652471176327 0.180375906524712 11389.378730371370693 262.94750706554958697 -3446.7830485906260947 5.3972564072866084928
455000 2224.0368595616141647 -1939.3835637425320328 -0.193938356374253 11459.875944052961131 248.09465915981667195 -3433.7335462751943851 5.3640543429626683647
456000 2298.8427158364561365 -3476.9943638259960608 -0.3476994363826 11430.621438315689375 256.43936502018777901 -3445.440236612784247 5.3777826218141777659
457000 2255.8962673274040753 435.89795635613739933 0.0435897956356137 11404.362024809281138 251.64862404880025792 -3443.9283745272023225 5.3901653765273822572
458000 2157.2790167663247303 6573.7448745617430177 0.657374487456174 11346.031781365485585 240.6477213164364457 -3430.8017902335077451 5.4178763564253529239
459000 2240.841757159660574 -1042.0871573566264487 -0.104208715735663 11481.066223914918737 249.96927078051834314 -3436.6469817493007213 5.3541540592690370914
460000 2368.5724996336916774 1653.7186425939314631 0.165371864259393 11414.864698152829078 264.21782735550755206 -3436.7196568318204299 5.3852059532039913137
461000 2230.1119975484616589 7769.916851099125779 0.776991685109913 11325.865995559815929 248.77234994615233177 -3442.2413568819338252 5.427522924217000444
462000 2255.2696059760228309 778.41504178372485967 0.0778415041783725 11437.674922222449823 251.57871903184377516 -3426.32816079041595 5.3744662044972875137
463000 2246.495328847089695 -13470.051751994118604 -1.34700517519941 11618.512215854219903 250.59993521163966079 -3432.9623448929437473 5.2908148810679005436
464000 2359.3570661623989508 3528.3814094898725671 0.352838140948987 11345.429191271978198 263.18983188131340967 -3449.0738499565068196 5.4181641162416802615
465000 2288.3802619742800744 -8928.3953971283917781 -0.892839539712839 11487.466388004546388 255.2722625444565665 -3453.5759780029884496 5.3511710286003904002
466000 2355.6697114213570785 10474.981737537493245 1.04749817375375 11331.323925081193011 262.77850190998350399 -3437.5440955292533545 5.4249086632716867484
467000 2377.7998759326983418 -7803.8189055364573505 -0.780381890553646 11581.041276299467427 265.24715507010881765 -3423.2215876397563079 5.3079335321351068799
468000 2312.2361709775177587 -7485.2560618838742812 -0.748525606188387 11591.29265502421913 257.93342510013133051 -3420.6635421380797197 5.303239177630983292
469000 2409.3445137220760444 3298.0474673322873969 0.329804746733229 11464.55966362631807 268.76600689445223225 -3424.3018803184495482 5.3618629176436138906
470000 2347.6758869441032402 4412.3854583515449121 0.441238545835154 11418.408595079981751 261.88677875776085102 -3431.8053713406361567 5.3835345631262301325
471000 2153.0835644697490352 1230.7820461012690885 0.123078204610127 11433.813109396287473 240.17971229803131905 -3427.4721320972521426 5.3762814504107652169
472000 2351.2338274786129659 5585.3595161247931173 0.558535951612479 11408.336649364053301 262.28367237956621238 -3429.7613277418577127 5.3882874617779936699
473000 2303.7940954064606558 -5730.0510646646371242 -0.573005106466464 11543.245838649621874 256.99169886371646498 -3432.571362163480444 5.3253130173914655643
474000 2331.6882242115807458 -2045.2016251851323432 -0.204520162518513 11413.725445666845189 260.10333091635720848 -3430.4277621307537629 5.3857434735166123119
475000 2421.8831350013674637 -4778.646341078223486 -0.477864634107822 11552.254884260873951 270.16470897047497601 -3418.4079575585155908 5.3211600629813933239
476000 2317.6967815387570226 6593.2321876037958646 0.65932321876038 11426.535435430230791 258.5425644271936676 -3423.2046095713080831 5.3797056574914634552
477000 2389.428409081546306 -5867.4547963993327357 -0.586745479639933 11603.702923920271132 266.54433544537499756 -3411.3221499741216576 5.2975673136884129377
478000 2358.0907381019133027 5448.3119919571245191 0.544831199195712 11411.719225875749544 263.04857108017154133 -3436.6521170530254494 5.3866903058853790043
479000 2403.9534462146257283 2116.3745187244858244 0.211637451872449 11454.500537218264071 268.1646251997117929 -3426.4546474475710056 5.366571604565054443
480000 2384.0835694986221824 -9706.8556476002304407 -0.970685564760023 11583.577527834708235 265.94811054519470872 -3431.4576539147251424 5.3067713476081346258
481000 2444.0617017394615686 -2128.3442488792720724 -0.212834424887927 11488.873370080937093 272.63876147184640786 -3426.5794078542430725 5.350515698744936266
482000 2388.7168325223883585 2056.5914817457764912 0.205659148174578 11480.282867959502255 266.46495800918216901 -3424.5740323299178272 5.3545193994367652479
483000 2341.7751838585027144 -677.3781569397254998 -0.0677378156939726 11510.665598399364171 261.22854644720734996 -3421.8725162183131943 5.3403859926274561687
484000 2343.4863179985127317 2413.3214046818557108 0.241332140468186 11431.432401050975386 261.41942603601336259 -3418.2106082396712736 5.3774011139548161253
485000 2413.7594483216867047 -7991.9186911097567645 -0.799191869110976 11553.338555857830215 269.2584994941113905 -3440.1325985984617546 5.3206609527029886664
486000 2405.113582824779769 11391.844134229448173 1.13918441342294 11333.526130358271985 268.29404018473667293 -3435.801828447918524 5.4238545551019505808
487000 2241.4458575918010865 -5058.1018762892344967 -0.505810187628923 11585.1574072000858 250.03665909297629355 -3404.634511971651591 5.3060476579547115605
488000 2549.8350453112457217 -4104.4836471321868885 -0.410448364713219 11596.024223286365668 284.43793715044040482 -3417.2278735206582496 5.3010752775134708514
489000 2236.3395001947164928 -1444.3082715558678046 -0.144430827155587 11523.84824777823269 249.46703723957426746 -3418.9115210223944814 5.3342768844046712928
490000 2365.9041292727188193 -190.54608625999753713 -0.0190546086259998 11465.888455870892358 263.9201666254834322 -3438.5574922788237018 5.3612415264719786023
491000 2378.9036563411859788 -791.10530358864252776 -0.0791105303588643 11528.058899752742946 265.37028343601406277 -3414.7283829928483101 5.332328526602961638
492000 2554.5272147369864797 4574.578770187772534 0.457457877018777 11425.309518182099055 284.96135571223021543 -3437.7093426730957617 5.3802828912149696095
493000 2252.3269860764621626 -6965.5047155973070403 -0.696550471559731 11610.093082514857088 251.25046535300754158 -3414.4885680858242267 5.2946515493565193822
494000 2378.281826655048917 8245.1882137676529965 0.824518821376765 11405.873807320995184 265.30091739858789879 -3429.4343580371760254 5.3894509413259115149
495000 2353.8923708237089159 7428.2537598814978992 0.74282537598815 11482.594790224458848 262.58023689117828781 -3410.1131851374620965 5.3534413127460949156
496000 2378.2316020224675412 -4888.1544889789702211 -0.488815448897897 11615.829965417888161 265.29531476522856792 -3411.369326437385098 5.2920366009592516576
497000 2453.6923612628056617 11957.769191562176275 1.19577691915622 11407.603689489902536 273.71307603711818501 -3416.7260568550627795 5.3886336693258165553
498000 2310.5045587397621603 -3220.7095872918507666 -0.322070958729185 11540.049631323250651 257.74026114869951698 -3414.5741920639479758 5.3267879507778186365
499000 2320.7333372604398392 -410.19109959415567346 -0.0410191099594156 11450.110031734488075 258.88129678837367464 -3416.0288994487500531 5.368629398070411618
500000 2433.7296620441297819 909.37967891992445857 0.0909379678919924 11454.288072338142229 271.48620689271757556 -3429.5818418904755163 5.3666711487694112037
500000 2433.7296620441302366 909.3796789199535624 0.0909379678919954 11454.288072338142229 271.4862068927176324 -3429.5818418904755163 5.3666711487694112037
