step temp press vol ke pe density
150000 1620.6476465637476849 -8172.0587540624146641 17173.09039144385315 287.20414036036089556 -5518.1056065436514473 7.8183168049258888743
151000 1648.9276403206590658 8223.6301593516309367 17026.44551024491011 292.21579808471045681 -5511.7366264129996125 7.8856541795026435793
152000 1641.2192057470945201 -9452.6376062113504304 17195.796614231243439 290.84974277347799898 -5515.239053484858232 7.8079930934295500577
153000 1571.09499208043826 1789.0351917199589025 17071.02636310271555 278.42263405106018581 -5511.6020842205198278 7.8650608548139890885
154000 1604.0335606745875339 2602.5718865496514809 17075.720536570817785 284.25986418423667601 -5509.9713201705599204 7.8628987229197244702
155000 1596.7652287555906696 -8430.9096552196479024 17177.154141491737391 282.97180195487089804 -5516.7448353630188649 7.8164671571304111808
156000 1594.4686480805887641 3681.8137286427395338 17042.146731974527938 282.56481189757460015 -5518.2828818590196533 7.8783889912195759209
157000 1567.5057198481456453 2892.5076893670338904 17062.712041140421206 277.78655880781985843 -5510.905239785152844 7.8688933433446690557
158000 1552.2306451662245763 -1621.6159630355195986 17096.443603678417276 275.07957638492035812 -5515.3247226280527684 7.8533678882226025664
159000 1634.2490450141312976 508.88244594626917205 17099.367490204629576 289.61452114727887874 -5514.0230470577698725 7.8520250106824294178
160000 1617.8071077125835018 -3450.9288643127852083 17064.121149596583564 286.70075239651902166 -5528.1317514601096264 7.8682435516528768105
161000 1629.3839119695285262 -562.19775184465265738 17133.238153985003009 288.7523433896542997 -5507.9810150791481647 7.8365023583535666774
162000 1642.66756498579457 2958.8975629684682644 17094.151852081442485 291.10641471013605042 -5506.2877335193179533 7.8544207610738094871
163000 1564.9341200671424303 -4393.73323838144006 17143.555135313770734 277.33083105847225625 -5510.7853767404985774 7.8317863558747440322
164000 1643.8107012280727304 4943.3380579012700764 17044.770773120457307 291.30899635240382395 -5512.0142305857325482 7.8771761138420046677
165000 1586.2774838916936915 3407.9051180966089305 17042.494859635386092 281.11320933954152679 -5519.3060828055095044 7.878228059081797241
166000 1590.2159979578555067 -5347.8428469376185603 17085.417393066039949 281.81117570444973808 -5529.0319036096079799 7.858436121930909124
167000 1570.6062874662884497 -3227.5022431560114455 17139.096276208332711 278.33602794090751331 -5510.3946021946194378 7.8338238513962092924
168000 1594.9605875562178881 4074.7692981203658746 17034.658542594748724 282.65199127583542804 -5515.4717166483087567 7.8818522170087108591
169000 1611.4216412074290474 -1854.6147736569425888 17118.686891777389974 285.56914774309467475 -5510.7266157616868441 7.8431635585570562696
170000 1563.3184688781418572 -379.04724475870705191 17101.042423478054843 277.04451236863064878 -5511.6190131400680912 7.8512559570991165003
171000 1615.830568247238034 -3505.0539157590510513 17105.42274606630599 286.35047865303351955 -5522.3593196819592777 7.849245423110827069
172000 1597.9673207457274202 4854.872865572999217 17045.965856776263536 283.18483147883517859 -5511.5715803299854088 7.8766238491884994488
173000 1620.4692586562414363 -3311.718036403196038 17119.241659916966455 287.17252722981112356 -5516.1612994847910159 7.8429093920850707633
174000 1636.4595336844292888 289.36833246402449049 17080.69505795607256 290.00625435324468526 -5515.6768245665907671 7.8606087600280183381
175000 1582.9955121316888835 -2345.0674011104792953 17095.831836592657055 280.53159255194572097 -5517.3857924190378981 7.8536489176590347228
176000 1609.0606401913189529 -1839.3687383399508235 17129.328142141479475 285.1507413926090635 -5510.3194315273185566 7.8382911510475183903
177000 1561.4880217547581651 823.58448796759137167 17052.209770424313319 276.720128475770764 -5521.5405306164802823 7.8737397092550462929
178000 1560.4426742360842582 1301.3856640063495433 17098.404209216703748 276.5348765265792963 -5505.9522989969609625 7.8524673739765100677
179000 1573.7407617031117297 123.7656245407509914 17096.788138818254083 278.89150585776206981 -5509.1263748074925388 7.8532096268473319256
180000 1603.0493470088720187 5297.1798460673926456 17018.923731151407992 284.08544611107180344 -5517.225228194731244 7.8891393675017766896
181000 1579.4033719785334142 -8297.8366756200939562 17130.5100655781971 279.89500906822024717 -5528.0593675129857729 7.8377503463674607076
182000 1643.8252173844959998 4467.6874465421715286 17037.485627278401807 291.31156884262759377 -5517.6644106831136014 7.8805443559681211951
183000 1614.647714001150689 -2830.5886747709696465 17123.084207226165745 286.14085835855468076 -5511.2153305490792263 7.8411493849498992148
184000 1637.1964726348116983 1920.7840358901678428 17061.174317233439069 290.13685147482840421 -5521.574288113763032 7.8696025668242821638
185000 1657.4348937978870708 -2923.2482368150153889 17124.866391106599622 293.72341661421341996 -5514.492834694994599 7.8403333569752122756
186000 1573.2282955903872335 -4182.0088808801419873 17147.304511228659976 278.80068883798548995 -5511.5415789649086946 7.8300738819920967515
187000 1649.8367273514879798 2877.6299686109427967 17032.189702514770033 292.37690254178079385 -5521.9981020178729523 7.8829947026783564468
188000 1600.6269080160309386 -8589.3219301217250177 17224.521534772506129 283.65615198906476735 -5507.1447700000753684 7.7949718910267593586
189000 1594.7194033275070524 5039.9643735952295174 17078.134648636048951 282.60924965385351015 -5501.5166993273187472 7.8617872479802635155
190000 1607.7279934160485482 -6006.4798093642693857 17113.963668448446697 284.91457551638848145 -5525.3345701769658262 7.8453281659975164786
191000 1613.5969149840552745 5598.1087864889177581 17049.031702892047178 285.95464031847899378 -5508.6874546498356722 7.8752074334615329576
192000 1560.8010724131031566 -8539.4445716592381359 17133.462072704340244 276.5983902956306224 -5523.977584535375172 7.8363999424165706742
193000 1592.7329782256438193 4963.5412495361615584 17079.959488613687427 282.25722402077985862 -5505.3657169933085243 7.8609472867569731847
194000 1634.2565172541485481 1017.0066768213986279 17054.663537474378245 289.61584534521625756 -5521.2160776666332822 7.8726068623350871079
195000 1594.2442533149896917 -3619.1127897150636272 17127.691478843353252 282.5250456313587506 -5514.6518205806478363 7.8390401511951912639
196000 1592.6886952149452554 5236.7794986486196649 17055.597346636048314 282.24937637786553069 -5506.4826685894813636 7.8721758300900797067
197000 1586.7141860597992036 -3525.1796609574744252 17140.600233329627372 281.19059980195953585 -5512.6126943156741618 7.8331364930185625184
198000 1636.5276748891096759 10406.835097721323109 16984.807933782230975 290.01833004172317487 -5515.0519332235880938 7.9049855449285795217
199000 1551.7663921915841456 -2412.5732013240317428 17107.780425624045165 274.99730348817195136 -5514.3188678201549919 7.8481636927508775514
200000 1595.0734597437951834 1340.2265888951342276 17101.22979810733159 282.67199399491659051 -5506.8372808620260912 7.8511699325154058471
