step temp press vol ke pe density
150000 2430.587070337269779 -4613.3799726227380233 18101.404278660142154 430.738088928428283 -5290.8604391735843819 7.4173616109012181496
151000 2378.1452652649159063 4656.8522623733606451 17942.051136289821443 421.44457989413211862 -5302.8246165761884185 7.4832392450588534061
152000 2414.5876819484515181 6310.9562659884477398 17975.334878022225894 427.90274677478680587 -5288.227248852392222 7.4693830246298889008
153000 2289.5971262112452678 -2774.1285159025351277 18163.414624178920349 405.75246309666459865 -5259.6381429096372813 7.3920385554159668828
154000 2469.9483665359016413 2631.2051108727409883 17960.403812299355195 437.71352696529402238 -5304.7150373286040121 7.4755925647947751855
155000 2356.1809415078278107 -1499.935298662115656 17950.610177242499049 417.55215778953311201 -5315.2734629259894064 7.4796711573713192678
156000 2319.8464881988184061 9270.312899250726332 17986.485750584011839 411.11312370942084726 -5275.1453836173050149 7.4647523180328478887
157000 2442.8892269244943236 2226.1193813167051303 18016.892121011314885 432.91822371263253899 -5285.58357788777721 7.4521543614815355383
158000 2443.9171343038929081 -1093.0467119920610912 18015.46947008391362 433.10038499605292373 -5300.795930332658827 7.4527428454136979141
159000 2488.1399129288265613 -11103.234629274795225 18151.331059371143056 440.93735384381596987 -5301.3859053611722629 7.3969595265917877924
160000 2297.575099052457972 -2814.8066882531716146 18074.453084432872856 407.16628480956870817 -5290.289230010661413 7.4284217936074634636
161000 2499.631199122151429 11306.889577075353372 17921.877890892592404 442.97378969696791273 -5290.2520297380497141 7.4916625376722612017
162000 2432.9085956146568606 4087.5582916800876774 18019.365605964925635 431.14949955986969599 -5279.9309330127325666 7.4511314180501084792
163000 2385.1805331052601105 -1617.2547216963178016 18107.311650970354094 422.69133951925800829 -5279.5870485231516795 7.4149417532525694341
164000 2411.7485131848929996 -6183.5010533848062551 18140.118915853989165 427.39960161192260557 -5279.1936589329925482 7.4015314796306537204
165000 2486.7002319277985407 -2932.7978240620122961 18135.960618924869777 440.68221982676413973 -5273.683885269701932 7.403228537000221543
166000 2404.5477234297768518 10473.301369924156461 17969.835236917602742 426.12350891162543576 -5277.7921506947059243 7.4716690180943166055
167000 2369.5735977597569217 -4052.052129370912553 18148.315340701017703 419.92554619023371743 -5272.2956066399037809 7.3981886846997300111
168000 2317.6368146116928983 -922.92353936162351147 18033.468060135655833 410.72153494895644599 -5291.5592917506955928 7.4453045167024178852
169000 2415.1046165559387191 -14769.853265806912532 18238.874677411913581 427.99435568180660994 -5286.1181023738818112 7.3614553295998010896
170000 2380.2336106122320416 -2527.7948508670251613 18072.999346898541262 421.81466739064825333 -5286.0995952256180317 7.4290193134421587118
171000 2421.9657755277371507 -1057.8071537563948823 18208.716082416729478 429.21026048909106976 -5249.4010557422298007 7.373647905334173025
172000 2416.6946980662728492 -514.38731102615031432 18019.174416935475165 428.27614302419817705 -5297.1155964963872975 7.4512104768655218479
173000 2396.9603921988918955 9331.6622513974489266 17975.601798121162574 424.77891500904826216 -5280.6019313361757668 7.4692721116001985493
174000 2445.0771540714854382 4986.2083025618439933 17938.849285777541809 433.3059586633820004 -5300.9542791880276127 7.4845749056148127565
175000 2406.9147335821767228 -12488.25065793619433 18212.567187051063229 426.54298017515742458 -5279.5125604818040301 7.3720887242847075171
176000 2368.1695099051144098 -1058.8905858825692121 18043.51345576449603 419.67671983606715003 -5292.3184831555254277 7.44115947978204062
177000 2422.8722321464538254 3788.0624146211748666 17994.981816165156488 429.37089879594600461 -5294.3814062763931361 7.4612279451888561255
178000 2386.3329031727048459 -2896.2947802022381438 18067.542867638814641 422.89555753993585085 -5284.888335873604774 7.4312629107094174685
179000 2362.2844500476608118 4400.7498872799978926 17971.905508890697092 418.63379507638052246 -5290.304054411702964 7.4708083198810548708
180000 2382.1788825619510135 -610.41567319897637844 18051.392569323546923 422.15940004075309844 -5288.5113523937216087 7.4379115452901700678
181000 2409.0417642636170967 -954.58717829364775298 18063.968509025249659 426.91992331864599919 -5289.1629609224546584 7.4327333516361324683
182000 2386.7197465413432838 7899.4337184996566066 17986.939080500240379 422.96411224235959025 -5275.7344977100301548 7.4645641817675354446
183000 2440.9596665816329732 18057.937598881060694 17821.343365184948198 432.57627540528761756 -5286.2050711187102934 7.533924825343457421
184000 2466.5735707316039225 -6215.9572375901452688 18117.898381990547932 437.11546030353673586 -5286.4835485858129687 7.4106090214855049325
185000 2500.6758126730996992 -1348.1927554363567197 18139.430654202060396 443.15891157558542091 -5271.8689192753308816 7.4018123148112104914
186000 2365.6660548309996557 -7379.6517988850700931 18174.009718487977807 419.23306839584427053 -5279.4213005904384772 7.3877291406613814218
187000 2384.1021083975001602 -338.07330390233215667 18046.044478246345534 422.50022577421151482 -5282.3993311375143094 7.4401158304683612243
188000 2431.2491875773021093 3456.387281364021419 18010.571029827111488 430.85542647132012917 -5285.2210983386530643 7.4547698114392115798
189000 2412.4318689010688104 10766.522435157503423 17969.75703082409018 427.5207029453559926 -5279.0355291243122338 7.471701535509266634
190000 2403.6939430386623826 838.56904354291373238 18034.584422228646872 425.9722056571478106 -5285.481070642060331 7.444843643552328416
191000 2356.2542789145072675 -5980.3921504831987477 18160.091461222418729 417.56515432637206686 -5272.5361871573977623 7.3933912440162883328
192000 2337.7211293789378033 -883.85172515876502075 18036.352972931112163 414.28079002187996593 -5294.7272605671332713 7.4441136410138275536
193000 2548.9277401693148022 -9399.6544280914240517 18232.600328160438949 451.7099086949558 -5275.0212916299042263 7.3639886128893881079
194000 2365.366320527944481 8762.2524990603960759 17929.038914699580346 419.17995078386485375 -5290.2722418011971968 7.4886702984316952936
195000 2436.4445809704925523 1143.0778859605184152 18016.205896588373434 431.77613153419355285 -5290.2125802290574939 7.4524382087219445125
196000 2382.105432105521686 -605.4143106282286908 18016.470855750918417 422.14638346972822092 -5292.7654795683974953 7.4523286094667673396
197000 2378.3479125377871242 462.37945756219653504 18029.258894441820303 421.48049216409702922 -5288.0645065139633516 7.4470427201713098597
198000 2388.0057343426860825 3896.9093618699425861 17945.437279516085255 423.1920094177768874 -5305.1997066582953266 7.4818272248619930309
199000 2386.2034402372673867 7017.1138591080343758 17975.846793833883567 422.87261468054276747 -5281.9826767349240981 7.4691703116869332391
200000 2412.8880197554549341 6174.4087470821250463 17910.263541550619266 427.60154001952599856 -5310.2185684674368531 7.4965206898520344581
