step temp press vol ke pe density
150000 1891.402298095269316 1865.9755743441671711 17483.844265621115483 335.18610430333012573 -5412.5599767540325047 7.6793558190142698905
151000 1991.2084350635238934 -10.929970511491188034 17473.946583389875741 352.87331461794337883 -5424.4220197643471693 7.683705599029591049
152000 1919.3619096112943225 -3997.240814940551445 17526.022583740268601 340.14098527779481174 -5413.8131512611998915 7.6608745970977212281
153000 1880.7152870536367573 9562.4566700776176731 17355.7860733123307 333.29219860103779638 -5423.141175989916519 7.7360172931834565446
154000 1950.5533964331855259 -5587.8111526766824682 17526.208698593458394 345.66860516373179735 -5424.9729545198788401 7.6607932445031314828
155000 1934.8955191644954539 2257.5793690358746062 17444.422887127213471 342.89378412822964037 -5419.2354786162568416 7.6967098349246558797
156000 1851.4477323148455525 -5422.3846748289315656 17534.175503178834333 328.10552960668417199 -5420.6743502440258453 7.6573124967065293589
157000 1947.8204011967952738 6206.1935856555455757 17363.692928664742794 345.18427561243129276 -5430.9876370749625494 7.7324945650407590492
158000 1911.9607585514593211 -3252.1613186185013546 17492.478138562026288 338.82938541688480427 -5427.3701126940322865 7.6755654708495208993
159000 1973.3657926549358308 6307.4236987761414639 17385.289299898020545 349.71131898886187628 -5427.0489781253127148 7.722889098010256248
160000 1868.9042463373189094 -1274.1604360326473397 17471.937184875714593 331.19909723944095958 -5418.4523872815507275 7.684589280469753092
161000 1934.7617134531478769 -1926.2199472110421539 17497.34909155382411 342.87007166094264221 -5418.2632318398573261 7.6734287289694593781
162000 1889.0921568701523938 3899.0331353041178772 17434.226937353199901 334.77671110421152889 -5417.9284762551678796 7.7012110535438722536
163000 1870.6267205960575666 -6715.8306310293355637 17530.963955474500835 331.50434664996078027 -5422.6995192769882124 7.6587152618044793684
164000 1875.2378088734267294 15501.684073356993395 17267.891824384270876 332.32150369679663982 -5422.2014980468466092 7.7753939256406203739
165000 1881.075123268406287 -1669.2918229691965735 17485.230855088266253 333.35596721289647348 -5419.5035024863655053 7.6787468414158954744
166000 1961.1197920288225305 -7883.955907338162433 17543.166967722663685 347.54113592030120117 -5423.2377756036166829 7.653387865883495067
167000 1869.7055497728886166 2504.0664810598846088 17420.100988892409077 331.34110075567014064 -5425.5699279156142438 7.7074559605336423473
168000 1974.0079289153040918 1651.3603307803098232 17424.414350897463009 349.8251155892791644 -5430.5311564252551761 7.7055480027092757567
169000 1882.6938076212434225 -10524.829744799957552 17617.54827350395135 333.64282342686567517 -5412.7229032471805112 7.6210752549414140233
170000 1983.9769043727837925 2269.3202522417122964 17492.042928805829433 351.59177414248762261 -5412.1604215138631844 7.6757564423095629991
171000 1923.0151710790808011 -5119.9568055474401262 17500.814400566090626 340.78840041555895368 -5428.6355875981198551 7.6719093252936731986
172000 1833.1110215916273773 3446.7377591742392724 17412.045036860705295 324.85597733573575852 -5421.7589785566133287 7.7110219342818764332
173000 1919.5766854170035458 -835.6095535763628277 17499.21649797657301 340.17904691369676584 -5416.6925456332519389 7.6726098688739439169
174000 1864.8866570390846391 -3283.1052139751277537 17535.132988663364813 330.48711750518663166 -5414.4258629593678052 7.6568943780888467643
175000 1864.9810392335139113 3714.4865634923426114 17386.251952291124326 330.50384350795093269 -5429.0828855250620109 7.7224614924692653872
176000 1854.9659125332905205 305.35016606853832855 17483.397134504826681 328.7290062318554078 -5412.0876763239530192 7.6795522155677158338
177000 1915.8841279229936845 -801.57346809683360789 17521.789578959436767 339.52466790475739344 -5408.8452290039222135 7.6627253509062134285
178000 1884.8339019467007347 8561.7867402148494875 17397.720482418702886 334.0220816526350518 -5414.1671656117150633 7.717370866810866481
179000 1834.1439267566111084 -10284.834000404816834 17592.237561175425071 325.039024305021087 -5416.2576735350930903 7.6320400252124551699
180000 1916.0298311891360754 7451.4998540644710374 17383.712940928755415 339.55048880505540865 -5419.2895989837579691 7.7235894113172962605
181000 1863.5938387152916675 -3753.8445362824581935 17472.425584141339641 330.25800985423342127 -5427.8043593363090622 7.6843744764207597697
182000 1843.6869572463726854 -423.49591343932769405 17501.210361386427394 326.73019874016495123 -5413.0823946221062215 7.6717357501267402498
183000 1936.3186381557422919 -2293.4427926358894183 17500.455664492768847 343.14598309780711816 -5414.8674891856317117 7.6720665892346238124
184000 1963.2379315032078466 2226.4033343639612212 17416.985621689760592 347.91650340267409547 -5428.6845552168379072 7.7088345891917144925
185000 1860.8195242430515464 1795.91491791698013 17494.669519505911012 329.76635788733085519 -5409.1173829006911546 7.6746040301153817254
186000 1875.187418737436019 -1415.8670711112611116 17526.718463213670475 332.31257377565026445 -5408.1673700017199735 7.6605704303256230148
187000 1887.9599154183995324 2608.3700765512435282 17460.133114305768686 334.57606018942419723 -5419.7865145712821686 7.6897845120051524503
188000 1845.4047664829508903 7505.6932075539480138 17335.881991285739787 327.03462143570931175 -5430.3990876229363494 7.7448993519584323764
189000 1794.9234334300565479 -3447.2610760126872265 17492.703522149811761 318.08853874189082944 -5420.8813386707515747 7.6754665755311437536
190000 1942.8718578670398074 -4089.9454725867071829 17501.225949079136626 344.30731624617305897 -5426.4922326773394161 7.671728917196306341
191000 1904.4316710207297092 2940.7712809723261671 17460.913470958483231 337.49511321000136377 -5413.460331931917608 7.689440843014875071
192000 1863.267769257900909 5351.6979715068791847 17390.383674279790284 330.20022524052899371 -5423.7333985059121915 7.7206267391623413232
193000 1828.7794422364872844 -6574.5047143149458861 17546.520132414458203 324.0883536466917576 -5421.6376900308141558 7.6519252926911569546
194000 1958.9757583173422972 7901.4378880659851347 17348.185459348613222 347.16117957364258473 -5429.7071817611631559 7.7394066090977871042
195000 1855.125757386088253 -2156.5263085758892885 17499.604106498372857 328.7573332427489845 -5420.1256010283086653 7.6724399239453884292
196000 1899.7909034517174405 1602.8227848530580104 17464.378108168879407 336.67269652794436752 -5418.6985053553171383 7.6879153880168873414
197000 1869.5942208635467523 -2515.8849138909995418 17481.285538408967113 331.32137152965822224 -5420.8539737030678225 7.6804798425686424679
198000 1858.9642594326421658 -4067.6221408348260411 17534.929286600483465 329.43757591171498689 -5411.6671868056200765 7.6569833277021919216
199000 1987.7233566825962043 14996.137575670538354 17277.400584536018869 352.25570415671506908 -5432.7525000744226418 7.7711146733559655075
200000 1878.0671817571760585 -12142.77134872762872 17631.480927066553704 332.82291287636695643 -5415.319855960435234 7.6150529700442550762
