step temp press vol ke pe density
150000 2061.9115537170073367 -468.67260246055224115 16861.199484382661467 365.40301436898153042 -5601.3076546429929294 7.9629365232465616486
151000 2091.2943816190982034 4532.2354944857725059 16874.435027895771782 370.61011157291062545 -5580.3241469466174749 7.9566907560447956982
152000 2090.9320141990660886 -7006.0136315895715597 16972.40573313945788 370.54589439184383082 -5587.6164377451550536 7.9107619338711909762
153000 2056.9296039318314797 1953.6468390799270765 16925.676416775255348 364.52013485571796991 -5574.6645772303800186 7.9326023902279825251
154000 2162.6239441472639555 5954.4193005325732884 16892.902920204112888 383.25082698789867663 -5575.3643234379760543 7.9479922328420329336
155000 2068.2337000298834937 5381.7628181289037457 16882.383087168778729 366.52339769281621784 -5575.9018329193640966 7.9529448245954554864
156000 2076.1209583598538302 -4717.4423963983199428 16938.758175778857549 367.9211433738482242 -5589.7319696689364719 7.9264760619775005424
157000 2132.4218061629330805 3395.6844105210111593 16876.77099283501957 377.89853520798794762 -5585.3263409267638053 7.9555894464017100631
158000 2098.5429953795678557 -5085.6493426811384779 17021.73181486986141 371.89467943582280895 -5566.2442020141697867 7.8878378921847263072
159000 2113.5152251866338702 319.09861969842734197 16941.145988501153624 374.54799300471211154 -5574.4883621334047348 7.925358844736316577
160000 2122.2137627166057428 -7035.9550729552893245 17059.551347147134948 376.08951006363906799 -5565.4298734536450866 7.8703512459247555455
161000 2173.7365320529443125 -4547.3936266166265341 16974.803185789627605 385.22015157452119638 -5583.9152978823949525 7.9096446498028196714
162000 2158.6939131853418985 1763.8597371945720624 16987.430602075968636 382.55436396189691095 -5557.7578154096208891 7.9037651040369114597
163000 2046.6648438584265932 -7155.892461294012719 17061.412441460230184 362.70105863693686388 -5560.2050842303015088 7.8694927316607037326
164000 2082.2564670556248529 3550.3112387011246938 16915.699603560919059 369.00845158941183399 -5571.333080635737133 7.9372810079739632982
165000 2041.0008066520285865 -1975.4746127475220874 16955.491486261995306 361.69730255196566304 -5572.734766495288568 7.9186534527013439089
166000 2065.5168661806965247 4654.5917322345603679 16916.378824180246738 366.04193219239601831 -5565.7000860928019392 7.9369623129992268318
167000 2087.5149187504002839 -3467.9737072686630199 16846.179144048041053 369.94033157074306928 -5615.0803119493948543 7.9700364131159151526
168000 2113.5146173680959691 4907.962923557573049 16944.056180472700362 374.54788528974955852 -5558.6312977176075947 7.9239976408170234023
169000 2072.9541518263586113 -5056.819584786928317 17023.139840121031739 367.35993566773856855 -5566.3546827555082928 7.8871854699504240216
170000 2077.827075489679828 -3758.3292633994133212 17017.636837955989904 368.22349404499180991 -5563.533008662665452 7.8897359532596231801
171000 2066.7963377564615257 4951.55675014420558 16904.068863710908772 366.26867459060468946 -5570.4201782875297795 7.9427422049948983584
172000 2098.1729243403883629 1374.3701990136326003 16898.22433275077492 371.82909705281366541 -5584.8728127904651046 7.9454893340311416594
173000 2059.3723012983250555 -2398.4925573787363646 16994.11659380225683 364.95301907875796132 -5565.0070119077754498 7.9006555273901684089
174000 2117.4032881731404814 -2317.7486548660554035 17029.459386132206419 375.23701864830229624 -5558.6686661064395594 7.8842585754233667217
175000 2055.6111071994873782 -1159.2252411567685613 16953.588698934294371 364.2864765886765781 -5573.237018262856509 7.9195422033788451799
176000 2112.2335761544518391 2333.363911510160051 16954.278157570490293 374.32086472713001513 -5565.0720561967245885 7.9192201491624345522
177000 2093.0281332774607108 2200.246756904882659 16926.726730809557921 370.91735951523429549 -5571.8843231988739717 7.9321101672629934498
178000 1986.7131889689683248 -10541.253561097353668 17092.344340669740632 352.07668661985110248 -5556.9408668037776806 7.8552513642301109442
179000 2160.2271235034522761 11206.861602378668977 16890.456800705123896 382.82607283849210944 -5555.1564356920534919 7.9491432815678297885
180000 2098.5802065519624193 2444.4020156131996373 16907.00498925212014 371.90127383825324614 -5581.5766955080162006 7.9413628425193936167
181000 2145.3792709172262221 -9882.100975863291751 17074.852850287606998 380.19480086073309621 -5566.7196664233215415 7.8632982888444189484
182000 2183.4545792967269335 -5917.3252831791014614 17015.636219086980418 386.94234171902900243 -5576.1134335981441836 7.8906635914869784898
183000 2085.3118883399442893 -187.06286860337291955 16934.084440582955722 369.54992008520878244 -5577.0068566891768569 7.9286637356176266067
184000 2049.5710708960623379 -4864.0846468156714764 17015.660488809880917 363.21608757601933348 -5563.6532429171138574 7.8906523369007111057
185000 2178.600812354646223 5823.6277036609062634 16859.796193127149309 386.0821782127508186 -5586.1386875165608217 7.963599302266145763
186000 2111.6876846206650953 8659.6745190042020113 16839.035148769933585 374.22412419933937144 -5578.2825423984850204 7.9734177174482958605
187000 2107.3757636836912752 -7850.3761849937391162 17040.183662226518209 373.45998428982164796 -5568.9842183075625144 7.8792966003978737177
188000 2120.2526853564454541 1354.7326969193284185 16940.639338788398163 375.74197644731037826 -5572.223949981844271 7.925595871255910474
189000 1990.6394314224480695 7442.118439542694432 16815.06702336764647 352.77247826283337417 -5586.2024246401051641 7.984782993332776968
190000 2088.5505038714627517 4281.9522241625791139 16830.329722682163265 370.12385347021051984 -5594.777821121301713 7.9775419384083061658
191000 2108.6683182384367683 -6025.4075858449577936 17009.340508755820338 373.68904519676931386 -5576.4082368749986927 7.8935841828095556494
192000 2175.627994953781581 6969.3786220424881321 16855.768838392836187 385.55534841857939909 -5578.931018628703896 7.9655020478281937102
193000 2181.008015849563435 -4956.5715794758862103 17006.008726972668228 386.50877236595624709 -5574.8508757746958509 7.8951306773695844043
194000 2060.3414825470295 -6456.2803761001796374 17000.124108063675521 365.12477317223886075 -5576.5768685573766561 7.8978635889046824303
195000 2044.9065288847064039 11921.616817540829288 16876.662490600523597 362.38945769049990986 -5557.0272646719367913 7.9556405939098233659
196000 2063.782494206202955 -14429.920895442992332 17045.154247560047224 365.73457432034052772 -5587.0818734011318156 7.8769988965723962693
197000 2096.6415722807091697 -2611.5997887130656636 16944.119976842899632 371.55771748871052296 -5584.9376658578948991 7.9239678061435414591
198000 2135.4986037214857788 2856.6843582780029465 16932.565301340364385 378.44379191430579112 -5570.1207099725270382 7.9293750716737845252
199000 2084.8382330351091696 502.39933066220424962 16903.468556503568834 369.46598094832057768 -5585.4714281003325596 7.9430242823316152823
200000 2069.0309866026618693 -2052.7143028185778348 17008.949632992826082 366.66468935805960427 -5556.0969110253709005 7.8937655820615253432
