step temp press vol ke pe density
150000 785.36861136470940892 2078.5378161491521496 15761.44477997091235 139.17961585991130846 -5862.1927067781771257 8.5185503660524553027
151000 811.42331950036964372 -561.51934246761402392 15778.672613344975616 143.7969181268837815 -5862.7450012133176642 8.5092494463939285509
152000 787.36562201900449054 -845.24872628143589282 15792.52557827394412 139.53351741863284019 -5860.7650701289367134 8.5017852612913955568
153000 794.71634475500081862 1670.7232837723590819 15768.094397101651339 140.83618059091182317 -5860.8122143904301993 8.5149579789816645103
154000 808.27583688385152527 202.33180726678290284 15762.435147942916956 143.23913492145172199 -5865.4322192433373857 8.5180151378741157941
155000 789.48927899704506217 -2458.4997485468120431 15805.118140261722147 139.90986268905089673 -5858.4947593267570483 8.4950115531191752183
156000 804.78251798611199774 1443.2608218860341367 15773.149865795083315 142.62006411160780317 -5859.9101026732560058 8.5122288409302999668
157000 837.97888187712487706 4595.330934475153299 15733.595553535180443 148.50297960815220222 -5864.6888546209393098 8.5336286129313183579
158000 799.42689681066326557 893.40555832524967173 15793.447073569237546 141.67096417674417808 -5855.8272262250629865 8.5012892102973740549
159000 798.62250755330683205 -3162.1467883980731131 15797.511156319764268 141.52841380457414289 -5863.899277320478177 8.4991021605466290367
160000 803.18457840659084468 1356.3303294681552416 15751.012927372456033 142.33688419630834687 -5867.1494987404239509 8.5241921785619716445
161000 811.81773741260622046 -2181.0437264664888062 15787.039268439648367 143.86681515704134426 -5863.785662398498971 8.5047398006001895254
162000 803.99606516314486271 -3827.5905163165548402 15834.229100948336054 142.48069235647446362 -5856.346623123579775 8.4793936189729297581
163000 811.44027148473537636 1461.461698318501476 15755.244951398433841 143.79992228396105247 -5865.3200522184088186 8.521902491145938896
164000 787.81041372603169748 2615.0804271553042781 15757.824820190404353 139.61234147402024064 -5863.0874772417155327 8.5205072865072271071
165000 791.36476685844013446 -3990.6689045492294099 15830.220558227689253 140.24222850597004708 -5856.0612908721077474 8.4815407786692720293
166000 815.53720554327219361 -3855.6296132526194924 15792.797559781769451 144.52596315218431755 -5867.8441258006096177 8.5016388446501505172
167000 823.55998796358414893 4900.3729670568491201 15743.531368368407129 145.94772582416885598 -5860.0173539036341026 8.5282430007856238063
168000 814.4343804264509572 -316.89558265294584771 15776.143419881800583 144.33052527257117958 -5863.7705523960212304 8.5106136288499047993
169000 810.05585119944237249 -1357.5570258973309592 15791.901160435003476 143.55458133105369711 -5861.6136825086559838 8.5021214251469103829
170000 808.57055001231265123 5365.4547287383829826 15743.910607246702057 143.29136270266749875 -5858.6842871043008927 8.5280375727067863068
171000 786.60198115992716339 439.4487562376005485 15765.30840550458197 139.39818830070868216 -5865.6920402754403767 8.516462713349598701
172000 786.06473753644593216 -10349.173217101659247 15874.095515882503605 139.30298031804005632 -5858.6373111945358687 8.4580983568859728905
173000 790.02153175701812415 501.25512496225189807 15762.576448813626484 140.00418621255499829 -5864.4842487551804879 8.5179387796112635556
174000 791.17431561003263596 3308.2191894516672619 15770.499264681973727 140.2084775625151849 -5855.0084105632950013 8.5136595200015285911
175000 800.78378458225370196 1013.7655408023161954 15754.587947304924455 141.91142593709747644 -5865.884161937884528 8.5222578749135049492
176000 808.91574302327478563 -7245.0302364807612321 15831.607620990958821 143.3525363095165801 -5863.9712170600814716 8.4807976810843079818
177000 796.3830924947000085 2582.1803266096503648 15757.447285656515305 141.13155438964770383 -5860.2185688845165714 8.5207114303440185665
178000 832.44465020755842488 3741.9714349124783439 15739.278074610710974 147.52222709690582292 -5864.9402974591721431 8.5305476250858873755
179000 799.35619782066476091 -1454.8686763037521814 15807.064369278989034 141.65843520865547589 -5856.8218160172200442 8.4939656133038852204
180000 778.60298602951627345 -771.26658257951544329 15785.947880164714661 137.98064110897490764 -5860.3467189540870095 8.5053277902077955019
181000 775.91678191651158158 -287.51765859172559203 15788.683185831581795 137.5046036774309357 -5858.291104848224677 8.5038542872544908846
182000 809.62909631393506515 -4906.5061083683167453 15840.266757839381171 143.47895368287450424 -5855.4572603225315106 8.4761616235717074375
183000 796.41895803058935144 3242.1914637376935389 15747.593643853155299 141.13791032421835325 -5861.6952017501407681 8.5260430410169405491
184000 803.06816921278937116 7063.6668742322099206 15703.337796940963017 142.31625466433902716 -5866.3133923132199925 8.5500715157571001157
185000 826.65874837111357465 -1827.8983927031054009 15786.847067760418213 146.49687469123702499 -5865.4472328719020879 8.5048433435533414837
186000 818.7879465104248311 -1679.8318955917843596 15806.810113288958746 145.1020453542501798 -5857.622758912790232 8.4941022405943247264
187000 808.86649079558765152 6066.7164212290917931 15731.085747203551364 143.34380804353986605 -5859.9795644371188246 8.5349901054225991714
188000 768.81121960686880357 3225.5526186283577772 15754.998849593570412 136.2453867716186835 -5859.534960049257279 8.5220356079810439809
189000 794.524165386450818 -3760.121273942656444 15818.597531613282626 140.80212339750741535 -5859.0888908314209402 8.4877727580849331446
190000 797.19567202550047114 3699.3864251560962657 15755.15719899009855 141.27555620652182711 -5858.5652305553549013 8.5219499560780711533
191000 824.5656430666193728 5671.0683550727735565 15739.579037388090001 146.12594365577379563 -5860.3272450539006968 8.5303845090775300974
192000 779.58408325124560179 -3269.2272895417058862 15815.673213477561148 138.15450689946561624 -5858.8278579372608874 8.4893421473529908639
193000 777.93026255824509008 -2712.1303974440661477 15805.523997720045372 137.8614239758267388 -5858.6653692359377601 8.4947934164855603001
194000 804.96745789527551551 2611.1539122867970946 15754.920178525588199 142.65283835944768498 -5861.6458524212448538 8.5220781621568235664
195000 815.93440252533218882 2774.7873004748457788 15755.50030263212102 144.59635267703146155 -5861.9050937394204084 8.5217643756768843843
196000 786.119987117704909 -73.618741822576637901 15765.326544009883946 139.31277140898100697 -5864.0164772021644239 8.5164529148907046618
197000 785.19633369024165859 -1268.8229600212916921 15799.939252997417498 139.14908555833483206 -5858.3362113078301263 8.4977960389604252356
198000 794.3320457644229009 4004.1645031292009662 15738.028744171157086 140.76807679212228663 -5862.7916504853237711 8.531224804736995182
199000 792.8520142224282381 2747.3346083589326554 15759.368374320383737 140.50579202737034734 -5859.047497551284323 8.5196727439101369583
200000 789.40647554327347279 -3559.1086638319852682 15804.60561564767886 139.89518862044027969 -5861.6820268102046612 8.4952870362677863625
