step temp press vol ke pe density
150000 1427.5575307063365926 -760.82747514501204478 16863.157299104943377 252.98554827188687 -5573.680210552918652 7.9620120252963095808
151000 1371.8852151084633988 2320.1802159610742819 16797.444681269316789 243.11954218656663329 -5583.2082367069860993 7.9931598970916173386
152000 1369.0917379208271996 -6470.391946815107076 16912.499824567828909 242.62449428643088822 -5576.5243866666723989 7.9387827105782511339
153000 1409.0965391496747543 2450.4623450129242883 16818.465239312339691 249.71397149116413061 -5577.1034513163667725 7.983169646544187259
154000 1413.2954825525705473 1185.8362344816180212 16835.14088276115217 250.45809001255122439 -5578.9080471457491512 7.9752621100677050237
155000 1392.5610533567555649 1845.4058033945825628 16872.7968746988372 246.78362448287660413 -5564.1768130016407667 7.9574632585822131503
156000 1411.0005098618435113 -4251.1031330544874436 16891.846361645017168 250.05138491524752453 -5578.5593699256805849 7.9484893673199019659
157000 1377.6946484678624074 -4632.4925908126160721 16867.096931055093592 244.14906474657820468 -5582.1425149825754488 7.9601523456436362736
158000 1376.8751765366744166 1310.7989653443355564 16853.663766754572862 244.00384148842871923 -5566.6642636692286032 7.9664969622086792
159000 1430.8933616324311515 1188.0387610090572252 16839.0683063025499 253.57670974708349831 -5574.6050461872237065 7.9734020171225283846
160000 1388.2944247491186616 -1581.8939341578347921 16902.610136365838116 246.02751108334064156 -5563.2396216579400061 7.9434276787268132125
161000 1386.6651715515424712 -8627.937438629072858 16939.052402772034839 245.7387819045882793 -5574.95327909610387 7.9263383811224707998
162000 1419.763818618411733 560.64545593302500492 16835.259419474208698 251.60438044976672245 -5577.3240865903935628 7.975205956412287911
163000 1435.1321554634484983 2939.3180452831120419 16877.501573315141286 254.32789038834337703 -5559.9472965169297822 7.9552450708830848569
164000 1399.4516171629379642 -2857.7795113201741515 16860.865426352160284 248.0047402872582154 -5579.7225869142666852 7.9630942899343741814
165000 1415.5502872881506846 4736.7114131920607178 16813.270449180799915 250.85767671922116051 -5570.6796754031802266 7.9856362036024126638
166000 1423.5850990287262903 -471.00443412982065183 16863.209684744113474 252.28157117512108698 -5573.6561068264290952 7.9619872912689899636
167000 1395.711468408270548 -3914.6915414989348392 16858.371149216694903 247.3419273617085139 -5582.1489557022287045 7.9642724680536671755
168000 1417.1648188426509023 -4959.6111595466336439 16894.338323605985352 251.14379699229723997 -5578.9723366247299055 7.9473169429981487255
169000 1471.6610138069434015 813.62109656742813968 16868.153203452038724 260.80137608471511612 -5570.9258685800841704 7.9596538862630055178
170000 1399.6620127797752957 14117.60659295840378 16775.570268954568746 248.04202568510359583 -5553.2861584846650658 8.003582533847534819
171000 1441.7707284833836638 -3696.2737474077594015 16898.084837258851621 255.50434947952990683 -5570.4259779294379769 7.945554924892703319
172000 1364.0726384195875198 -2779.4401295376246708 16840.080418324538186 241.73503126176103706 -5584.3591532732516498 7.9729228046818985121
173000 1382.0094587331122966 -6635.1858799040855956 16947.038597251830652 244.91371669030988301 -5567.7066585550101081 7.9226031397432139514
174000 1401.3668632041114961 966.67730920143526419 16837.827862650767202 248.34415187619927678 -5576.2453039305801212 7.9739894180625983111
175000 1404.4387097704586722 6254.160276659671581 16806.291389911424631 248.88853118917162988 -5569.9757470408658264 7.9889523562904507514
176000 1389.1889396417725493 -296.4425379573346504 16842.841458562161279 246.18603312934422434 -5579.7635688642822061 7.9716158066477866839
177000 1416.9588213083393384 -2099.3978963462677712 16968.903270634185901 251.10729100354407706 -5549.9387558596954477 7.9123947528353646419
178000 1398.6314958908074004 8841.7498141360701993 16759.162582464832667 247.85940195572578659 -5573.6248988156967243 8.0114182638468083297
179000 1380.1283862632246837 501.91754027036716934 16850.911942999704479 244.58036119331762848 -5573.8081391020132287 7.9677979241778498221
180000 1389.8106715823046216 -537.43983468431224537 16904.531187726974167 246.29621376477953731 -5563.8770410221231941 7.9425249780020878987
181000 1401.3794161762357362 -1529.0828285188322297 16902.309793224794703 248.346376459424107 -5568.0844045120848023 7.9435688283122170006
182000 1428.4989656547008963 1575.9750896928178463 16859.824993739879574 253.15238528647390126 -5568.4222001727230236 7.9635856985342252656
183000 1389.3391317888349477 40.836707170528462996 16861.459438941747067 246.212649529631733 -5570.2697571823528051 7.9628137579746454122
184000 1365.4965280537423951 2161.9071118248966741 16852.365520203606138 241.98736680132918764 -5567.0639484465791611 7.9671106729184355544
185000 1386.760553186998095 3756.8025701395936267 16787.936718441225821 245.75568502395250903 -5580.2269153083761921 7.9976868778906959889
186000 1429.9136023157361706 -4969.9389657729980172 16902.601527606529999 253.40308105431481067 -5577.4763432303097943 7.9434317244387617762
187000 1396.7276216627396934 2638.8684407661889963 16824.874148690934817 247.52200563013596479 -5573.3090824227547273 7.980128707850292713
188000 1413.2434121290132225 3525.728258601617199 16807.045376482965366 250.44886231813680411 -5574.2138429280366836 7.9885939611851606301
189000 1338.0211190326674568 -483.10150964262288653 16889.144929553582188 237.1182940909972956 -5562.7246192762213468 7.9497607344817602382
190000 1398.3001825934993576 -3611.9810900725501597 16837.116049124622805 247.80068805147578814 -5587.77900316817977 7.9743265300423784581
191000 1359.3409189827532373 3236.1428861784384026 16815.655063011210586 240.89649648452933661 -5572.1076125870040414 7.9845037672825434072
192000 1441.4560580232364373 -442.81226611436323992 16845.940962944700004 255.44858494663159831 -5578.0892205296349857 7.9701490997310902031
193000 1388.2063173415106121 -9404.931814803618181 16958.379429150845681 246.01189707105663729 -5572.7807483306723952 7.9173049382973852417
194000 1390.9094219237656489 4605.4616453586286298 16876.972177252155234 246.49092953039277631 -5552.6658777158900193 7.9554946106332478095
195000 1418.1462294915752409 367.18087214609016655 16879.578996615211508 251.31771832699476477 -5566.4486572945061198 7.9542659936518731456
196000 1389.4721328612895377 -3792.779829891371719 16904.61198163919471 246.23621940230719929 -5571.4562248877027741 7.9424870174936428313
197000 1433.94985278000172 -1714.7543290001221976 16896.880748566865805 254.11836783940128726 -5567.4082182921138156 7.9461211331165158001
198000 1434.4567108765702415 6114.6838927352573592 16798.808675826330727 254.20819103090025237 -5572.0124700482228945 7.9925108852001569559
199000 1427.85439064907996 -336.95897692834864756 16852.862900291631377 253.03815650221000055 -5575.2548613693088555 7.9668755388506360404
200000 1331.6156862109596659 -284.51862914629322177 16873.568042092170799 235.98315109363124975 -5567.4624230259778415 7.9570995811321703073
