step temp press pressGiga vol ke pe density
0 1700.0000000000006821 -43947.446990210832155 -4.39474469902108 26980.744790434488095 442.78062669750022451 -7765.3548960395255563 7.3121350297215474967
1000 1704.4495969149422763 3054.080502172510478 0.305408050217251 24856.431849444317777 443.93956511547025912 -8185.1747876876797818 7.937054292630651986
2000 1735.0237518211222323 -1619.3024228036374552 -0.161930242280364 25039.55109357193578 451.90288480376722191 -8158.0430591916419871 7.8790090274725432806
3000 1696.803725170620055 620.02279295958192051 0.0620022792959582 24882.72095546989658 441.94812753747044098 -8185.1922526466296404 7.9286686316652312811
4000 1699.1113284571181339 -1521.0552057441559555 -0.152105520574416 24872.883155913914379 442.54916402533211794 -8191.5682882883384082 7.9318046031670146334
5000 1689.97469098336569 825.3918812044457809 0.0825391881204446 24805.522294953021628 440.16944280972273873 -8198.2248557072307449 7.9533438870687938049
6000 1687.6715702169874476 -2750.1221797130983759 -0.27501221797131 24839.056550964654889 439.56957383543038986 -8207.1516985707421554 7.9426063830291253609
7000 1709.8501065156540335 -259.56807454675691815 -0.0259568074546757 24773.054354186497221 445.34617748340497201 -8212.1228206300929742 7.9637676601945930344
8000 1679.4793892388131553 -8240.757646481582924 -0.824075764648158 24892.475118961552653 437.43584499570368962 -8215.4225416986373602 7.9255617678545888793
9000 1716.3224857790694386 7509.9010552535892202 0.750990105525359 24621.499230238689051 447.03196815780438556 -8222.7437378867543885 8.0127878186969656582
10000 1696.9521846765765076 -5951.6431538374499723 -0.595164315383745 24868.917698208912043 441.98679518046259318 -8211.5610792439838406 7.9330693641051421849
11000 1687.1361351969510451 2578.4881970692413233 0.257848819706924 24689.377401878904493 439.43011486264947507 -8227.7365380655137415 7.990758369431357977
12000 1733.3439185746658495 -4498.4268770322723867 -0.449842687703227 24771.109208725956705 451.46535679340649949 -8240.2489130143549119 7.9643930131564850683
13000 1683.0523240526997597 473.92469680249070052 0.0473924696802491 24631.583340722678258 438.36644871102254228 -8250.3918225967172475 8.009507402796339548
14000 1740.8541010459423433 -819.50412870328159443 -0.0819504128703282 24616.593087710691179 453.42145285296197699 -8268.7394751791543968 8.0143847853830152417
15000 1734.0408416898806081 -1798.6098146646847908 -0.179860981466468 24708.061100442144379 451.64687682500340316 -8243.3776670812058001 7.984715931699832403
16000 1693.1525098667123075 4.9211293840807357469 0.000492112938408074 24613.665989306315169 440.99713494895763688 -8261.5857011508887808 8.0153378694513364167
17000 1644.0380921747203047 2263.1665044310620942 0.226316650443106 24543.148399787853123 428.20483339275585877 -8269.6646785757184261 8.0383676086079720591
18000 1683.5165183900890042 -1529.4733682685484837 -0.152947336826855 24577.142368044333125 438.48735239315112722 -8280.60020760306179 8.0272493097744916923
19000 1691.7547340638097921 5719.5243154683394096 0.571952431546834 24403.080487506889767 440.63307139249189959 -8298.7527165103911102 8.0845059381381751962
20000 1681.3192595662858366 661.07064389761649181 0.0661070643897616 24358.43916306493702 437.91505613490397764 -8338.7141033323750889 8.0993222837226070965
21000 1685.3510211626205546 -3015.4283150566006952 -0.30154283150566 24373.369537698308704 438.96516550332751194 -8351.5770417138282937 8.0943608886317317541
22000 1690.4283143250654575 184.42850656633368089 0.0184428506566334 24343.469282925387233 440.2875931788535695 -8343.2695883130745642 8.1043029166139071151
23000 1682.7233445056995151 -3459.447084840032403 -0.345944708484003 24374.947291513202799 438.28076296396875478 -8350.4445876722711546 8.0938369527799576275
24000 1738.04110884947454 1951.8636799836040154 0.19518636799836 24302.485785095686879 452.68878317787539345 -8350.1817482482711057 8.1179699416224355701
25000 1687.3287301491204744 2769.3128350634578965 0.276931283506346 24224.489879497519723 439.48027798830850088 -8368.9103328836026776 8.1441074751831070699
26000 1796.1904747883313576 1213.7598155547989336 0.12137598155548 24293.952162851299363 467.8343200557985142 -8360.9155716769091669 8.1208215027191528179
27000 1621.0594014506498297 -2231.032913155699589 -0.22310329131557 24374.229149569604488 422.21982216952528688 -8344.4172217609811923 8.0940754228363740452
28000 1704.7952430591633401 7135.9259736845715452 0.713592597368457 24191.925818062230974 444.02959183097249252 -8363.9465345143398736 8.1550700260007626952
29000 1698.3357448714812108 -3212.7980639100032931 -0.321279806391 24334.746764844181598 442.3471561511529444 -8362.9337957772731897 8.1072078134434839569
30000 1676.5007130531159873 -410.1194991511695207 -0.041011949915117 24285.789233641869941 436.6600214026261142 -8363.1431482726184186 8.1235510698092454618
31000 1734.5767111496738835 -300.75671649205554559 -0.0300756716492056 24294.946496252767247 451.78644895161238537 -8364.5577074444718164 8.1204891371356850982
32000 1744.9037925476829969 -1505.4107036887564846 -0.150541070368876 24335.079086662237387 454.47623223006331727 -8356.4001653341638303 8.107097100754598884
33000 1731.6747439353773643 -3438.3111254778568764 -0.343831112547786 24350.52632281512706 451.03060491525837961 -8362.3425662239278608 8.101954203974070623
34000 1734.1741249018830331 -3062.9084434838664492 -0.306290844348387 24316.547142485393124 451.68159166273204619 -8369.8370731206778146 8.1132756206746794447
35000 1650.2988767802578423 1989.7227119820986445 0.19897227119821 24238.030912257236196 429.8355122934958672 -8369.2231632442108094 8.1395576160580276337
36000 1691.1760540653608587 -516.73443051459526032 -0.0516734430514595 24343.794281203281571 440.48234886756802098 -8345.3313706423832627 8.1041947212988709737
37000 1730.9239229273787259 218.74778208529977519 0.02187477820853 24322.098251382558374 450.83504668204705013 -8351.393458135846231 8.1114239022901220011
38000 1684.4215261629174165 -2409.3339649149952493 -0.2409333964915 24324.662284301997715 438.72306998657415988 -8363.505460482709168 8.110568887011147865
39000 1747.4471127884060024 8079.9728447827301352 0.807997284478273 24223.054096200045024 455.13866336540439761 -8348.0681606237521919 8.1445902042989022362
40000 1671.1276803495629792 -10023.827877426037958 -1.0023827877426 24466.091973348120518 435.26056564512884961 -8352.6617652813347377 8.0636846017347458826
41000 1699.8256587664143353 6254.7153907736537803 0.625471539077365 24160.349083505723684 442.735217920637524 -8373.2045115776527382 8.1657284184192953091
42000 1743.6446924437984762 -6784.2070365440713431 -0.678420703654407 24408.82265294325407 454.14828803413809055 -8358.9037378339926363 8.0826040614590688449
43000 1696.2627977049874062 4423.017404543154953 0.442301740454315 24235.025511549516523 441.80723800674650192 -8360.6004908718896331 8.1405670077010512387
44000 1637.7364084546904905 -4078.6360564805318063 -0.407863605648053 24299.090819894536253 426.56350194169453971 -8376.1191276043282414 8.1191041497152429685
45000 1781.5892911711591751 4920.1061989930622076 0.492010619899306 24221.657633284070471 464.03130756607100693 -8364.958948393996252 8.1450597682882168726
46000 1679.7079269112302882 -2809.2620700114971442 -0.28092620700115 24344.343088064928452 437.4953697332430238 -8357.3406659845040849 8.1040120243308280124
47000 1655.8655037117619031 5551.925211751587085 0.555192521175159 24219.668368217873649 431.28539144721497678 -8357.3524695668093045 8.1457287569222813772
48000 1746.8355573088840629 927.53217781116711649 0.0927532177811167 24377.257580179091747 454.97937811923787876 -8333.8777796009562735 8.0930698812702086542
49000 1724.3582784449565679 -5714.6502636114846609 -0.571465026361148 24385.024840071819199 449.12496422404711893 -8360.3239883485257451 8.090492029596482837
50000 1671.7747131575770254 1974.6103112529413011 0.197461031125294 24230.114185640439246 435.42909128761488091 -8366.267180045168061 8.1422170609097648253
51000 1656.4680442980838961 -6716.6196720005855241 -0.671661967200059 24400.956625366099615 431.4423286815811025 -8359.9502378200959356 8.0852096144879439521
52000 1727.9479489391944753 8520.6662082127331814 0.852066620821273 24214.390487536049477 450.05992690115078858 -8349.0311854375013354 8.1475042376830995039
53000 1689.5211443633197632 -5989.8587222080595893 -0.598985872220806 24384.316489638364146 440.05131242345186138 -8361.1398431829366018 8.0907270537579538683
54000 1723.059752170578804 504.19877822760815889 0.0504198778227608 24322.582678587430564 448.78675111960467348 -8352.7409461168335838 8.111262348952616108
55000 1689.2786057322709894 787.85455615440650945 0.0787854556154406 24250.423098564268003 439.98814100753764933 -8370.6405222667817725 8.1353982282393051406
56000 1678.4026589280229018 1525.8967411611165517 0.152589674116112 24258.221938795839378 437.15540068876492796 -8365.9519294251513202 8.1327827574450193282
57000 1691.2226269056750425 96.663132793669362286 0.00966631327936694 24332.980227559462946 440.49447919193357848 -8348.1579595987150242 8.107796384376573684
58000 1714.0251393322537297 -847.19312312381703123 -0.0847193123123817 24296.220554882253055 446.43360315812066119 -8366.9332151818161947 8.1200633104422941244
59000 1684.3973346744999162 -3711.4290148753448193 -0.371142901487534 24325.709852004416462 438.71676909104337483 -8368.0838511681358796 8.1102196116943741089
60000 1734.1524577000718637 1577.6293550650050292 0.157762935506501 24261.117503116834996 451.67594824085159644 -8363.9505655239372572 8.131812109840684144
61000 1718.6258413417783686 -6281.6704480940679787 -0.628167044809407 24382.08702708452256 447.63189828695936967 -8363.9174526471397257 8.0914668580650932483
62000 1718.329767281364866 489.96819981935345822 0.0489968199819353 24327.664520364814962 447.5547830763600814 -8348.698932283285103 8.1095679753789529087
63000 1703.0202014557560233 5464.4401194457623205 0.546444011944576 24240.910142129720043 443.56726592887201832 -8351.1889153475312924 8.1385908348068465301
64000 1654.9032486175526628 2394.9262981110064175 0.239492629811101 24243.962791936188296 431.03476326271101016 -8363.9229587438894669 8.1375660737993325
65000 1731.7344942379395434 716.58584181964351956 0.0716585841819644 24289.042988832447008 451.04616743079594698 -8360.399859686702257 8.1224628405829459865
66000 1684.3954808290254732 -5239.5423095506948812 -0.523954230955069 24394.441144946205895 438.71628623994871532 -8353.9811938114944496 8.087369082893918204
67000 1746.6280345613922691 9901.0495037800810678 0.990104950378008 24129.176999269133375 454.92532691206827167 -8371.1159874601489719 8.1762775877556475024
68000 1667.5404446228310462 -2099.3084117432335916 -0.209930841174323 24338.732912683455652 434.32623712560291551 -8355.0682180766089004 8.1058800315485086685
69000 1744.5742073807257384 -941.14925674042274295 -0.0941149256740423 24315.910110502893076 454.39038874372477039 -8361.2093624648441619 8.1134881735271004999
70000 1704.8683847069751209 2.6300845348651025191 0.00026300845348651 24301.7870980131338 444.04864224547588947 -8361.1484472064839792 8.1182033368337371826
71000 1717.633894364726757 4912.8758938661658249 0.491287589386617 24164.908079436419939 447.37353657863604894 -8378.4212530514778337 8.1641878571016874844
72000 1695.1555637144615503 -7534.5170307161870369 -0.753451703071619 24466.27707155563985 441.51884873602540438 -8339.5216445438491064 8.0636235963941533811
73000 1750.1611284972520934 2581.7983553369736001 0.258179835533697 24266.552253512894822 455.84555370448066469 -8362.7302284392553702 8.1299909047258029915
74000 1694.8078761689459952 -1884.3230891958114626 -0.188432308919581 24294.863010811397544 441.42829031879114154 -8370.733542551221035 8.1205170419079593103
75000 1715.5681690646290463 2993.0342132663813572 0.299303421326638 24300.073731949443754 446.83549943571716767 -8344.8726533077897329 8.1187757406152609718
76000 1734.475754859089875 -4093.9782633659974636 -0.4093978263366 24355.492290697631688 451.76015395772191141 -8365.9524298285978148 8.1003022544309342123
77000 1698.6671688483825164 5433.0637285872571738 0.543306372858726 24229.612274818166043 442.43347857244407351 -8357.6218026551941875 8.1423857250556785914
78000 1665.608814819153622 -10861.734276646675426 -1.08617342766467 24470.453188448445871 433.82312638735595556 -8355.0953010596786044 8.0622474619000836782
79000 1725.5739094178622963 8376.3385885765128478 0.837633858857651 24169.680529401157401 449.4415864852330742 -8360.0088865255384007 8.1625757887086720643
80000 1701.7839758039224307 -5441.1514289169699623 -0.544115142891697 24310.962803330116003 443.24527959424943901 -8380.316237859933608 8.1151392771284616146
81000 1710.5131856788225377 -599.7274933117131468 -0.0599727493311713 24298.883359886003745 445.51888254659195354 -8363.3550631695070479 8.1191734693375163801
82000 1685.6988093361196661 2811.8766609517592769 0.281187666095176 24291.699076578530367 439.0557501300451122 -8346.3276040143518912 8.1215747193382821223
83000 1654.3096126260331857 -4511.8761105804633189 -0.451187611058046 24423.910433050696156 430.88014531191379319 -8337.5908542471806868 8.0776110627699733158
84000 1707.0748992616074702 6522.2351253272418035 0.652223512532724 24211.597631003718561 444.62334924389784874 -8356.8557831591369904 8.148444068700415599
85000 1683.2663262776984539 -6802.0602928995122056 -0.680206029289951 24382.08685993970721 438.42218755766936056 -8364.3764571690298908 8.0914669135339600814
86000 1704.6484112828504749 696.99696938060526463 0.0696996969380605 24292.573383166760323 443.99134814512842695 -8358.0347475196685991 8.1212824182233731563
87000 1708.0265749944412619 -3219.8897622591121035 -0.321988976225911 24340.202976193937502 444.87122193648428947 -8361.567157017028876 8.1053904646181749172
88000 1740.5887063403031334 2248.7689417862870869 0.224876894178629 24270.9089314026387 453.35232836232370346 -8360.1036801779773668 8.1285315546982239709
89000 1699.8835891377059397 -3672.9590339086948916 -0.367295903390869 24326.288831822177599 442.75030641834655398 -8369.1913569719727093 8.1100265837522478307
90000 1721.4984973706175424 781.1291881165959694 0.0781129188116596 24310.151185935526883 448.3801079556274658 -8352.8108110187895363 8.1154102087300987733
91000 1682.041848909172586 -7377.0186693824916802 -0.737701866938249 24414.260901704205025 438.10326117142653857 -8358.6837536402836122 8.0808036706260448767
92000 1721.7906260719209968 9959.3571096885989391 0.99593571096886 24192.328100282844389 448.45619556118009541 -8345.4620456247503171 8.1549344193875530351
93000 1658.9790699128870983 174.45406759405511821 0.0174454067594055 24291.225130055940099 432.09634838474346452 -8358.0645941464390489 8.1217331795260889749
94000 1757.1140299110277283 1813.6788544677581285 0.181367885446776 24301.795994693944522 457.65650078998510253 -8353.0104739001035341 8.1182003648285459008
95000 1714.7126361369346341 -2043.6490764901957391 -0.20436490764902 24293.323816707554215 446.61266802049073021 -8370.6184687257464248 8.1210315475410865815
96000 1729.4524416757674317 -1790.6262238767583312 -0.179062622387676 24318.940412063828262 450.45178586395172715 -8366.1506685905405902 8.1124771789911438447
97000 1685.1732796645669623 -239.34733934289337753 -0.0239347339342893 24259.287035843230115 438.91887109632847341 -8373.9864210580781219 8.1324256899479721028
98000 1725.0945785680953577 551.78071070039925416 0.0551780710700399 24278.154545132416388 449.31674035931820299 -8365.7581970032406389 8.1261056619176930127
99000 1675.7243180105015199 130.32141371551531961 0.0130321413715515 24292.983799613604788 436.45780217701803849 -8359.5348722120252205 8.1211452136748736308
100000 1720.0992991511402579 2268.1511465879566458 0.226815114658796 24254.033965480310144 448.01567391768969628 -8364.6705990126283723 8.1341870548587049683
101000 1713.5396483363233529 -88.708339443843456706 -0.00887083394438434 24278.714222678354417 446.30715256551241055 -8365.2333456733795174 8.1259183373817549523
102000 1717.6238534641604474 1127.0918781978373318 0.112709187819784 24282.290417396714474 447.37092133378581593 -8360.7719487791291613 8.1247215859328409948
103000 1684.3804228938386132 -639.99399569171373514 -0.0639993995691714 24297.46701911900891 438.71236426231411087 -8361.4426623115032271 8.1196467497979796235
104000 1670.2499447342042913 1505.794429412574118 0.150579442941257 24291.732525561867078 435.03195133580925358 -8355.5639010054474056 8.1215635361747438026
105000 1689.763437292352819 -2269.4156737305429488 -0.226941567373054 24303.721376734225487 440.1144198440175046 -8368.2103624087649223 8.1175572272225995363
106000 1720.0761405464018026 -1216.9288037148623971 -0.121692880371486 24322.420629776082933 448.00964204620760256 -8359.519995722832391 8.1113163904660900982
107000 1699.5998578982184881 258.53786403788285497 0.0258537864037883 24265.712967576921073 442.67640600891479608 -8369.992183376729372 8.1302720993082608913
108000 1727.5059015340743827 -651.12808032553061821 -0.0651128080325531 24256.412003311881563 449.94479159111011768 -8378.6080330115819379 8.1333895995490372854
109000 1735.2661428362935112 -2785.1387271192634216 -0.278513872711926 24383.565639675809507 451.96601777176920223 -8346.3833826386726287 8.0909761937809978605
110000 1713.0335100268039241 4942.6987799551125136 0.494269877995511 24226.241902495432441 446.17532419028617596 -8357.9656858995458606 8.1435184996560145976
111000 1688.164652739979374 -7547.7777109415937957 -0.754777771094159 24428.655423281114054 439.69800171104446918 -8355.1037772730378492 8.0760420781118398281
112000 1710.2741974444118114 5916.324793619144657 0.591632479361914 24244.445777727731183 445.45663586411797041 -8351.1004486039091717 8.1374039612549822209
113000 1708.0588844182302637 -2710.0375322900954416 -0.27100375322901 24377.303686231010943 444.87963722290396618 -8347.5113584161699691 8.093054574429675796
114000 1737.4161255907040413 999.90283255706799537 0.0999902832557068 24276.488741330915218 452.52600054317315426 -8362.0907856686262676 8.1266632589345935145
115000 1657.3770735851335303 -2541.9171699000312401 -0.254191716990003 24315.18660869040832 431.6790937153494383 -8363.8512059857785061 8.1137295915138754054
116000 1756.6359695799544625 3863.4682529124174835 0.386346825291242 24243.368423936331965 457.531985582342827 -8362.0089300408290001 8.1377655802699848664
117000 1684.0889798492112277 -3020.3699476520901044 -0.302036994765209 24361.889463174775301 438.63645524234544837 -8351.6326841003192385 8.0981752014075265578
118000 1724.8119107211743994 851.39880755146396041 0.0851398807551464 24318.283754097210476 449.24311692025531784 -8350.3628961315116612 8.1126962373269400075
119000 1684.0037724062492543 -1347.5942422759510464 -0.134759424227595 24288.993559611666569 438.6142621805842623 -8369.7392448976024752 8.122479370168992574
120000 1694.4628574741029752 -534.28928872053427312 -0.0534289288720534 24326.035929146797571 441.33842702824705384 -8353.9286655297401012 8.1101108986577425952
121000 1705.1347276124324708 1075.3573923563280914 0.107535739235633 24331.119162669270736 444.11801370347285456 -8343.6072164266934124 8.108416542252868453
122000 1676.1803037413310449 3252.4504530711005827 0.32524504530711 24224.680484761120169 436.57656785211327133 -8366.3511359771327989 8.1440433955039939207
123000 1722.914893071619872 -2428.4294475144884018 -0.242842944751449 24349.909364361788903 448.74902123571064294 -8355.0694679402240581 8.1021594847847673293
124000 1691.7212244412453401 4412.4002454197425322 0.441240024541974 24186.612809129361267 440.62434350326867616 -8376.6578459269439918 8.1568614285521761076
125000 1737.4724374795387121 -9488.1102633346235962 -0.948811026333462 24490.747497861881129 452.54066749224887189 -8346.20838661574453 8.0555666635874239034
126000 1680.0068440169063706 3908.693102924285995 0.390869310292429 24230.049715909222869 437.57322544111468687 -8359.5957144180993055 8.1422387251882764048
127000 1717.3550249390091267 -679.41577884616481242 -0.0679415778846165 24289.46357102935508 447.30090247329133035 -8365.8695249267948384 8.1223221967496304075
128000 1694.961058440853094 -7053.2582504895999591 -0.70532582504896 24374.727883792449575 441.46818804958758165 -8370.5460084643436858 8.0939098089909649048
129000 1694.634579478974274 5153.7456892801901631 0.515374568928019 24284.687360571726458 441.38315360291448997 -8339.7492786075417825 8.1239196610134420951
130000 1682.9034652068396554 -761.21191747792670412 -0.0761211917477927 24316.997286012629047 438.32767705628168642 -8355.7557478613616695 8.1131254319625458749
131000 1726.9350734496490531 -511.60575013401518163 -0.0511605750134015 24258.277936604819843 449.79611416936990054 -8375.2910702301523997 8.132763983729237367
132000 1707.6945768197449524 2296.1259010772469082 0.229612590107725 24253.94514272295055 444.78474996009930464 -8361.3909074616349244 8.1342168438649409268
133000 1722.3150205885267496 -1621.4079568496276806 -0.162140795684963 24343.460385865691933 448.59277893335621457 -8353.9084193991293432 8.1043058785784634068
134000 1647.728742163682 606.47953210725540885 0.0606479532107255 24241.6452883146776 429.16609710748150519 -8371.0629901081247226 8.1383440258987889138
135000 1720.1002117118412116 -3040.1491566874706223 -0.304014915668747 24366.647397863293008 448.01591160251268775 -8354.5273334056200838 8.0965939174469010453
136000 1732.5923919983790711 1940.9673453710715876 0.194096734537107 24315.166648870064819 451.26961478844879139 -8348.8755959685986454 8.1137362519076656753
137000 1681.4161775621685138 -1900.4594546410696694 -0.190045945464107 24305.171518988903699 437.9402993178188126 -8364.9261372204637155 8.1170729017887808254
138000 1722.5963401544354383 -1651.0115167857011329 -0.16510115167857 24286.770962368744222 448.66605120023581321 -8369.4894496095039358 8.1232226966606777552
139000 1729.7353523193028195 245.69727575745704939 0.0245697275757457 24315.883314925413288 450.52547254162465151 -8353.8615545892425871 8.1134971144155798584
140000 1683.9969799654513736 -3636.0191256709331356 -0.363601912567093 24332.933275726758438 438.61249302694113794 -8365.6164262872953259 8.1078120288488264578
141000 1729.1996265255102116 3747.6767346959964016 0.3747676734696 24273.258449020671833 450.38593783414614791 -8351.4124816779294633 8.1277447576500794213
142000 1731.5985588720470787 -4314.7316304808682617 -0.431473163048087 24378.749465654887899 451.01076181520761565 -8356.8768028505401162 8.0925746165960514844
143000 1721.5686442430685474 -537.19990133485021033 -0.053719990133485 24373.591011904325569 448.39837835335964655 -8339.3199193091240886 8.0942873380355102597
144000 1707.2247381760980716 293.80731450550990758 0.029380731450551 24284.652039808388508 444.66237616652244924 -8364.2873998583090724 8.1239314768320607385
145000 1673.6369209096058057 835.6309898642709868 0.0835630989864271 24269.109274061218457 435.91412041437030211 -8363.8765193517720036 8.1291343197738665793
146000 1733.9423931377737063 5283.3941719735266815 0.528339417197353 24198.7981258826876 451.62123499465081977 -8368.4434716270952777 8.1527540369493838313
147000 1691.4550401138419602 -7739.2996147929343351 -0.773929961479293 24419.689773672929732 440.55501334838351113 -8357.2920856907112466 8.0790071839000123788
148000 1730.2951759316858897 3413.236725013582145 0.341323672501358 24235.361677662705915 450.67128374746641839 -8365.3448343785057659 8.140454090765601336
149000 1716.3177537199237577 -5017.3348400714394302 -0.501733484007144 24424.640418219401909 447.0307356495019917 -8343.8536977423427743 8.0773696452435164161
150000 1703.266023094756747 1665.3374143536991596 0.16653374143537 24287.516568335915508 443.63129243438527283 -8354.1248470829468715 8.122973320677825626
151000 1700.9149544840679482 -8099.2050935704000949 -0.80992050935704 24390.155598605630075 443.01893500329725839 -8369.4487940399230865 8.0887900986327476716
152000 1670.7420137703297769 10120.761930245234907 1.01207619302452 24176.057401219568419 435.16011523945286399 -8349.6935648410799331 8.1604227619082791989
153000 1676.1123051996498816 -3870.6558993452790673 -0.387065589934528 24320.779451877609972 436.55885700687787221 -8372.2450844644918106 8.1118637459985833971
154000 1682.875122742818121 3096.8820968749214444 0.309688209687492 24210.529469451998011 438.32029500099838515 -8371.627424139467621 8.1488035756939130039
155000 1702.6836314838619728 -764.68656030403303703 -0.0764686560304033 24344.645743602712173 443.47960318588212658 -8349.1351927216292097 8.1039112742873378181
156000 1728.7274483779362981 -1907.6523555916774058 -0.190765235559168 24328.619599693909549 450.26295469526633042 -8362.6897978048509685 8.10924961449910775
157000 1705.1477093197911472 -1126.8998707930074943 -0.112689987079301 24313.707371107993822 444.1213949084845467 -8363.147067633950428 8.114223228027720225
158000 1748.8057920098069644 -5198.4175605464060936 -0.519841756054641 24393.267574875040737 455.49254385783541466 -8359.2653045087463397 8.0877581695253439875
159000 1729.4024427754022781 8595.9552507382122712 0.859595525073821 24197.088212566712173 450.43876319075297943 -8353.1624019266200776 8.1533301600997063474
160000 1660.6042785896943315 -748.47619294054652528 -0.0748476192940546 24284.278654041845584 432.51964892382045491 -8368.5372218376269302 8.1240563872905937615
161000 1713.0509706287443805 3526.4376429577482668 0.352643764295775 24240.695648078362865 446.17987196456243737 -8359.122153208927557 8.1386628492137695901
162000 1681.7063564690613475 -2470.6621105793096831 -0.247066211057931 24374.201900847932848 438.01587908149434725 -8346.4906106845191971 8.0940844714694044626
163000 1655.8823163894289792 831.10167509489792792 0.0831101675094898 24224.783393764166249 431.28977046365844217 -8378.4060192006872967 8.144008798893862533
164000 1717.2079541864870862 -144.78311694608404991 -0.0144783116946084 24278.79725006069566 447.26259654389684783 -8365.2874064383468067 8.1258905487840866755
165000 1724.0051583722099622 -2606.4875857486281348 -0.260648758574863 24302.770093532057217 449.03299085515880051 -8371.7679624453321594 8.1178749727225216759
166000 1677.9151519044464749 -1265.8873946842954865 -0.12658873946843 24299.628741728087334 437.02842500322458363 -8365.6598442988088209 8.118924416788560805
167000 1685.4528494561852767 -1717.2471485459718679 -0.171724714854597 24347.13542706325461 438.99168761840991237 -8350.9644083150178631 8.1030825864967059857
168000 1678.4908808138025051 1277.9366366358517553 0.127793663663585 24244.565170954512723 437.17837888986724693 -8370.4904792187226121 8.1373638883186476534
169000 1716.1968334177768156 779.7973715611743728 0.0779797371561174 24223.783429100607464 446.99924084528720414 -8383.9943746219996683 8.1443449858913403716
170000 1710.5098701346255439 -5419.2179927703627982 -0.541921799277036 24363.235101800972188 445.51801898262874602 -8365.3194006656449346 8.097727920194371265
171000 1714.8374041239424059 3382.1862599149776543 0.338218625991498 24249.732686912619101 446.64516498959608271 -8359.6515761406772071 8.1356298503276853751
172000 1744.8442969472262121 505.79206824800189679 0.0505792068248002 24282.20431048914179 454.46073605403040574 -8362.698449398867524 8.124750396935406016
173000 1635.5543752809219313 -3928.1295674840653191 -0.392812956748407 24375.879714058297395 425.99517134395574658 -8351.6487546035750711 8.093527348526095011
174000 1735.1992573152315344 6064.2367382263437321 0.606423673822634 24171.087581975458306 451.9485968229852233 -8373.4867840222577797 8.1621006270827223261
175000 1699.7676225395507572 -7669.9218108580380431 -0.766992181085804 24335.723574206363992 442.72010185187173192 -8383.3817248803225084 8.1068823989774134731
176000 1771.418277391500169 96.254928422656007569 0.0096254928422656 24258.952824459534895 461.38217353342025717 -8375.2806960027864989 8.1325377289655804702
177000 1679.1902215627151236 -537.33505963408561001 -0.0537335059634086 24301.919524726454256 437.3605286163841015 -8359.536976748779125 8.118159098888463987
178000 1671.5887355410839064 1252.2610064524426434 0.125226100645244 24273.234970086879912 435.38065170786046565 -8363.1091118663662201 8.1277526194279303695
179000 1740.2796063186231095 3704.3785068550619144 0.370437850685506 24213.659407537947118 453.27182042037566134 -8370.6752274635036883 8.1477502342622347697
180000 1707.5710428491277071 -2852.25555855561106 -0.285225555855561 24321.246869949423854 444.75257440190614489 -8367.6065040754092479 8.1117078480821955822
181000 1708.252387358034639 5085.6047663017589002 0.508560476630176 24227.565321604135534 444.9300368422889278 -8355.9211177457473241 8.143073663872829826
182000 1669.3905810483531695 -3520.355659574337551 -0.352035565957434 24331.434875675720832 434.80812216440796192 -8365.2624182621511864 8.1083113313363242014
183000 1708.2997949823720774 1715.2795838150268537 0.171527958381503 24271.313151261158055 444.9423845938267732 -8360.9184890440028539 8.1283961803221220777
184000 1688.3943429013991135 245.0281622747578183 0.0245028162274758 24274.368854059106525 439.7578266249383887 -8365.9661122915858869 8.1273729626598889553
185000 1732.2014139354898816 -2765.1330754230484672 -0.276513307542305 24339.559485339665116 451.16778095803050519 -8362.7961900213140325 8.1056047554576391434
186000 1723.3783316351450594 3676.0085780684871679 0.367600857806849 24195.018636855482328 448.86972806958914362 -8374.6253989829674538 8.1540275736590110967
187000 1703.1182349331722889 -3162.7399476924961164 -0.31627399476925 24346.069052836366609 443.59279964920597195 -8360.1150792660191655 8.103437506973182991
188000 1690.2127529246886297 5086.6345832166189211 0.508663458321662 24189.32843922981192 440.23144823064728826 -8370.895995851024054 8.1559456933974683324
189000 1642.9685747180319595 -8878.5721198144510709 -0.887857211981445 24380.979541574492032 427.92626773996977363 -8373.9472397980898677 8.0918344061484237528
190000 1712.7593847370665117 7926.3080525785371719 0.792630805257854 24187.040265818264743 446.10392573876640654 -8359.7120948264619074 8.1567172726348022849
191000 1707.5680141709542568 -3907.7821038679821868 -0.390778210386798 24344.920369280771411 444.75178555483574883 -8364.9931601501302794 8.1038198571828718997
192000 1698.8050971833292806 -513.90844947159996536 -0.05139084494716 24265.504226079436194 442.46940327514232649 -8372.1288651682971249 8.1303420391354794816
193000 1717.5720930332108765 -2667.8551290563814291 -0.266785512905638 24344.601336435334815 447.35743985375410148 -8361.5490256865323317 8.1039260566918400741
194000 1717.9433611735425984 -3740.525008608020471 -0.374052500860802 24267.204830762671918 447.45414005366518495 -8387.50374689525961 8.1297722785122648048
195000 1737.8090088911351359 3839.1966105652177248 0.383919661056522 24226.993188491189358 452.62833061022246284 -8366.9266464175307192 8.1432659668155835675
196000 1686.9407130448562384 -5891.4439216466516882 -0.589144392164665 24346.75425749461283 439.37921536678175016 -8370.3779367464630923 8.1032094472873268387
197000 1688.58192937398303 964.11805116914604241 0.0964118051169146 24290.361218406011176 439.80668524605056291 -8355.2943729359558347 8.1220220373099785149
198000 1673.688657434579909 71.686314394351285273 0.00716863143943513 24264.028454701958253 435.92759566787100312 -8368.7508161680052581 8.1308365376517865997
199000 1694.6098968982448696 -1543.8176604402224257 -0.154381766044022 24285.083260015740962 441.37672479787693192 -8370.6841308391649363 8.1237872235314458891
200000 1724.2089001963363444 3918.7836267486031829 0.39187836267486 24244.353932972924667 449.08605728608301888 -8360.1927191861104802 8.1374347881383730652
201000 1664.6094510055916089 66.532108940773042605 0.0066532108940773 24296.759797094669921 433.56283289578664153 -8358.4049799045060354 8.1198830937820858367
202000 1705.5857490544262873 3218.3859024049488653 0.321838590240495 24159.439048277665279 444.23548638390815313 -8387.303409187534271 8.1660360042249386936
203000 1734.7177876680918871 -6629.814186812405751 -0.662981418681241 24398.516219755783823 451.8231936276344527 -8362.2815614308037766 8.0860183190307139967
204000 1714.2692223374417608 3828.8461241283521304 0.382884612412835 24237.308276101884985 446.49717682047560174 -8364.713915157077281 8.1398002972400682609
205000 1736.2856014911724287 -2769.7846686699194834 -0.276978466866992 24291.694826493188884 452.23154514947475491 -8378.7687247173162177 8.1215761402924773193
206000 1679.3205147361707077 5872.7513811566341246 0.587275138115663 24187.110799668578693 437.394464671088258 -8363.8158629152057983 8.1566934862189732769
207000 1732.3677696821960126 -4208.4356460690651147 -0.420843564606907 24377.554040626771894 451.21110984143126643 -8357.9147280408560619 8.0929714597831257095
208000 1697.1500686337244588 -330.07102569609162401 -0.0330071025696092 24260.503828410153801 442.03833587608573907 -8372.460096276805416 8.1320178057918734993
209000 1727.5786382718447385 5148.6334271082096166 0.514863342710821 24180.873073431677767 449.96373654307126344 -8372.1004221001148835 8.1587975963894727727
210000 1719.9506843051321994 -4331.1126135896438427 -0.433111261358964 24349.645865595110081 447.97696581495324608 -8365.0192665572576516 8.1022471619954927746
211000 1654.0191544485014674 -2428.7828006970084971 -0.242878280069701 24222.698657375218318 430.80449280963330239 -8392.7477148509406106 8.1447097163157859967
212000 1691.5841483911806336 7837.1960837358710705 0.783719608373587 24148.983435127851408 440.58864078600225866 -8371.4658061885656934 8.1695715946011127073
213000 1685.0571373956795469 -6012.1409949454719026 -0.601214099494547 24393.885299529989425 438.88862077479672053 -8356.1108632922041579 8.0875533637896754868
214000 1708.4470503089503381 3176.7486882486741706 0.317674868824867 24260.397668071378575 444.98073859723081114 -8357.8290922697487986 8.1320533904420919669
215000 1696.2428326161689256 362.47539580495407563 0.0362475395804954 24252.052688953303004 441.80203791584114015 -8373.8128835522529698 8.1348515789748603311
216000 1717.0236792709367819 603.79563833985912424 0.0603795638339859 24239.122207967004215 447.21460044825454361 -8376.4258092566815321 8.1391911562403151947
217000 1757.90232322368729 -5202.3122612144279628 -0.520231226121443 24394.247267482442112 457.8618190293973953 -8359.288524131221493 8.0874333586466864432
218000 1725.5514878018207128 2148.1971989623275476 0.214819719896233 24202.090013607288711 449.43574656923163957 -8383.3398096762812202 8.1516451264825260381
219000 1728.2415161922108382 1237.139157761909928 0.123713915776191 24310.159796521940734 450.13638919072047884 -8349.9777342510951712 8.1154073342759005527
220000 1740.3704110539415524 -8338.8246069988890667 -0.833882460699889 24373.898001390527497 453.29547134838236389 -8379.4875613686381257 8.0941853904064959835
221000 1678.2305818070674377 8739.628920790471966 0.873962892079047 24115.512781408429873 437.11058162084907508 -8378.2673290279853973 8.1809103915140148899
222000 1694.4463573423731759 -5044.6012546571801067 -0.504460125465718 24342.737385665473994 441.33412941726595591 -8368.6319117744114919 8.1045465834211452005
223000 1735.2136064002027069 570.88145621960529752 0.0570881456219605 24323.485468715312891 451.95233417406524268 -8349.4008237801353971 8.1109612914589135357
224000 1671.1469667750343433 4829.4629193131022475 0.48294629193131 24189.253765390214539 435.26558897192705899 -8369.9451060829887865 8.1559708713457581553
225000 1716.672999233719338 -3142.3097974942575092 -0.314230979749426 24301.609171178628458 447.123262609048993 -8374.4342473384076584 8.1182627751290130647
226000 1696.0755755145303283 2330.9317346468278629 0.233093173464683 24282.954919891952159 441.75847426626279457 -8350.3159322189949307 8.1244992531160669103
227000 1693.8363819342421266 -3507.4701223641100114 -0.350747012236411 24331.896287600677169 441.17525571521753136 -8366.0527281890936138 8.1081575713705866804
228000 1683.8883802111736259 9035.8876572216358909 0.903588765722164 24118.123852381082543 438.58420722267157998 -8373.7510511508480704 8.180024711608567145
229000 1723.9507998232656973 -4342.7588095161418096 -0.434275880951614 24376.317351284185861 449.01883267141295164 -8358.4241239455113828 8.0933820423748255024
230000 1678.1692619895356984 1788.7561083118869192 0.178875610831189 24233.987665890992503 437.09461031071043635 -8369.8042078984617547 8.1409156359269694292
231000 1697.2914634874632611 -697.02600615432868381 -0.0697026006154329 24280.5782806934767 442.07516346546822206 -8368.2238788946706336 8.1252944979067684983
232000 1703.9463746657179399 3104.0910365710315091 0.310409103657103 24175.47060978780064 443.80849625495284272 -8384.5648552560960525 8.16062083317785536
233000 1732.133693986339722 -5785.5188019497918503 -0.578551880194979 24399.068086012321146 451.15014267478073862 -8356.1957690853068925 8.0858354267725225384
234000 1674.5860494306405144 6194.5048268834143528 0.619450482688341 24180.980263798504893 436.1613296622292637 -8365.181180398696597 8.1587614297619133197
235000 1714.1368397932669723 -136.56536681538435118 -0.0136565366815384 24325.977757073160319 446.4626965699617358 -8350.2422649986037868 8.1101302928203580223
236000 1738.6396420567357382 -2506.7609379307905328 -0.250676093793079 24271.87008144243373 452.84467665352860877 -8382.4645048473466886 8.128209670212147131
237000 1730.4679074392136044 -344.33284839357014562 -0.034433284839357 24294.02677453474098 450.7162732563803047 -8366.2818761169837671 8.1207965620961388709
238000 1728.3718074148864616 1370.823623787533279 0.137082362378753 24252.396576892322628 450.17032473732604103 -8367.7231801305842964 8.1347362304840480363
239000 1667.8835376478309627 781.17702503749046627 0.0781177025037491 24254.394478568854538 434.41559885773529004 -8369.8725905926621635 8.1340661497212654041
240000 1694.8809208212728663 4549.9314653503060981 0.454993146535031 24227.658764834392059 441.4473154699289239 -8360.9380357948793971 8.1430422569954767908
241000 1696.2928191887119738 -7238.0782605388722004 -0.723807826053887 24416.953844579627912 441.81505737814529766 -8356.4768602704298246 8.0799124397701813649
242000 1661.6112465616358804 3190.8159175651239821 0.319081591756512 24211.760703375945013 432.78192298833846507 -8369.2677328644367662 8.1483891868551623361
243000 1718.9181098028288943 965.98080175636221156 0.0965980801756362 24253.798502000277949 447.70802229422281471 -8368.830012374502985 8.1342660240969060226
244000 1653.7847285846969498 2045.6027978885645098 0.204560279788856 24224.481377415879251 430.743434438521831 -8369.9575867797429964 8.1441103335256883611
245000 1686.5245572744081528 -961.14956408212685801 -0.0961149564082127 24342.610211007693579 439.27082377099191035 -8348.1851047735945031 8.1045889245229929543
246000 1736.0382980404765476 -2724.8054728623847041 -0.272480547286238 24307.602120766990993 452.1671326924844152 -8373.0535779425990768 8.1162612474046937905
247000 1673.0267671295457603 5277.0298492089486899 0.527702984920895 24193.085585341737897 435.75520025371338306 -8365.8362058028633328 8.1546790885428315221
248000 1704.148621258464118 -2171.6957459144146014 -0.217169574591441 24369.270968330281903 443.86117323911963695 -8347.8160946171828982 8.0957222465334535144
249000 1715.5006718117761011 6455.9669260163054787 0.645596692601631 24212.119234734116617 446.81791915576502561 -8356.6473239313236263 8.1482685260813667583
250000 1662.6365865406794455 -3069.3785083831280645 -0.306937850838313 24290.034646070169401 433.04898221098488875 -8376.378364958887687 8.1221312354954537938
250000 1662.6365865406794455 -3069.3785083831030533 -0.30693785083831 24290.034646070169401 433.04898221098488875 -8376.378364958884049 8.1221312354954537938
251000 1759.6018636177343524 -1350.0393174746452587 -0.135003931747465 24328.671909405256883 458.30447994749965801 -8359.8861148273899744 8.1092321785902274911
252000 1707.5283449777916758 2909.7259989777753617 0.290972599897778 24259.521540325116803 444.74145334883036185 -8357.7784114325531846 8.1323470779164139799
253000 1683.108302554558577 -950.43397272389654518 -0.0950433972723897 24294.100920839395258 438.38102882639583413 -8367.4094978387820447 8.1207717771881533508
254000 1721.445913286490395 1203.9577556295905651 0.120395775562959 24299.056399949793558 448.3664119475544112 -8355.6825945138280076 8.1191156505369868057
255000 1676.2315486407264871 -1731.055678472711179 -0.173105567847271 24300.319775867170392 436.5899150572128633 -8365.9912057820401969 8.1186935369484451996
256000 1747.1294735459589447 -1434.6255849380759173 -0.143462558493808 24329.850285886779602 455.05593130491354259 -8359.5162683023045247 8.1088394212008410022
257000 1714.2061118235797039 3569.5917586727455273 0.356959175867275 24207.665660796756129 446.48073910701731393 -8373.3851412335206987 8.1497675932302140467
258000 1718.8284230280708016 -3283.0053185419319561 -0.328300531854193 24312.869336669569748 447.68466254932053516 -8371.4168640791285725 8.1145029152341940915
259000 1739.8858924537721578 3805.9997620417384496 0.380599976204174 24232.471823956537264 453.16927402518848567 -8363.7048946883842291 8.1414248840711707089
260000 1668.5873066785622996 -7650.4177468781408606 -0.765041774687814 24394.716132941059186 434.59890197095734266 -8364.0021249335914035 8.0872779185042364958
261000 1733.5456730346945733 4652.1120995889687038 0.465211209958897 24218.748772354414541 451.51790559708325645 -8364.1044297801381617 8.1460380535973548888
262000 1688.903493988498667 -3613.5307582853492931 -0.361353075828535 24390.6864272501698 439.8904397057793858 -8344.4004577848900226 8.0886140576059055718
263000 1693.5593477285174231 3144.8876830494036767 0.31448876830494 24218.739493466542626 441.10309960978958088 -8369.8684293640017131 8.1460411745762026925
264000 1728.0173539391685154 -6164.4439716036185928 -0.616444397160362 24338.931918108170066 450.0780040713769381 -8377.0725439292546071 8.1058137544372605987
265000 1713.3016737554994506 4038.1122451592082143 0.403811224515921 24254.398193821103632 446.24516989843283454 -8356.4684582627014606 8.1340649037572418933
266000 1696.0448635968066355 -1909.3092566112652548 -0.190930925661127 24300.741692520929064 441.75047506498236771 -8367.2210082432102354 8.1185525777936451419
267000 1714.5475669127324636 962.09780199018564417 0.0962097801990186 24329.628716214163433 446.56967422370206577 -8347.3770355519445729 8.1089132683160940473
268000 1715.8119057103272098 59.638329170388253431 0.00596383291703883 24268.034419537107169 446.89898288555912131 -8369.2001248290034709 8.1294943669309489565
269000 1692.3486872065961961 1158.1427015541087258 0.115814270155411 24289.427976196893724 440.78777194825181596 -8357.7224695333570708 8.1223340995699881972
270000 1717.0875415476614307 -1736.843144050337969 -0.173684314405034 24290.037530836492806 447.23123396526068518 -8373.654620018962305 8.122130270883907599
271000 1694.0893663857455067 -968.55871510424356075 -0.0968558715104244 24322.062252459199954 441.24114784108888898 -8355.7216655452466512 8.1114359079549522846
272000 1664.4115337355995052 -1422.9996835984109111 -0.142299968359841 24262.528135782427853 433.51128352352702677 -8375.665249382458569 8.1313393231744139911
273000 1689.9400983850891862 312.59592301762342004 0.0312595923017623 24286.167410013091285 440.16043284952036174 -8361.3677165237313602 8.1234245724902933716
274000 1707.8691323507530342 3701.4786933211998985 0.37014786933212 24237.330840150611039 444.83021455269533817 -8363.2132153678976465 8.1397927193903552023
275000 1678.5904834905741154 -6969.1980951281148009 -0.696919809512812 24355.994988294878567 437.20432132259765012 -8373.120384792189725 8.1001350675645298338
276000 1740.9891835635123698 2920.2978542897144507 0.292029785428971 24220.381934511857253 453.45663633636524992 -8371.772218599315238 8.145488772371393793
277000 1690.8324571205253051 -5263.083008589864221 -0.526308300858986 24341.418634221718094 440.39285588488240819 -8370.6963195152802655 8.1049856655744267897
278000 1712.7317492395691261 829.75579874211962306 0.082975579874212 24284.933688061923021 446.09672781941287667 -8360.6676316362136276 8.1238372582872759864
279000 1670.3371258045679042 1552.3893213231272057 0.155238932132313 24229.713389184107655 435.05465844696914246 -8370.6689437118729984 8.1423517456124798741
280000 1709.2719722389338131 -1099.4151189291158062 -0.109941511892912 24306.47993567568119 445.1955970967217695 -8359.8215815406510956 8.1166359601312230154
281000 1732.5589001689065753 -6703.3668738412316088 -0.670336687384123 24407.213982718629268 451.26089153359993134 -8356.6674758245553676 8.083136782829903666
282000 1749.0246297029370908 5949.6573900917164792 0.594965739009172 24187.902921407225222 455.5495421466055177 -8367.9468106203676143 8.1564263653260660192
283000 1662.8632063987042784 -4484.2272933881922654 -0.448422729338819 24372.904681414474908 433.10800743613685881 -8355.3863241537983413 8.0945152696778936985
284000 1729.6851298996448349 1215.7230775249477119 0.121572307752495 24253.541224236123526 450.51239165077146254 -8371.0392468144127633 8.1343523111160411787
285000 1728.9469816812998033 -557.34631155470719932 -0.0557346311554707 24281.597210631043708 450.32013416211589174 -8370.146983422779158 8.1249535357474975683
286000 1675.4677482988231532 -3751.6533154939843371 -0.375165331549398 24335.927925526342733 436.39097623717776742 -8364.6098336073609971 8.1068143246420429904
287000 1702.8893500458648305 8702.5209927739324485 0.870252099277393 24154.692660347700439 443.53318447635678012 -8366.7452190654421429 8.1676406271970094508
288000 1625.0278042824245404 -3362.543398572062415 -0.336254339857206 24334.257876662886702 423.25342916531434412 -8360.7303313771335525 8.1073706915597334444
289000 1771.9107880754274902 2357.2315036928434893 0.235723150369284 24235.37224977950973 461.51045246829352209 -8369.2386047998552385 8.1404505396820621144
290000 1653.9721797563663586 888.75214202175425271 0.0888752142021754 24273.043742127658334 430.7922578192670926 -8359.9130426381161669 8.1278166515107201917
291000 1715.5640333468825247 2611.1398803162824152 0.261113988031628 24284.981681810368173 446.83442225001380166 -8351.3459461878555885 8.1238212033687720037
292000 1688.235375874076226 -5543.9174299517471809 -0.554391742995175 24389.607544427355606 439.71642220141939106 -8356.3999641159171006 8.0889718602786722101
293000 1772.6552171818495935 7595.885208772842816 0.759588520877284 24186.236761107404163 461.70434587198377585 -8361.5619540299630899 8.1569882515728835415
294000 1702.79552182628845 -6926.6579124408481221 -0.692665791244085 24393.681314663950616 443.50874605408267826 -8362.5127316229336429 8.0876209935364204995
295000 1766.3500129784829369 1870.6755936263691638 0.187067559362637 24254.685973882635153 460.06209747867649185 -8366.8783791983478295 8.1339683936766320471
296000 1712.5451533273651421 203.84550360583273232 0.0203845503605833 24261.978718252870749 446.04812719885705974 -8369.848010156341843 8.1315234590363250078
297000 1713.3863856625175686 -3324.3293520310689928 -0.332432935203107 24300.630547252680117 446.26723389330237524 -8376.146272529669659 8.1185897101101200946
298000 1741.888861907946648 2838.5902912894098336 0.283859029128941 24292.795725537758699 453.69096583117396904 -8350.6530389972722332 8.1212080873308387652
299000 1663.0309271862636251 -12805.427015512133949 -1.28054270155121 24465.081962989392196 433.15169185697550347 -8364.7053895322715107 8.0640175008842174265
300000 1754.8437068550258573 7467.9380465803833431 0.746793804658038 24188.281085960028577 457.06517428084259791 -8362.5364211485066335 8.1562988460816043812
