step temp press pressGiga vol ke pe density
150000 1522.7230217663748135 6305.9313773230296647 0.630593137732303 25202.991720745998464 402.90568491037248577 -8284.4972224958055449 7.9521664974636552259
151000 1465.7244402934354639 649.4392026197880341 0.0649439202619788 25353.117405986478843 387.82411578781824346 -8266.9459746450265811 7.9050786216233355219
152000 1524.8965946680057186 -3787.9365788270170015 -0.378793657882702 25424.478000109400455 403.48080255561461627 -8270.2490719580237055 7.8828909052413109748
153000 1519.4699952988878522 -1409.8822541692281902 -0.140988225416923 25365.191888218290842 402.04494869099494281 -8271.333062902889651 7.9013156013482079842
154000 1506.8620917362043201 3204.5891288972820803 0.320458912889728 25298.404723822466622 398.7089539318729976 -8271.7341504158339376 7.9221748796217354993
155000 1513.6247566949466545 -363.53654040259829117 -0.0363536540402598 25394.223263196614425 400.49832476167807727 -8264.1753300921900518 7.8922825998790404611
156000 1467.5686173408689683 -2860.9884030447660734 -0.286098840304477 25396.771027995426266 388.31207676678224061 -8268.5844748049930786 7.8914908582923608549
157000 1532.5828664978771485 4180.2955211911103106 0.418029552119111 25256.230749716094579 405.5145556228200121 -8281.9545901294986834 7.9354036785486332661
158000 1501.4828116239887095 579.96865709608027828 0.057996865709608 25313.733593358148937 397.285620530488643 -8276.4002308672861545 7.9173775633854441836
159000 1548.1126252720721368 2446.5566441742557799 0.244655664417426 25313.053108257678105 409.62366017169040333 -8273.269884237102815 7.9175904044616922661
160000 1489.520953004750254 -1561.4563577306498701 -0.156145635773065 25355.312105402736051 394.12056636706330437 -8275.4009264104024624 7.9043943756016652458
161000 1522.6126377570014938 -1536.4561487954345012 -0.153645614879543 25380.756802228464949 402.87647779636427003 -8271.4877932527761004 7.8964700682200774651
162000 1493.0010971730514484 -3816.3346192015101224 -0.381633461920151 25403.270647004716011 395.04139691186566097 -8275.7241115380275005 7.8894717606451756353
163000 1580.8436674846927872 -977.553518619811598 -0.0977553518619812 25400.605500142781239 418.28414720183235431 -8267.2219529164030973 7.8902995598448866232
164000 1565.3547315678474661 1172.757815323984687 0.117275781532398 25364.395977797532396 414.18584419800026808 -8267.3446731490294042 7.9015635370542396387
165000 1452.9282994092804984 -7915.5562750214467087 -0.791555627502145 25467.010738337070507 384.43831427733766759 -8268.8766320595932484 7.8697256013587795209
166000 1520.430753858059461 2197.5964619521214445 0.219759646195212 25306.081640878754115 402.29916109849335726 -8276.4314507881535974 7.9197715885741786224
167000 1476.4948303152989411 737.78670110133316484 0.0737786701101333 25328.249873209137149 390.67391270195230391 -8271.0310228061098314 7.9128399080412581412
168000 1521.4110356620033144 1368.7166001733523899 0.136871660017335 25340.95677359389083 402.55853926903222373 -8271.5993053270358359 7.9088721151370551254
169000 1533.2419921988964688 2674.4326499091148435 0.267443264990911 25332.210012808282045 405.68895732832726253 -8270.4516588308761129 7.9116029077698373229
170000 1485.2451720821743493 -6256.9259464189372011 -0.625692594641894 25475.691170036167023 392.98921390406661658 -8264.2541916534319171 7.8670441190344222449
171000 1533.4281101846120237 3536.3449024915748851 0.353634490249157 25301.577810396243876 405.7382033129462684 -8271.9888966923335829 7.9211813547540765867
172000 1547.8359515758611451 830.51488153206980769 0.083051488153207 25400.779145399945264 409.55045355205237456 -8256.8037519070621784 7.8902456200390123087
173000 1518.8742548030431863 -253.82248478225261579 -0.0253822484782253 25378.215321563140606 401.88731842660928351 -8269.0868433648774953 7.8972608537717166044
174000 1555.6748926121076693 -2570.1617879662885571 -0.257016178796629 25340.953531037739594 411.62460220682032741 -8290.4352497118452447 7.9088731271337779916
175000 1507.9404598753710616 -3971.2683235561648871 -0.397126832355616 25342.318999200771941 398.9942853069726425 -8291.3400773477496841 7.9084469895549354135
176000 1497.8947027482736303 6946.362161028261653 0.694636216102826 25191.184610318756313 396.33622300813033235 -8282.6087831884742627 7.9558936785956175797
177000 1533.2295398980661503 -6280.7238279393041012 -0.62807238279393 25456.589850980315532 405.68566250535354811 -8271.1932396055017307 7.8729471453479940024
178000 1492.683802859771049 2488.352523217826274 0.248835252321783 25348.024068980030279 394.95744225906076963 -8261.629266962489055 7.9066670385103021701
179000 1520.896045119390692 3640.9009359777828649 0.364090093597778 25358.383042170262343 402.4222750802547921 -8254.8244227461946139 7.9034371420401754449
180000 1500.9412079429544065 -4453.8140145473889788 -0.445381401454739 25390.626680920682702 397.14231462459645172 -8277.4916572737292881 7.8934005417113590752
181000 1502.3884652337328589 -1507.9265360137057996 -0.150792653601371 25376.978333311795723 397.52525241541428613 -8266.4196143949575344 7.8976458018441633158
182000 1477.4443039631082684 -1973.2296041519300616 -0.197322960415193 25361.786730641193572 390.92513917249664246 -8274.7247912488710426 7.9023764581787903083
183000 1504.1439087763926636 573.06760173665122693 0.0573067601736651 25334.363351269304985 397.9897349068239123 -8271.7505357962254493 7.9109304472626034155
184000 1519.9499332434618282 8447.9631738131993188 0.84479631738132 25265.544011202240654 402.1719381194785683 -8257.6918388361118559 7.9324785687855623451
185000 1462.7113347205370246 -9633.9938304783499916 -0.963399383047835 25547.748884161872411 387.02686156153902175 -8260.1125864942314365 7.8448550322888923603
186000 1531.3732429642791431 -325.23193886449985257 -0.03252319388645 25354.107685891220171 405.19449465879608852 -8271.6479630668327445 7.904769865322330169
187000 1503.9624770676596199 -2542.5661043801128471 -0.254256610438011 25404.696713763645675 397.94172889008507354 -8271.2108120671036886 7.8890288931884153811
188000 1495.1079333707980368 3049.9672436540527087 0.304996724365405 25288.707861576018331 395.59885632445298143 -8272.8657895534106501 7.9252126085132417188
189000 1509.3123999300999003 -8272.6770878101579001 -0.827267708781016 25486.489810812086944 399.35729449479282493 -8271.5721925650577759 7.8637108477977646359
190000 1507.789011794502585 3261.2261992818048384 0.32612261992818 25301.636284999050986 398.95421282374462635 -8268.0093386929293047 7.9211630481146055871
191000 1519.2295075548995555 -17.961331083888588012 -0.00179613310838886 25286.659997811031644 401.98131671208665239 -8288.1379825908297789 7.9258544392545173807
192000 1505.6432342535972566 -1434.0484706152165018 -0.143404847061522 25306.551437757589156 398.38644970633873754 -8291.5516628520163067 7.9196245640385543041
193000 1503.1446492779837172 969.55497612962767562 0.0969554976129628 25328.549288295784208 397.72533532341009277 -8274.8313644374411524 7.9127463683908141334
194000 1529.8778641377082295 -4068.0587045122392738 -0.406805870451224 25385.885739428656962 404.79882412534533387 -8281.5919709211375448 7.8948746738541366597
195000 1497.1164523888771782 -2512.2043010411071009 -0.251220430104111 25371.335487577915046 396.13030145207437727 -8277.7779293769435753 7.8994023194284448408
196000 1568.3607434825255496 6258.2841913003539958 0.625828419130035 25228.84801401121149 414.98122147411658034 -8282.2074904969522322 7.9440165593872897887
197000 1521.7464743106777405 -3646.8842197842554924 -0.364688421978426 25341.153228083112481 402.64729483163796431 -8288.8570594604552753 7.9088108024802190599
198000 1543.5089454175742958 -3889.9928524635861322 -0.388999285246359 25405.574868015351967 408.40554712133877047 -8272.9869922247253271 7.8887562056267137578
199000 1473.4139864694780044 2945.7724554582064229 0.294577245545821 25314.901275696596713 389.85873523234101867 -8266.0495518288207677 7.9170123641754246435
200000 1515.6442459085935752 3126.4183126696470936 0.312641831266965 25305.990183758629428 401.03267255386532497 -8273.0432925032273488 7.9198002110266605413
