step temp press pressGiga vol ke pe density
250000 408.59825415611197741 1221.1403490503557805 0.122114034905036 23204.610421492408932 108.1132662281431891 -8861.2741653530356416 8.6370071618157968629
251000 407.6072850435126611 -4012.4611158706534297 -0.401246111587065 23292.154084559297189 107.85106024364726807 -8854.749753325839265 8.604544932597523399
252000 401.13897699660554963 1120.0379814999830614 0.112003798149998 23225.285761878476478 106.13957493305726132 -8855.5847951921823551 8.6293184270110536715
253000 397.31499943223025184 868.94850006257138375 0.0868948500062571 23216.284789682198607 105.12776761312241547 -8860.0576449221771327 8.6326640206724860604
254000 397.40422753984040583 -1271.2081282710405503 -0.127120812827104 23256.908109314605099 105.15137697036993814 -8854.9939691695326474 8.6175851689118552201
255000 386.12415524392559973 1941.9303187216680726 0.194193031872167 23210.588025773857225 102.16672041152180839 -8857.2730654636143299 8.6347828058049955757
256000 396.70238322107564954 1432.0514073458432449 0.143205140734584 23217.601902594546118 104.96567211012271059 -8857.8800225569902977 8.6321742976900139865
257000 408.40422159796531787 -2895.2589538272882237 -0.289525895382729 23275.625475050233945 108.06192608314142944 -8854.8593215555956704 8.6106552372742566348
258000 395.79063585670479597 -459.87990092775106632 -0.0459879900927751 23240.413303046989313 104.72442784504229962 -8857.8831092383879877 8.6237014714062372178
259000 389.49232664621450795 942.69232592870980625 0.094269232592871 23220.423366992141382 103.05792346443193708 -8857.2338293274333409 8.6311254204981633364
260000 404.39136202466534087 23.16209367527313745 0.00231620936752731 23238.123495804298727 107.00014143043810577 -8856.3337515111161338 8.624551222208689083
261000 394.96234251493945067 -977.1861178607346119 -0.0977186117860735 23250.383444373943348 104.50526514020346269 -8856.4465662760703708 8.6200034884186838013
262000 402.83016082704506289 3647.6908990790730059 0.364769089907907 23196.116347437724471 106.58705459270157689 -8854.5736960931899375 8.6401699058434804357
263000 393.40987118556734004 -360.8843310015544148 -0.0360884331001554 23237.198293619279866 104.09448818646778534 -8856.2251732968470606 8.6248946135906781052
264000 401.49162612317599041 -2419.7913961930285041 -0.241979139619303 23263.793906118469749 106.23288431095652129 -8857.893685909708438 8.6150344697158178775
265000 405.6670675968928208 1622.7120636005781762 0.162271206360058 23208.323903735097701 107.33768740562541666 -8859.0091307963048166 8.6356251846916229908
266000 393.45399425774303381 -152.91987546652302399 -0.0152919875466523 23233.701261338694167 104.10616295355357863 -8856.6974765201775881 8.6261927939598361803
267000 398.80489919758946371 -897.95131765842052118 -0.0897951317658421 23244.47079756220046 105.52198841154017828 -8857.190389658408094 8.6221961404513702831
268000 424.6027352147309557 1726.3327983250126181 0.172633279832501 23222.606485846834403 112.34798016520436192 -8854.5003799079695455 8.6303140226624286413
269000 393.67145771484882744 751.46778349820920084 0.0751467783498209 23227.892662362271949 104.16370280937485404 -8856.0837344173487509 8.6283499459392150044
270000 396.03007756431713915 -3415.6494268632800413 -0.341564942686328 23271.407071841840661 104.78778304741504712 -8858.7567115579586243 8.6122160889910066572
271000 409.69977706367012615 1141.2432150769682266 0.114124321507697 23226.4229739503171 108.40472425115210342 -8854.1656999445367546 8.6288959183407367703
272000 402.38469943673447915 -186.71576146737328372 -0.0186715761467373 23240.77152826603924 106.46918750591122205 -8856.1871576723879116 8.6235685486525817112
273000 394.43837317366308071 113.1440460728993429 0.0113144046072899 23245.402841240880662 104.36662520155323364 -8853.3165226459968835 8.6218504263562465439
274000 406.55017385441885835 2081.2539579591757501 0.208125395795918 23201.202763899236743 107.57135336223807087 -8860.1238796359248227 8.6382757151462747913
275000 413.01073523528361875 -2340.8254209005299344 -0.234082542090053 23266.972587728752842 109.2807889397230241 -8856.8723289731060504 8.6138575030289157297
276000 397.24662403682333434 -2577.0861813587330289 -0.257708618135873 23270.608143192774151 105.10967579003728645 -8855.2126097596701584 8.6125117643821749169
277000 389.83055753186590664 1747.7411255764134239 0.174774112557641 23205.698471523217449 103.14741784042367101 -8859.1762414910590451 8.6366021968060149305
278000 398.02317077098899745 227.5142702630439544 0.0227514270263044 23231.09021595259037 105.31514657449484673 -8857.2365250348411791 8.6271623300722151129
279000 398.80118110909057805 -312.89888103327018598 -0.031289888103327 23234.127277555675391 105.52100462199224751 -8858.0650662217740319 8.6260346258488880267
280000 390.03071164577983154 1592.681647768238463 0.159268164776824 23201.306160456886573 103.20037772163736634 -8861.0400360673029354 8.638237218694101216
281000 396.87941648681447759 -1143.8862725306003085 -0.11438862725306 23260.133312938753079 105.01251431856432816 -8854.1708619516830368 8.6163902717655567187
282000 409.8783127670545241 -1152.1376249270235803 -0.115213762492702 23236.872299594124343 108.45196399785902486 -8861.5392679861215584 8.625015613700991679
283000 396.32026581370797658 4088.3356998035965262 0.40883356998036 23183.013692748223548 104.86456555723626138 -8856.9013053937051154 8.6450531865176536428
284000 403.63855268199858983 -3477.0244038661453487 -0.347702440386615 23285.523997898857488 106.80095145335204165 -8856.5084969499530416 8.6069949044590927656
285000 402.73071085699638161 -600.02438062911426186 -0.0600024380629114 23236.53343339447747 106.56074057647930431 -8858.379099421626961 8.6251413952110134176
286000 404.82063643273272646 1126.9894540020870863 0.112698945400209 23225.394239133191149 107.1137255142961493 -8855.4337439539922343 8.6292781226457808685
287000 399.19348584394742829 363.00630485125924451 0.0363006304851259 23229.406890819893306 105.62480669606067352 -8856.2012870410635514 8.6277874996790995255
288000 405.12087836710247757 -1714.8762061019283465 -0.171487620610193 23259.429604163418844 107.19316818409025416 -8856.8053418259478349 8.6166509587019568528
289000 401.99007929751553547 727.68177524100019582 0.0727681775241 23216.032660036245943 106.36477278622896847 -8860.1894007214577869 8.632757772716818323
290000 412.85315745523763553 651.70322235172386627 0.0651703222351724 23224.803095520484931 109.23909456557319686 -8857.8957137033285107 8.629497764664854742
291000 395.30142369397611901 -3868.0556489318814783 -0.386805564893188 23281.05879800564071 104.59498450001291303 -8858.655110243242234 8.6086456864558122959
292000 397.82192424109956619 495.73537441079344035 0.0495735374410793 23221.449407011710719 105.261897644911528 -8858.1571099982684245 8.6307440541183062521
293000 411.58792139145623423 2272.1686463959817956 0.227216864639598 23201.713416798393155 108.90431877538397032 -8859.9785747200730839 8.6380855929575197649
294000 398.57870242689625684 -749.33428268884483714 -0.0749334282688845 23247.345225148997997 105.46213776009672358 -8854.8272186815574969 8.6211300454540769067
295000 388.93548534830682684 1247.4111437397384634 0.124741114373974 23222.095229555561673 102.91058575342812276 -8854.9471295408002334 8.6305040271515220951
296000 400.39052755604137701 2540.4859606327941037 0.254048596063279 23205.110477688387618 105.94153856652128809 -8857.1075730712000222 8.6368210394980362565
297000 402.70900257671797817 -62.931042954987972848 -0.0062931042954988 23229.743698098929599 106.55499666283988347 -8858.6560923443757929 8.6276624056759274595
298000 395.29971014331641754 -2801.4085229330426046 -0.280140852293304 23264.648248076362506 104.59453110219051553 -8858.7940575553493545 8.6147181019230334442
299000 406.81590378127634722 2893.4290538498598835 0.289342905384986 23198.7706639563512 107.64166430956814224 -8857.4255678906811227 8.6391813299384452307
300000 397.79465698871604218 -259.95506459151727086 -0.0259955064591517 23228.374520535035117 105.25468285217499442 -8859.3190609937701083 8.6281709561896207106
