step temp press pressGiga vol ke pe density
250000 2151.9899206738232351 503923.21872677066131 50.3923218726771 19950.411046357439773 569.4068852413612376 -8084.1825950716684019 10.045827423398774769
251000 2218.6282323566229024 501445.1484934372711 50.1445148493437 19979.983434715060866 587.03908376075060005 -8083.5963985792423045 10.030958586749880723
252000 2289.2960227480821231 503395.44914064428303 50.3395449140644 19948.075077854449773 605.73746428155288868 -8098.3882203619286884 10.047003814421765711
253000 2259.744170487901556 510909.75211256451439 51.0909752112564 19932.792100444821699 597.91817665992982711 -8069.7876376718440952 10.054707107144455591
254000 2239.4612273437537624 510033.35622671520105 51.0033356226715 19881.089751207604422 592.55140083617482105 -8103.5074985672836192 10.080855169692179985
255000 2265.934614492766741 509086.92988486890681 50.9086929884869 19928.973298481392703 599.55614039071144816 -8079.7076299017471683 10.056633796225090904
256000 2258.401955091696891 511815.94401882082457 51.1815944018821 19918.743198285170365 597.56303248349411206 -8072.3007824317655832 10.061798799375539559
257000 2299.5473429136241066 508473.18211757694371 50.8473182117577 19935.378231903003325 608.44991763879045266 -8082.0705403055926581 10.053402752943089382
258000 2221.0017638152226027 506017.14901076845126 50.6017149010768 19920.865450416396925 587.66710954371546904 -8098.7379861234639975 10.060726874363089323
259000 2297.7053424282730703 500172.15076704125386 50.0172150767041 19963.532687756844098 607.96253256839554524 -8104.3081124484242537 10.039224496598599501
260000 2261.9008205413988435 498801.47617405862547 49.8801476174059 19984.559439251886943 598.48881659542405487 -8098.1044466133816968 10.028661727910373358
261000 2218.3992447125156104 501114.69891030259896 50.1114698910303 19952.497188013290724 586.97849465671379221 -8103.8205199546609947 10.044777077727355064
262000 2268.8151141257740164 499144.90868009562837 49.9144908680096 19992.089029028007644 600.31830767979249686 -8091.4143582445267384 10.024884648451344304
263000 2263.5951839553654281 499837.69605828059139 49.9837696058281 19986.686852615555836 598.93713755861506343 -8091.3064024177438114 10.027594261894771321
264000 2271.8111881441714104 496780.17795760702575 49.6780177957607 19978.730096852625138 601.11105543310634403 -8113.9737222304120223 10.031587864993911197
265000 2294.3521753175609774 495815.9380168459611 49.5815938016846 20011.611035922691372 607.07529958376960622 -8095.7996836155361962 10.015105032663580431
266000 2278.1937535991173718 498816.21397926227655 49.8816213979262 19997.495570779061381 602.79985363826335742 -8093.4141846208640345 10.022174311188884133
267000 2212.9419741538354174 495824.35154814092675 49.5824351548141 19983.141296901776514 585.53452533284053061 -8110.2618363793199023 10.02937343132576764
268000 2262.747768311830896 491426.96547261375235 49.1426965472614 20048.106455445569736 598.71291517845691033 -8091.7985534330764494 9.9968736121279295759
269000 2232.3859268997161962 493587.22712952358415 49.3587227129524 20009.434030608575995 590.67930805856326515 -8105.456931006445302 10.016194665525969043
270000 2228.4878073207387388 497774.00354989559855 49.7774003549896 19976.521515152104257 589.64788309395714805 -8103.2939819224866369 10.03269694604032658
271000 2295.0336792541911564 492123.26520052319393 49.2123265200523 20013.424403284036089 607.25562247009372641 -8112.5264718353091666 10.014197588529048843
272000 2144.5158556671694896 496804.00738504802575 49.6804007385048 19988.80354514573628 567.42928114821677354 -8096.1157200723791902 10.026532400747258933
273000 2273.9738801290677657 495419.5333207687363 49.5419533320769 19995.13928361112994 601.68329403656161958 -8107.7832850954355308 10.023355354260866434
274000 2302.5296942081499765 490265.53241116314894 49.0265532411163 20032.008930418513046 609.23903442088942484 -8111.5515950769986375 10.00490700127639343
275000 2219.0247033898494919 492973.2590221776627 49.2973259022178 20005.230456001350831 587.14398821868940104 -8108.2035417154693278 10.018299306192300691
276000 2286.2118738203689645 496851.87084181467071 49.6851870841815 19986.217668199464242 604.92141230209017522 -8107.4499546296028711 10.027829663661963266
277000 2250.4599171240715805 502010.46870879712515 50.2010468708797 19933.128462910608505 595.46160484288589032 -8112.5081468751104694 10.054537438540672056
278000 2289.3731064538828832 499009.63853442418622 49.9009638534424 19975.888565034289059 605.7578602845272826 -8102.7506539037258335 10.033014839118941097
279000 2231.715900926363247 502271.21883779624477 50.2271218837796 19952.26725201975205 590.50202218986453317 -8098.8482852060178629 10.044892836792129742
280000 2258.9573061492897068 505659.78934923710767 50.5659789349237 19963.999943894024909 597.70997588359159636 -8076.3147226948076423 10.038989529193683481
281000 2246.0507281674586011 507794.53231557965046 50.779453231558 19950.694322982952144 594.29495321217586934 -8072.035976472630864 10.04568478434837786
282000 2233.2963669711966759 507563.36941354087321 50.7563369413541 19933.459652911311423 590.92020641980582241 -8085.085403428396603 10.054370384636367675
283000 2217.8008527102074368 507993.23310423403746 50.7993233104234 19915.223580013444007 586.82016281560515836 -8092.3041742971445274 10.063577021485796692
284000 2287.6324432966616769 507063.6937295156531 50.7063693729516 19933.014304459913546 605.29728861684145613 -8091.9276771368786285 10.054595021924646048
285000 2293.0447097208711966 509699.78663552895887 50.9699786635529 19936.21038695281095 606.72935004849568941 -8073.8013277921090776 10.052983115022630756
286000 2273.7955810594316972 504121.64844389632344 50.4121648443896 19944.284566350215755 601.63611690208369964 -8096.6558237460103555 10.048913297984084281
287000 2292.6570747280447904 500404.40894465980818 50.040440894466 19987.691713389103825 606.626783567233133 -8090.0625661190770188 10.027090134841415647
288000 2206.326025450661291 503883.58544814353809 50.3883585448144 19939.625867935410497 583.78397496650268295 -8094.8294454048400439 10.051261128217303664
289000 2253.1493514632243205 499077.26734219893115 49.9077267342199 19986.231962465426477 596.17321711179397425 -8095.9820948768629023 10.027822491701559926
290000 2252.618193042639632 501534.39342380978633 50.153439342381 19970.124123135890841 596.03267497498882221 -8092.8674920453431696 10.035910901794830252
291000 2242.0973562749236407 504157.55870784900617 50.4157558707849 19957.780687908321852 593.2489087331086921 -8087.3508919072592107 10.042117885331883542
292000 2342.7248629232185522 506581.8428825935116 50.6581842882593 19933.855696482645726 619.87449586051911865 -8094.0642029489545166 10.054170625552361074
293000 2295.1345089856163213 505334.91836587589933 50.5334918365876 19937.816390055784723 607.28230156499046188 -8095.2038128963413328 10.052173341185767441
294000 2245.1687497165858076 504478.15223767812131 50.4478152237678 19954.364937430385908 594.06158566814747246 -8085.7931215771159259 10.043836876092745669
295000 2301.6939595934659337 498248.21232520701597 49.8248212325207 19970.837213705406612 609.01790278859698446 -8112.8524100336371703 10.035552553602213877
296000 2239.1977184202951321 499003.23962191917235 49.9003239621919 19983.2091445154947 592.48167755638689869 -8093.6205251642040821 10.029339379284902378
297000 2268.1420108883248759 497224.54612600151449 49.7224546126002 19974.446727564092726 600.14020758080982887 -8112.4642304336639427 10.033739063270498804
298000 2256.6329595439988225 511164.82278866245179 51.1164822788662 19923.227078389456437 597.09496419230742958 -8073.0673040935434983 10.059534311836831222
299000 2280.5522947180966185 513639.36781089217402 51.3639367810892 19873.258193281355489 603.42391304456907619 -8097.1701535741794942 10.084827784571920972
300000 2255.4112353195123433 509485.17243606614647 50.9485172436066 19915.778843148942542 596.77170143972409733 -8084.6048094356174261 10.063296443288214377
