step temp press pressGiga vol ke pe density
0 2049.9999999999990905 -27689.200528471414145 -2.76892005284714 48544.580608263000613 726.84918435674978809 -9632.59963787248671 5.5316024782829398276
1000 1993.8269270872451671 98793.096508223985438 9.8793096508224 32504.876035411842167 706.93242717165344402 -10966.958854039137805 8.261201245847829
2000 2020.1216924695459056 100806.90659850994416 10.080690659851 32257.131228120619198 716.25551437700823953 -11017.263964876776299 8.3246498425681227928
3000 2110.009801898902424 99241.297329623877886 9.92412973296239 32216.704744384755031 748.12629438778787971 -11043.198670186258823 8.3350958619278774364
4000 2080.4468475487210526 98239.313683357016998 9.8239313683357 32139.469856516225263 737.64443621383406935 -11071.027295631060042 8.3551260676886887069
5000 2094.9845979594510936 98509.801358746815822 9.85098013587468 32153.788340636408975 742.79894939842984058 -11067.143250634335345 8.3514054255467762289
6000 2009.6618125031361615 100865.41001767675334 10.0865410017677 32089.66243968758863 712.54685329307926622 -11063.848702690334903 8.3680943327021140021
7000 2055.803521640505096 101849.8297163653624 10.1849829716365 32107.08646719733224 728.90688434250512273 -11056.958104717210517 8.3635530951779273323
8000 2125.2291385233988876 96580.35724670435593 9.65803572467044 32195.768846337992727 753.52247117411275212 -11067.845244743619332 8.3405159131777217851
9000 2044.3039059694424395 101756.89825865364401 10.1756898258654 31992.842989096672682 724.82957396644269465 -11097.482866782665951 8.3934185683776139086
10000 2042.3223240763202284 95594.449946343229385 9.55944499463432 32158.761393019442039 724.12698314558815582 -11082.400340577038151 8.3501139586228596556
11000 2050.1683939229005773 104767.21004169991647 10.47672100417 31900.480832424858818 726.90889020334077486 -11101.988150236700676 8.4177202158949970823
12000 2060.8595823089585792 94885.122998870821903 9.48851229988708 32025.985429530897818 730.69956413417526164 -11126.485577262319566 8.3847325475975793552
13000 2119.113358462330325 99671.930941132915905 9.96719309411329 32002.878960477864894 751.35405666236010802 -11111.915895616935813 8.3907864267928946589
14000 2057.9901199060627732 101438.67212364105217 10.1438672123641 31994.993778026229847 729.68216588681559642 -11091.775137140051811 8.3928543403654671806
15000 2084.2680933334390829 93749.678223098715534 9.37496782230987 32070.310892555364262 738.99929932693112278 -11124.27877933974014 8.3731437247216895514
16000 2076.5567490409152924 104701.14223897662305 10.4701142238977 31877.901916042061202 736.26516063946041868 -11117.848107417872598 8.4236824339038562925
17000 2031.7153026809337462 95910.656820367643377 9.59106568203676 31996.855921476471849 720.36615151159230663 -11128.553633217563402 8.3923658955389797143
18000 2053.1444957467456334 106561.01319532709022 10.6561013195327 31923.346153588401648 727.96409858540152982 -11086.727654510039429 8.4116909645979909271
19000 2022.1257882369322942 97154.788227335491683 9.71547882273355 32004.367619619159086 716.96608773012906113 -11115.014442800005781 8.3903961356593423915
20000 2093.3229597650583855 104665.64520291707595 10.4665645202917 31903.692925038769317 742.20979800023940243 -11108.288676400552504 8.4168727122221458359
21000 2033.5747219269642301 93214.936730463232379 9.32149367304632 32045.908487303808215 721.02542827371655676 -11132.202996695308684 8.3795197288996057239
22000 2097.0476572762399883 101217.43414463143563 10.1217434144631 31940.637410437851941 743.53042890169206203 -11121.354919075303769 8.4071372449230192814
23000 2069.8475839824814102 96224.401305266452255 9.62244013052664 32028.05775071851167 733.88635520022262426 -11120.148296049810597 8.3841900276906251577
24000 2102.2365064468990568 103003.91180847032228 10.300391180847 31936.835688659441075 745.37019026142070288 -11109.36899830076436 8.4081380202368194432
25000 2037.7164017689835873 95316.702136757900007 9.53167021367579 32072.855843561981601 722.49390467129626359 -11112.318175940046785 8.3724793236264218876
26000 2066.1610977648833796 106096.40807343590131 10.6096408073436 31730.622726971010707 732.579272517098957 -11155.249252576168146 8.4627813551110619983
27000 2052.477345504477853 92938.762345336843282 9.29387623453368 31986.792234994503815 727.72755341006700291 -11159.91320245904717 8.3950063021978955646
28000 2083.8747415490643107 104593.470674691358 10.4593470674691 31778.248222556601831 738.85983229101020697 -11154.757036712113404 8.4500983351646201669
29000 2110.7074511876890028 93590.784785609896062 9.35907847856099 31968.122720025563467 748.37365332267643225 -11165.080167498326773 8.3999090203586046499
30000 2069.3665158872895518 101457.39746188266145 10.1457397461883 31772.43089391452304 733.71578741846155935 -11172.300308643649259 8.4516454940596279499
31000 2070.7154741754116003 98009.669761188313714 9.80096697611883 31797.913618645070528 734.19407484843850398 -11191.081034926482971 8.4448723781178625103
32000 2035.8621027377423616 99805.692215647271951 9.98056922156473 31783.173241669286654 721.83644333548591021 -11182.960545855959936 8.4487889348889364527
33000 2078.315556908520648 103905.62532699626172 10.3905625326996 31687.926341287398827 736.88876457312346702 -11190.24225538155406 8.4741841264001092071
34000 2067.8446033771560906 94160.925898843473988 9.41609258988435 31956.175154566521087 733.1761772396065453 -11164.836367971214713 8.4030495233250981357
35000 1989.6813659552192348 104941.08640694405767 10.4941086406944 31649.565446788674308 705.46257462164658136 -11189.719277177920958 8.4844552716321715025
36000 2061.9013218477512055 95639.559819103160407 9.56395598191032 31925.660136857419275 731.06892390689893091 -11160.874789754636367 8.4110812822273590683
37000 2045.7545267742511896 106872.44048982123786 10.6872440489821 31767.255216304591158 725.3439069170701714 -11144.499119941225217 8.4530224777509417322
38000 2088.2498433941768781 95342.562363568154979 9.53425623635682 31923.123636094438552 740.41107092886272767 -11168.562956376958027 8.4117495975943974429
39000 2029.3421370462540381 103485.08047386807448 10.3485080473868 31795.356319086982694 719.52472053309952571 -11154.804917462395679 8.4455515989507397023
40000 1989.29763052792282 99226.071540471035405 9.9226071540471 31830.569139249830187 705.3265171668469975 -11165.378526122856783 8.4362086403523903755
41000 2059.6622147175071404 106263.20906460282276 10.6263209064603 31658.246737252633466 730.27502478918904671 -11184.220736603921978 8.4821286734079297531
42000 2050.8328491800116353 95104.552948016673326 9.51045529480167 31886.783409027797461 727.1444798431811023 -11177.568239454318245 8.4213361678822540313
43000 2091.4886354986742845 103143.90958650413086 10.3143909586504 31724.937928888288297 741.55941892859686959 -11184.819490289935857 8.4642978026240527356
44000 2000.3018060197566683 98778.029655596677912 9.87780296555967 31873.689874597479502 709.22816398672887317 -11151.556409484262986 8.4247956059171116294
45000 2051.7934809436928845 104874.3003751373908 10.4874300375137 31725.227849084167246 727.48508199630259696 -11169.771555809758866 8.4642204518517072387
46000 2020.8316224753154984 99115.300967681439943 9.91153009676814 31834.153631814038818 716.50722757000539787 -11169.050192840230011 8.4352587320403564775
47000 2068.1210173580957417 100550.42120160046034 10.05504212016 31881.42187644877049 733.27418274038245727 -11146.567516182245527 8.4227523929301213457
48000 2043.6435379212873613 94699.665236313754576 9.46996652363138 31938.066727033779898 724.59543348977115329 -11163.537615979603288 8.407813932349842645
49000 2036.4684819224180501 102816.09881287511962 10.2816098812875 31764.964255531755043 722.05144148953104377 -11169.440627174129986 8.4536321287725098017
50000 2048.1842477154241351 97876.181901244490291 9.78761819012445 31898.935202288259461 726.20539017770727241 -11152.296429560552497 8.4181280878808362189
51000 2011.5373705227475511 106263.73683329854975 10.6263736833299 31692.833284456897672 713.21185222808821891 -11169.645499990236203 8.4728720840357407695
52000 2049.4893253392019687 96820.555925981214386 9.68205559259812 31813.089085852509015 726.6681192539829226 -11185.965439997122303 8.4408440084270335291
53000 2059.6125450958011243 106571.4142508708901 10.6571414250871 31811.347696090222598 730.25741389942106707 -11127.186028089854517 8.4413060699367097328
54000 2022.4463623826984531 90593.283338088789606 9.05932833380888 31968.1229047404413 717.07975068445887246 -11172.725586285494501 8.3999089718231250146
55000 2017.7223329604987612 108167.9536460058589 10.8167953646006 31706.021484322016477 715.40479608328655559 -11155.926572577149273 8.4693477714526839151
56000 2060.8766166852396964 97753.526653106222511 9.77535266531062 31859.720090283964964 730.70560385247085833 -11170.893754013688522 8.4284896929074104577
57000 2055.50126206189816 102357.03990606317529 10.2357039906063 31699.669094618075178 728.79971501168836312 -11196.011148655754369 8.4710449689036053655
58000 2048.2617344907889674 99263.969603722667671 9.92639696037227 31833.118324567716627 726.23286393354737811 -11166.914059739176082 8.4355330716259668833
59000 2086.3986365983391806 103741.08333638533077 10.3741083336385 31743.506989346911723 739.75470597782350524 -11173.148280445539058 8.4593464260263289134
60000 2005.9349769018238021 102631.47244870215945 10.2631472448702 31746.477041156944324 711.22546430915463134 -11171.897853347418277 8.4585550091666963368
61000 2091.838815944102862 99990.2090125457471 9.99902090125457 31782.533306971941784 741.68357910963959512 -11185.603176675344002 8.4489590494967856671
62000 2036.4112598990641345 96402.14953080896521 9.6402149530809 31780.283360043482389 722.0311528158715646 -11204.19242065220169 8.4495572099740456906
63000 2042.7576903031331312 108259.18801877139776 10.8259188018771 31643.988544402505795 724.28134684649319297 -11175.581263996073176 8.4859505628715581338
64000 2069.8414051100198776 96845.154451178808813 9.68451544511788 31839.832296234988462 733.88416441563288117 -11179.623682447901956 8.4337542956099920133
65000 1987.7484035930499431 102946.93939766472613 10.2946939397665 31695.52166559590114 704.7772223697758136 -11184.799925871686355 8.4721534238494768942
66000 2025.9046195830057968 103523.43889567445149 10.3523438895674 31736.164636002122279 718.30591235535598571 -11165.658845810972707 8.461303546908396811
67000 2013.1882714472105818 97628.371933729911689 9.76283719337299 31840.377134377180482 713.79719661364913463 -11175.116382068721578 8.4336099810184048664
68000 2051.9055686337978841 104998.74627957619668 10.4998746279576 31643.831768126088718 727.52482387246311646 -11196.87381067876413 8.4859926056854888543
69000 2036.9139123607844795 99338.147329814644763 9.93381473298146 31712.160076656749879 722.20937356309900679 -11208.637182919082989 8.4677083412409182017
70000 2087.1193148486254358 97394.530219674124965 9.73945302196741 31652.312826286681229 740.01023007460605641 -11246.396452515411511 8.4837188319731495767
71000 2020.8552596815868583 102332.22525940973719 10.233222525941 31471.456564513697231 716.51560839151693472 -11274.100966190439067 8.5324720147417476568
72000 2016.6822963449724284 100850.81359351958963 10.085081359352 31401.462182980474608 715.03604010002004543 -11310.885773016179883 8.5514910367905070387
73000 2123.6073892643730687 105383.55246102808451 10.5383552461028 31301.294401500694221 752.94746281989125691 -11324.20982642249146 8.5788568023883176039
74000 1979.0055147092907646 94628.831834479526151 9.46288318344795 31506.504418657532369 701.67733863607725198 -11309.706022912341723 8.5229804878276436142
75000 2070.2878676707441628 106172.96709079455468 10.6172967090795 31253.805374903560732 734.04246243910040448 -11330.887072820743924 8.59189206494193769
76000 2046.7051550732348915 97162.488305019942345 9.71624883050199 31483.492282712988526 725.68096223596899108 -11303.399725961337026 8.5292101647604745551
77000 2045.1761801061429651 100801.8782683272002 10.0801878268327 31352.016257675950328 725.13884798829451483 -11329.543576847001532 8.56497777345114919
78000 2074.4302696105983159 102126.06514549952408 10.21260651455 31360.067573082189483 735.51119486410561876 -11320.062833287647663 8.5627788197231069489
79000 1991.4490622898804304 100506.08886677914415 10.0506088866779 31342.466425413422257 706.08933005532412608 -11327.523458587776986 8.567587462808665677
80000 2093.4974598126250385 100304.15510839407216 10.0304155108394 31379.171862073930242 742.27166883791937835 -11327.233647208087859 8.557565622833672947
81000 2010.3983795362164528 100409.16530050639994 10.0409165300506 31372.816430354192562 712.80801092586875711 -11314.839775259271846 8.5592991944472966992
82000 2069.8263808400115522 103056.1253486124042 10.3056125348612 31320.726001554114191 733.8788374017786964 -11328.754019569785669 8.5735344189195785702
83000 2043.2094407816734929 97281.704335688220453 9.72817043356882 31461.673809998610523 724.4415197571564704 -11310.455404234875459 8.5351251183124965394
84000 2047.885742143917696 102411.94190018043446 10.241194190018 31290.972059593546874 726.09955186981676434 -11338.069959306296369 8.5816868165188484596
85000 2008.409916944978022 100813.57170753648097 10.0813571707536 31364.060189656614966 712.10298048071490484 -11318.416118658096821 8.5616887857022554442
86000 2017.6132897314078036 103156.06694132622215 10.3156066941326 31298.926387969539064 715.36613365298194367 -11326.987801218179811 8.5795058613604382458
87000 2087.83561243918939 102149.10434270741825 10.2149104342707 31367.96939966033824 740.2642009621466741 -11316.095440541706921 8.5606217915649107653
88000 2073.5770855986611423 96798.816488233991549 9.6798816488234 31404.721218201044394 735.20868944791891408 -11338.576082688079623 8.5506036030099714651
89000 2076.5685708947048624 102910.20481352356728 10.2910204813524 31347.441734859770804 736.26935220276993732 -11317.222651470607161 8.5662276581012619658
90000 2032.4038795828607817 93218.798357045205194 9.32187983570452 31425.393802445199981 720.61029373575456702 -11348.479684063624518 8.5449787546967641561
91000 2071.4622882147705241 105977.58409685645893 10.5977584096856 31250.390048554072564 734.45886566569424758 -11330.492390740491828 8.592831064913323047
92000 2017.7238432233791627 93976.98665086676192 9.39769866508668 31437.282703196007787 715.40533156296601192 -11339.611997767588036 8.5417472284452262699
93000 2064.8189679834222261 110006.17772799883096 11.0006177727999 31187.43848587341563 732.10340620638874043 -11330.572969429871591 8.6101756167472984771
94000 2069.8474037437194966 91742.631911628384842 9.17426319116284 31511.109720146963809 733.88629129466312406 -11331.722108365898748 8.5217348669947501349
95000 1982.9807273000403711 103065.40663173036592 10.306540663173 31264.494909297511185 703.08679230887287304 -11341.25428894898505 8.5889544410972611388
96000 2039.373391524130966 100714.09266905355616 10.0714092669054 31358.49512255877562 723.08140791618234289 -11325.965509769685013 8.5632081944741695878
97000 2037.5768493985374334 95100.566180598907522 9.51005661805989 31480.528180792360217 722.44442490220660602 -11318.898948418112923 8.530013246846188224
98000 2071.4111621365268547 102787.11032747631543 10.2787110327476 31325.588334321197181 734.44073837385485604 -11326.517149491524833 8.5722036417641760409
99000 2031.0598080695831413 92544.543136848631548 9.25445431368486 31502.802241420689825 720.13373896348969083 -11326.663692855330737 8.5239820998147379782
100000 2068.5122493862886586 105797.22211670299293 10.5797222116703 31318.288925272161578 733.41289819432699915 -11307.047690971392512 8.5742015804441020776
101000 2052.7849137118828367 89727.449148923391476 8.97274491489234 31561.275588249412976 727.83660497137736911 -11323.905121505631541 8.5081897798785366405
102000 2080.7598881541839546 103386.09796489533619 10.3386097964895 31310.224245710622199 737.75542807176157112 -11328.592270914861729 8.5764100663271687353
103000 2034.6625541294588402 98696.308635376088205 9.86963086353761 31351.890894888820185 721.41113068791173646 -11341.734701014293023 8.5650120211298297335
104000 2050.8851371275818565 104239.51168477193278 10.4239511684772 31303.858894834280363 727.16301908808020471 -11325.829195949474524 8.578154000182575345
105000 2019.0830000355531411 96324.583882415827247 9.63245838824158 31404.588673681315413 715.88723498752290197 -11334.144164466390066 8.5506396912281541489
106000 2086.4933807909478674 98651.417846119147725 9.86514178461191 31385.567366739996942 739.78829853349191126 -11330.78778328046792 8.5558218292539205407
107000 2043.7293855236605395 99644.57112193213834 9.96445711219321 31399.96094237275247 724.62587166526577676 -11315.630038035371399 8.5518998858850814315
108000 1993.584603852679038 101948.94524975233071 10.1948945249752 31307.677735673642019 706.84650890560703829 -11332.492086930116784 8.5771076560525898458
109000 2074.7855266061365 99232.935022400793969 9.92329350224008 31378.419290330140939 735.63715498968804241 -11330.062661436393682 8.5577708652336745843
110000 2036.0407101482578582 101645.00247347098775 10.1645002473471 31303.909315586126468 721.89977048214609567 -11338.895358188725368 8.5781401834745789614
111000 2082.338469052264827 96685.542534536521998 9.66855425345365 31429.188130527716567 738.31513062698650174 -11327.162066425054945 8.5439471514393456886
112000 2048.9508534275782949 96246.596609530053684 9.62465966095301 31360.806682470054511 726.47719834190354504 -11354.200000849792559 8.5625770127263685083
113000 2074.0374466606654096 101712.16637426585658 10.1712166374266 31334.401540603055764 735.37191533202985738 -11329.908383792846507 8.5697925984612730588
114000 2044.9824312526995982 99679.555710033368086 9.96795557100334 31358.632928048715257 725.07015228288219078 -11335.731253780922998 8.56317056346189176
115000 2080.1832021434984199 101488.93636749252619 10.1488936367493 31372.322935771106131 737.55095794664123332 -11319.733259589324007 8.5594338343907949707
116000 2050.9513496494118954 94940.567437649064232 9.49405674376491 31463.28501852284171 727.18649543807362079 -11325.949344496806589 8.5346880416900816613
117000 2101.3716211768360154 102421.27994834748097 10.2421279948347 31348.489028689575207 745.06353604039259153 -11321.490847134631622 8.5659414766089803095
118000 2071.0629603833485817 94263.855709182505962 9.42638557091825 31422.72038449581305 734.31727975907961081 -11350.219911072368632 8.5457057541194867412
119000 2054.3593006724499901 102876.51837159332354 10.2876518371593 31327.147803778163507 728.39482052169455528 -11324.696530313762196 8.5717769163615979977
120000 2034.1424107488569462 95411.861691540631 9.54118616915406 31506.951459151616291 721.22670835038047699 -11302.73355596541478 8.5228595584062976087
121000 2046.8384857553867278 101979.75503395058331 10.1979755033951 31310.751457719550672 725.72823603966253359 -11336.335116570080572 8.5762656563028176748
122000 2060.2326090767714959 96328.730048987592454 9.63287300489876 31413.145114156581258 730.4772641427466624 -11340.408141548990898 8.5483106331450624538
123000 2008.334099976067364 102548.84820857115847 10.2548848208571 31333.505848437198438 712.07609877241577578 -11318.011610623259912 8.5700375725197321941
124000 2052.8157764695993137 97585.901351227134001 9.75859013512271 31364.987473259952822 727.84754768858385887 -11344.877930702776212 8.5614356654472363317
125000 2058.4229820500081587 101860.00423799405689 10.1860004237994 31359.015926587930153 729.83564173865249813 -11319.797111677273278 8.5630659784894387343
126000 2034.4850110326249251 98327.670651861379156 9.83276706518614 31443.299160158912855 721.34818090492547071 -11308.921413570462391 8.5401128244240016585
127000 2068.1255294108959788 103387.98357977814157 10.3387983579778 31319.225004743260797 733.2757825364301425 -11327.318048964771151 8.5739453118397754849
128000 2029.7231081492830072 99787.108275935373968 9.97871082759354 31345.691351376568491 719.65979786748971492 -11337.023747904329866 8.566706007206343898
129000 2070.1486314016833603 96218.182351225535967 9.62181823512255 31448.8816147653597 733.99309474710048562 -11320.290184247069192 8.5385968788727328871
130000 2002.0724962135677742 99714.417618239036528 9.9714417618239 31325.249508467528358 709.85598092483633081 -11337.277856894121214 8.5722963619902667887
131000 2049.967087679908218 102565.16103049644153 10.2565161030496 31333.2412401874426 726.83751494552370787 -11324.656069098784428 8.5701099462210361679
132000 2087.70576410923195 90765.172408595899469 9.07651724085959 31584.679075552488939 740.21816186325895615 -11313.870571478453712 8.50188541594913616
133000 2075.0899422248526207 108193.32740725451731 10.8193327407255 31194.235285868624487 735.74508876733159468 -11338.864111205126392 8.608299576477218551
134000 2111.8398970142361577 91744.001715755206533 9.17440017157552 31525.361336323410796 748.77517396919063231 -11331.061589336717589 8.5178824608895133963
135000 1987.6018660476395326 103547.13063195902214 10.3547130631959 31311.922847896410531 704.72526593301529374 -11317.898840423353249 8.5759448151525408122
136000 1993.194340119513754 101980.48882034428243 10.1980488820344 31334.686368175647658 706.70813677090700367 -11322.509773120666068 8.5697147003392117881
137000 2091.8089572670146481 100845.53434905115864 10.0845534349051 31357.40225208107222 741.67299239984072301 -11327.730778722241666 8.5635066400327310987
138000 2063.7545225503445181 99235.923708240516135 9.92359237082405 31319.656488615139097 731.72599581866938934 -11351.659763354824463 8.5738271905212428692
139000 2007.0001270792295145 103264.42173048474069 10.3264421730485 31291.189353994559497 711.60312457143015763 -11331.141466991350171 8.5816272229867713861
140000 2050.0372922549422583 94984.463181702973088 9.4984463181703 31515.082986075209192 726.86240672020744569 -11307.528422625729945 8.5206604887736450138
141000 1993.3266031544669659 103962.55347403814085 10.3962553474038 31269.833977811558725 706.75503202899301414 -11337.005767283531895 8.587487947343007022
142000 2037.5987375730596796 98855.838473135168897 9.88558384731352 31373.197752464562654 722.45218558601084169 -11326.959896718366508 8.5591951613787564668
143000 2057.6438055188186809 102618.43660143273883 10.2618436601433 31332.761162118025823 729.55937645759638599 -11325.354153619617136 8.5702412567626264916
144000 2011.5379991430484097 98732.955127082430408 9.87329551270824 31368.646792959705635 713.21207511206523577 -11330.38390543621972 8.5604369283835843873
145000 2056.9335693612638352 103396.97021435166243 10.3396970214352 31332.390677836956456 729.30755471524548739 -11320.795608213236846 8.570342594056139518
146000 1997.2528608200536837 98579.852259139734088 9.85798522591397 31372.092528714325454 708.14712821523983166 -11331.385893898928771 8.5594966977128930097
147000 2010.9779655405050107 102965.81148209473758 10.2965811482095 31393.568969757165178 713.01350927439648331 -11291.77019256744461 8.5536411186176355415
148000 2016.6416076989710291 99218.087027461719117 9.92180870274617 31430.345437151721853 715.02161351018651203 -11306.427230547698855 8.5436325520769784703
149000 2035.0480664073295429 99771.292937859616359 9.97712929378596 31340.767711209726258 721.54781814387752092 -11338.175482541017118 8.5680518382396879673
150000 2068.8220859736857165 99039.211740258979262 9.9039211740259 31383.329604485490563 733.52275403375790575 -11335.074142079491139 8.5564318950240956241
151000 2034.181187807070728 102902.30007692321669 10.2902300076923 31315.897042320397304 721.24045716654359239 -11324.466795280963197 8.5748564710435157821
152000 2092.4811096415355678 100726.46341099019628 10.072646341099 31379.948961813883216 741.91131113407686826 -11326.461007724010415 8.5573537014558471725
153000 2102.6905657534434795 97732.582679121172987 9.77325826791212 31414.478058646804129 745.53118179147497813 -11327.731036375866097 8.5479479206550479375
154000 2116.857320038223861 96618.642683522688458 9.66186426835227 31411.42674066302061 750.55415437531655698 -11342.644488516505589 8.5487782715789357724
155000 2027.3857839942418195 104926.42072052223375 10.4926420720522 31294.949524270170514 718.83107486472442815 -11319.780540108242349 8.5805961179653298387
156000 2057.8608099077869156 95229.965181010775268 9.52299651810108 31443.158497713513498 729.63631765912009541 -11333.493593399294696 8.5401510290195723485
157000 2037.2880742662605371 105030.51320342975669 10.503051320343 31273.684990039750119 722.34203662447100669 -11330.471283426963055 8.5864304921340917076
158000 2014.3927653458649729 94377.093496877147118 9.43770934968772 31471.334606505890406 714.22426266623426727 -11326.625961790869042 8.5325050798564490151
159000 2085.5683496404212747 105343.65131316120096 10.5343651313161 31328.592681856451236 739.46031895433839054 -11312.961487487931663 8.5713815850843779742
160000 2028.0106749283670524 99549.610479185750592 9.95496104791857 31360.264144673023111 719.05263655534918144 -11329.825034524932562 8.5627251467359535297
161000 2094.7666835019649625 100833.36124190592091 10.0833361241906 31404.470004526159755 742.72168552248672313 -11312.902327326974046 8.5506720018255961691
162000 2040.6519116876290809 99621.94971467704454 9.9621949714677 31338.463479166457546 723.53472076399805246 -11340.628092912647844 8.5686818238038249262
163000 2058.6160483841072164 99337.302868698723614 9.93373028686987 31359.14718572975471 729.90409544961187294 -11337.304964995331829 8.5630301362936975806
164000 2063.3949272256832046 101077.99566252401564 10.1077995662524 31295.641144013654412 731.59849749260661156 -11347.263756317988737 8.5804064906092794018
165000 2049.2520060277829543 97965.571561895805644 9.79655715618958 31417.488603644520481 726.58397518181857322 -11321.514510380817228 8.5471288232988609224
166000 2054.9282041341011791 102956.2079000070371 10.2956207900007 31347.507727531563432 728.59653126173304827 -11315.076104748561193 8.5662096245065253441
167000 2021.0200397800917926 97177.574324675719254 9.71775743246757 31446.027976983779809 716.5740329184420716 -11314.135606472776999 8.5393717323032856115
168000 1994.4815551277049508 101428.13323276731535 10.1428133232767 31386.276399871843751 707.16453246788046272 -11307.734356222721544 8.5556285485643037703
169000 2086.377001859108077 96572.074155347829219 9.65720741553478 31458.324448880914133 739.74703515218266148 -11319.902559158526856 8.5360338512697282454
170000 2076.8393654307997167 103525.61015590622264 10.3525610155906 31312.74463050997656 736.36536526993518237 -11326.077950804177817 8.5757197450596063248
171000 2059.9323337803930372 97552.481933805931476 9.75524819338059 31408.497955619128334 730.37079836018313017 -11330.46702157371692 8.5495754295321990668
172000 2075.9217084158299258 98441.275093884774833 9.84412750938848 31412.252914140077337 736.04000026854498628 -11324.980627651306349 8.5485534302124630557
173000 2061.9311241320483532 98607.494183269154746 9.86074941832691 31381.6284966725907 731.07949062203715584 -11329.60625909513692 8.5568957145849164903
174000 2062.5275169511719469 103333.28083131242602 10.3333280831312 31270.046795501912129 731.29094800454265624 -11338.814539965038421 8.5874295026159224165
175000 1986.8860628188583632 95942.484473595541203 9.59424844735955 31368.475170806479582 704.47147032667396616 -11350.435060549838454 8.5604837639600734889
176000 2061.8811371243014037 103765.89832781755831 10.3765898327818 31326.254881552649749 731.06176719969118949 -11317.337087895717559 8.572021245923165722
177000 2008.9451224303325034 95563.532438828333397 9.55635324388283 31430.984925753640709 712.29274324680909558 -11334.064489685617446 8.5434587250190947572
178000 2078.3782483404797858 104976.94269143727433 10.4976942691437 31307.519432070530456 736.91099248345790329 -11322.667471217822822 8.5771510254114797789
179000 2021.5202360111145481 96896.192788011147059 9.68961927880111 31453.401405845859699 716.75138278309441375 -11316.263413989487162 8.5373698995227051967
180000 1965.727042123038018 104686.6034588553448 10.4686603458855 31271.583182456051873 696.96931572445714664 -11318.416015517235792 8.5870075983400671049
181000 2040.6353640714328321 95309.510687474859878 9.53095106874749 31457.478417789083323 723.52885363163943566 -11325.134332374625956 8.5362634230727554296
182000 2070.6372458180912872 107430.68140725570265 10.7430681407256 31302.856261816912593 734.16633815687180231 -11302.606295671816042 8.5784287591488723734
183000 1990.9197720817817299 93902.364179525480722 9.39023641795255 31479.833372050485195 705.90166461335115855 -11321.312617992323794 8.5302015174670078324
184000 2118.9395966123156541 102253.99640965012077 10.225399640965 31350.070935486874077 751.29244756043055986 -11328.391768603996752 8.565509244060766747
185000 2097.75904947917752 97589.964119190117344 9.75899641191901 31442.681786743069097 743.7826605321616853 -11321.670788993003953 8.5402805085503707971
186000 2043.6241297305109583 101479.55716843143455 10.1479557168431 31338.494114090215589 724.58855211043669442 -11329.44002344859291 8.5686734474946941731
187000 1995.9112208589863258 101848.41457724655629 10.1848414577247 31339.603615476771665 707.67143557553151823 -11323.497574234319472 8.568370094740537013
188000 2070.1737858283759124 100102.36530432800646 10.0102365304328 31385.597430742785946 734.00201351516125214 -11321.790451125525578 8.555813633703337473
189000 2011.9768349465214214 94484.494514656427782 9.44844945146564 31440.336204541476036 713.36766898807547932 -11334.015642196580302 8.5409176496364942466
190000 2067.1022944414667109 105398.35771512171777 10.5398357715122 31289.06602310199014 732.91298375451060565 -11322.297988118318244 8.5822095872598893607
191000 2046.5833824417989035 96334.0419167016953 9.63340419167017 31411.688243151707866 725.63778646141474837 -11338.563100830935582 8.5487071029497307961
192000 2015.6422092022496599 105187.69036000185588 10.5187690360002 31263.494485318678926 714.66726620180145346 -11329.022701474135829 8.5892292854842189342
193000 2035.4088109405656724 98871.761301778853522 9.88717613017788 31420.234350315105985 721.67572393399643715 -11313.253493241609249 8.5463819081024947621
194000 2112.8334599617546701 105384.75870221914374 10.5384758702219 31288.270096431686397 749.1274522218787979 -11326.805743212160451 8.5824279058016177402
195000 2055.0495252887449169 91095.1515454112523 9.10951515454112 31530.669860715046525 728.63954696041503212 -11321.612219825405191 8.5164483845756109304
196000 2111.83918059455209 103274.23870805381739 10.3274238708054 31346.043117780860484 748.77491995501350175 -11321.614877051220901 8.5666098713286036315
197000 2072.5442570111731584 98435.597710362650105 9.84355977103627 31404.992827061076241 734.84248914723798407 -11330.187785442545646 8.5505296523579215062
198000 2037.2825207646581021 101825.99280279083177 10.1825992802791 31302.103373038797145 722.34006757173438018 -11339.828046005966826 8.5786350904190005195
199000 2030.2324095595272411 98291.645979064764106 9.82916459790648 31423.785832815960021 719.84037606974720802 -11319.59438686298563 8.5454160052048067087
200000 2095.4135491555994122 96476.989275601183181 9.64769892756012 31426.239814537548227 742.95103858235620464 -11335.410399005329964 8.5447487190514550548
200000 2095.4135491555998669 96476.989275601183181 9.64769892756012 31426.239814537548227 742.95103858235643202 -11335.410399005322688 8.5447487190514550548
201000 2069.1714951571389065 96486.71681995788822 9.64867168199579 31474.844736058119452 733.64664075570897239 -11313.24932073616219 8.5315535200159953177
202000 2045.9301788037655569 104340.12152553790656 10.4340121525538 31259.307700526940607 725.40618620213501799 -11341.784799557886799 8.5903797029819362052
203000 2072.9856036295395825 96210.899262189137517 9.62108992621891 31461.724556852077512 734.99897325922734126 -11322.41783738342383 8.5351113514020742201
204000 2004.0885773173963571 104094.58200630024658 10.40945820063 31355.778828347549279 710.57080380577031065 -11300.775422643378988 8.5639500096583969224
205000 2010.7102316025195705 95224.979165917800856 9.52249791659178 31391.210440276507143 712.91858137466510925 -11347.653767772950232 8.5542837830597608928
206000 2130.6813799837154875 103544.07746953361493 10.3544077469534 31275.407134207627678 755.45562105623332627 -11343.103740456750529 8.5859576902571586032
207000 1975.8915117357360032 97959.867351423716173 9.79598673514237 31397.60952781153901 700.57323594270519607 -11327.67095711505317 8.5525403506281030275
208000 2036.5285297188147524 100766.53305070882197 10.0766533050709 31355.618474811537453 722.07273207091316181 -11327.359517421504279 8.5639938059454134844
209000 2016.1596109932233958 103971.21441872387368 10.3971214418724 31343.181835765877622 714.85071647973029485 -11306.898579393608088 8.5673919070160664546
210000 1987.9211996362928403 100023.88594107696554 10.0023885941077 31349.264584690936317 704.83848903469834113 -11333.113546760501777 8.5657295619944751053
211000 2032.0010825147203377 102993.98839580744971 10.2993988395807 31331.830186477469397 720.4674777745647134 -11322.837730906032448 8.570495907888853182
212000 1962.3978234057094596 97528.60695469766506 9.75286069546977 31420.390772591836139 695.78890601263492499 -11318.072065128140821 8.5463393610659057487
213000 2107.0710953015736777 100723.16805562075751 10.0723168055621 31345.744109836079588 747.08434487884528608 -11334.850029421071667 8.5666915884638683565
214000 2015.3811665275616178 94407.089958466749522 9.44070899584668 31482.624080866924487 714.5747107602505821 -11323.063750338345926 8.5294453762851389911
215000 2111.8599499827537329 105772.46548493248702 10.5772465484932 31249.740278679772018 748.78228396129350131 -11340.105285963385541 8.5930097340066051714
216000 2047.6917187026419924 95639.471541232967866 9.5639471541233 31490.728616786669591 726.03075880638391482 -11313.641619387504761 8.5272502160121330661
217000 2037.9772928802722163 102400.05730210935872 10.2400057302109 31328.431688850007049 722.58640637444068489 -11325.798198649470578 8.5714256323735771304
218000 2001.8595582703751461 97682.535104358903482 9.76825351043589 31394.617976446352259 709.78048152467624732 -11331.594210472332634 8.5533553108158955069
219000 2113.197105967753032 103670.6596215499012 10.367065962155 31324.099918696469103 749.2563867598565821 -11327.0297849031449 8.5726109639816350239
220000 2007.9647068350884638 94905.228793318921817 9.49052287933189 31458.440720231406885 711.94512652693902055 -11325.377216507085905 8.5360023018298623043
221000 2059.4082683150395496 105848.96960589157243 10.5848969605892 31230.378331161624374 730.18498540601638069 -11345.513750963149505 8.5983371559714800725
222000 2026.944175660330302 97150.261511754069943 9.71502615117541 31414.222751551063993 718.67449795872016693 -11325.787267867039191 8.5480173908366090529
223000 2119.4500296539185911 104180.24215783407271 10.4180242157834 31359.297667575585365 751.47342699455634829 -11306.877617700287374 8.5629890454314434578
224000 2099.2718498880740299 94033.040423717407975 9.40330404237174 31492.626840440989326 744.31903991913782193 -11325.89766408118885 8.5267362344967665422
225000 1977.4243084373485999 105819.88152595364954 10.5819881525954 31216.72116434268537 701.11670522677923145 -11342.599947977192642 8.6020988875219011049
226000 2080.8920138053358642 93749.728081962661236 9.37497280819627 31445.347075058489281 737.80227461896754448 -11338.736728408894123 8.5395566396168991474
227000 2026.9905541928578714 103197.27379813307198 10.3197273798133 31263.302744500007975 718.69094195800755642 -11342.949389000810697 8.5892819640469539877
228000 2031.8853691781878297 94396.560829374415334 9.43965608293744 31482.914853464684711 720.42645038711214056 -11319.592394965558924 8.5293665993040033158
229000 2099.2161325657220914 100045.72876558205462 10.0045728765582 31403.157854516895895 744.29928475313488434 -11318.676457574812957 8.5510292832301733057
230000 2052.5830463399342989 99079.857447943315492 9.90798574479433 31340.470767998453084 727.76503075935352172 -11343.2225164495012 8.5681330184123165594
231000 2065.4645213627431986 97347.060385508113541 9.73470603855081 31406.744241986329143 732.33229398551952727 -11332.304440901676571 8.5500528272169091792
232000 2056.3235339421048593 103535.60549001232721 10.3535605490012 31326.246174771891674 729.09126020458973017 -11314.823916613300753 8.5720236284208706223
233000 1998.7169492827360955 93286.733169683735468 9.32867331696837 31450.242965108172939 708.66623626642365252 -11337.478363245827495 8.5382272784915507202
234000 2063.7892893825960527 109422.01469807492686 10.9422014698075 31236.422392583823239 731.73832276679843289 -11316.410989920452266 8.5966734290168904664
235000 2057.3475940394828285 97623.0574172927154 9.76230574172927 31371.739511941017554 729.45435154435142522 -11338.941883748084365 8.5595930151614112447
236000 2032.3533333771549678 100514.32993285961857 10.051432993286 31420.70216918393271 720.59237204385726727 -11307.164898501800053 8.5462546621009494174
237000 2028.0740417638414783 100387.10506128214183 10.0387105061282 31374.868926689770888 719.075103937144263 -11319.665194521334342 8.5587392580767982508
238000 2056.4116958056183648 94664.400941254498321 9.46644009412545 31473.748597825837351 729.12251892585118185 -11325.672013156363391 8.5318506489698275885
239000 2053.1872818600168102 105803.91313080587133 10.5803913130806 31283.290801431026921 727.97926885444189793 -11325.142182310988574 8.5837939526358884024
240000 2049.7035298504970342 94381.493965410409146 9.43814939654104 31492.332530776384374 726.74406772926113263 -11320.801909787034674 8.5268159205879410223
241000 2121.6984759739684705 99463.419358629573253 9.94634193586296 31363.728744687192375 752.27063742079940312 -11339.865738014661474 8.5617792637414211754
242000 2015.5372561014123676 101047.72347601302317 10.1047723476013 31330.161379318360559 714.63005396973346706 -11333.866811712327035 8.5709524170256887743
243000 2057.5824747320575625 97354.611386114615016 9.73546113861146 31454.013340608871658 729.53763097840942464 -11318.205816538156796 8.5372038058236388025
244000 2041.7858508703827738 101733.18552606832236 10.1733185526068 31313.257094050673913 723.93677089575157879 -11337.080324840178946 8.5755793973566714072
245000 2027.7348899694143256 102571.46309207299782 10.2571463092073 31379.856601289429818 718.95485408097226809 -11305.981645542593469 8.5573788883674968275
246000 2037.1187395456715876 98632.832520766736707 9.86328325207667 31434.147535795847944 722.28199720810846429 -11312.201429020002251 8.5425991620763372936
247000 2047.352051884645789 105013.21748815661704 10.5013217488157 31234.163337604299159 725.91032634315786254 -11344.390847377298996 8.5972951955648611033
248000 2058.7460917126932145 89516.369747786578955 8.95163697477866 31579.628481775718683 729.95020368732593852 -11319.330190597542241 8.5032451396582811043
249000 2094.8959072093016403 105785.58750671101734 10.5785587506711 31296.577761035259755 742.76750315481706366 -11318.404324393246497 8.5801497035946496794
250000 2007.5617056099265483 94531.148739695534459 9.45311487396955 31462.350094379697111 711.80223817971761946 -11329.041391143455257 8.5349416554818180458
