step temp press pressGiga vol ke pe density
250000 1915.3302418208600102 203898.20453810272738 20.3898204538103 22675.644589224833908 506.78779520598948238 -8204.9776819518065167 8.8384868447272975089
251000 1845.9178654829465813 199972.42149666030309 19.997242149666 22701.1872520055731 488.42159161550199542 -8208.3301690307707759 8.8285420569740953312
252000 1872.2256006702332343 203177.50635777079151 20.3177506357771 22635.627506061384338 495.38250040361424453 -8224.4082691445510136 8.8541122327581689433
253000 1912.22941919339587 199732.59435027063591 19.9732594350271 22708.337419749193941 505.96733144032396012 -8214.7686272894934518 8.8257622164480302729
254000 1899.8221579145188116 194898.62116721060011 19.4898621167211 22739.774880240511266 502.68442572998071682 -8223.5140457534416782 8.813560708190074422
255000 1838.023192865342935 200733.52226159561542 20.0733522261596 22681.038597476090217 486.33269663416189132 -8214.2196450384180935 8.8363848743627482207
256000 1875.750483639015556 202628.57752184916171 20.2628577521849 22668.99562496245926 496.31516863445159515 -8210.1748843848818069 8.8410792305628369547
257000 1899.8670636222532266 201913.07889964510105 20.1913078899645 22644.038778880647442 502.69630757892667816 -8226.2325810620059201 8.8508233162230354196
258000 1935.5840076577662785 204299.1998556778999 20.4299199855678 22651.812403729974903 512.14685084505572377 -8218.0505246617358353 8.847785900106314827
259000 1925.1577707977980936 196671.84938502134173 19.6671849385021 22715.921440032758255 509.38811531465677263 -8225.6812695153130335 8.8228156153231704906
260000 1867.1062229642416241 188490.60972627668525 18.8490609726277 22765.621516758685175 494.02793601372621879 -8241.2402140956928633 8.8035543527787893936
261000 1894.8666209079626697 198125.67325525084743 19.8125673255251 22715.748779148612812 501.37321285463514187 -8215.1593203463107784 8.822882676953389236
262000 1916.9542831420453695 203421.03280964415171 20.3421032809644 22733.969081893570547 507.21750925869741877 -8185.6857062005728949 8.8158115142858299862
263000 1881.8397918648886389 203165.82739294154453 20.3165827392942 22657.421568027268222 497.92637229152234113 -8212.4334138281592459 8.8455955059066937451
264000 1919.7114062450709753 204503.52245497997501 20.450352245498 22648.935593109090405 507.94703167106507635 -8215.7782028233341407 8.8489097235347546899
265000 1882.2476441297710608 195444.83259461197304 19.5444832594612 22730.225855852040695 498.03428817233304926 -8224.8343580586661119 8.8172633069537411643
266000 1890.537584761229482 194104.74037489015609 19.410474037489 22767.869734015108406 500.22776929807946544 -8214.3975794890993711 8.8026850442732076374
267000 1833.6820953621652279 207095.5009804458241 20.7095500980446 22558.038726791739464 485.18406169676427453 -8231.7540654164404259 8.8845661107737363693
268000 1935.3883856085139996 201183.46163720206823 20.1183461637202 22679.330437501586857 512.09509012783337312 -8221.3715765509805351 8.83705041248360601
269000 1959.9467208196763295 196078.25876585242804 19.6078258765852 22718.930085312120355 518.59311552514691357 -8229.2073981420653581 8.8216472186402246081
270000 1815.5369272896136863 195843.14712307686568 19.5843147123077 22734.178451311385288 480.38293157291246871 -8216.6750309289818688 8.815730325456936356
271000 1890.2865692624741314 199222.34361649409402 19.9222343616494 22673.259488059702562 500.16135172245770946 -8225.9654794251218846 8.8394166045301361123
272000 1901.7552358569430453 206939.54095510067418 20.6939540955101 22635.232467668363824 503.19590948720014012 -8203.4330332167155575 8.8542667579777827314
273000 1904.4584389420517709 199655.31939627742395 19.9655319396277 22671.336939211356366 503.91116490456039401 -8227.7073023638477025 8.8401661946517364754
274000 1942.8058341726523395 194215.9849790201406 19.421598497902 22751.739678554924467 514.05771376411018991 -8227.2482119873238844 8.8089257889357579501
275000 1865.6747132975478962 203339.01107237255201 20.3339011072373 22629.605217826680018 493.64916497364174575 -8227.3279046353200101 8.8564685273295875589
276000 1905.6847404824757177 205752.14854370790999 20.5752148543708 22656.713387938540109 504.23563879441991276 -8205.0099680542880378 8.8458719923724480338
277000 1912.8692387307648914 198810.69737260931288 19.8810697372609 22701.025161813606246 506.13662482148242816 -8219.2432218448811909 8.8286050946592489197
278000 1809.6808012596716253 196042.3206815191952 19.6042320681519 22693.798380202064436 478.83342687948618277 -8231.6026638796502084 8.8314165412000491528
279000 1962.3567612375773024 200360.83148578373948 20.0360831485784 22681.312358372582821 519.23080141506636664 -8223.9629538649460301 8.8362782201883014466
280000 1912.1547570272734902 207217.24099534493871 20.7217240995345 22624.11196352560728 505.9475761658922579 -8209.6506917394253833 8.8586189248306475008
281000 1876.8560549706587608 190247.95857872100896 19.0247958578721 22788.461775508498249 496.60769785232361073 -8225.7692285955527041 8.7947307884102805531
282000 1845.7573468155064802 194486.65292119732476 19.4486652921197 22774.095327133411047 488.37911909573222147 -8213.1240333633868431 8.8002787166168499056
283000 1925.3312264557007438 200964.3073963446077 20.0964307396345 22650.118612179277989 509.43401090410401366 -8229.8118869162717601 8.8484475436613259092
284000 1886.6614568645186409 201103.41585985844722 20.1103415859858 22709.491509234565456 499.20216323400819647 -8204.3906644499693357 8.825313693883346744
285000 1894.5352899144249932 200063.86412711028242 20.006386412711 22683.674643696955172 501.28554415916323705 -8216.7017922014765645 8.8353580072735287132
286000 1943.0351130735348306 197892.63379867034382 19.789263379867 22715.511606993470195 514.11837993338394881 -8218.0626128566746047 8.8229747964766147561
287000 1878.4237815692192726 199262.42990872327937 19.9262429908723 22687.711988028222549 497.02251128189431029 -8219.5544388339149009 8.8337857296201356405
288000 1933.5697738182077501 191858.77552737967926 19.185877552738 22771.458603343966388 511.61389360129140869 -8228.1581436703454528 8.8012977073038332065
289000 1860.3355787118050557 203555.17743734430405 20.3555177437344 22663.060640391071502 492.23645389858222643 -8210.7734985029364907 8.8433945254676338266
290000 1934.644757543260539 202098.04255073016975 20.209804255073 22705.634099297967623 511.89832947558949172 -8203.2604828981893661 8.8268130068991172976
291000 1821.2560171588158937 202318.93679595630965 20.2318936795956 22629.64768824955172 481.89617711256545363 -8227.0118001083592389 8.8564519058616486546
292000 1950.38194489397506 202262.40639872907195 20.2262406398729 22670.242900155277312 516.06231869586622452 -8216.8726717885074322 8.8405928105958970775
293000 1885.1932405556842696 202404.44332263601245 20.2404443322636 22693.767331844115688 498.81367978097597415 -8204.0679987805287965 8.8314286238559596143
294000 1837.6826249446241945 194666.76446089567617 19.4666764460896 22756.312940340165369 486.24258388916871354 -8216.901827426851014 8.8071554879302649255
295000 1913.1507735783304724 203058.10612536163535 20.3058106125362 22672.931499306312617 506.21111767997547304 -8214.2967633017797198 8.839544476359719738
296000 1918.3299877034198744 209051.27584790819674 20.9051275847908 22621.579479462081508 507.58151451809908394 -8204.4320951383779175 8.8596106465303794408
297000 1883.6184427069313188 199985.1601121717249 19.9985160112172 22728.240244970151252 498.39699533030602652 -8199.9752083229031996 8.8180336109360144548
298000 1921.7809100166666667 197687.40119583354681 19.7687401195834 22705.834776102194155 508.49461309106101226 -8228.2823908988520998 8.8267349945008408696
299000 1905.9096755821860825 202823.09321382880444 20.2823093213829 22697.316256754962524 504.2951556133775739 -8204.1134164609175059 8.8300477523605351848
300000 1889.9628070355929594 209457.80596420582151 20.9457805964206 22621.1745915853935 500.0756856887109052 -8197.7866876003372454 8.8597692213616028312
