step temp press pressGiga vol ke pe density
150000 1279.7272599449538575 2073.7603184668437279 0.207376031846684 24161.432799830770819 338.61009572737896178 -8632.9784607422770932 8.2949710829638352294
151000 1327.5358894873722875 1014.5267675046842442 0.101452676750468 24175.302697711609653 351.2600447693720298 -8635.0650895381040755 8.2902120773255685293
152000 1308.1445983711475947 -3536.1181527461562837 -0.353611815274616 24216.790408541743091 346.12919607476447936 -8644.0248628277950047 8.2760094552777179189
153000 1290.0887288289552544 -4955.4333015101610727 -0.495543330151016 24253.183575005099556 341.35169394170384294 -8636.9960249241266865 8.2635908715966603921
154000 1296.338889070029154 190.8864199605836518 0.0190886419960584 24169.298319067431294 343.00545832086737619 -8641.9048040233574284 8.2922716146648696167
155000 1303.7839621308683036 2946.0452851998484221 0.294604528519985 24151.654370730662777 344.97539127512555979 -8631.9531707112528238 8.2983295190103749661
156000 1310.0584292047594772 -2267.8872646446975523 -0.22678872646447 24181.200731511533377 346.63558713328046679 -8648.7666943173171603 8.2881900126819019192
157000 1335.376816347117483 -5254.9336387275707239 -0.525493363872757 24281.733343557250919 353.33471886413497032 -8632.1808987081822124 8.2538747774671463731
158000 1320.1878470078236205 -1951.7424523426768701 -0.195174245234268 24176.585947912801203 349.3157856719172969 -8650.5720451570996374 8.2897720476067711104
159000 1311.7062774045173228 517.64132012988920906 0.0517641320129889 24197.443059317276493 347.07160037932806063 -8628.2425781411566277 8.2826266356435827021
160000 1298.619381470880171 2399.354256378782793 0.239935425637878 24146.617855282172968 343.6088663862632302 -8636.3376226111849974 8.3000603893570890079
161000 1300.9878435839741542 2573.4422337579462692 0.257344223375795 24149.886251916585024 344.23555084313409225 -8636.101399542458239 8.2989370760147807005
162000 1267.2301725052420807 4796.250457733546682 0.479625045773355 24150.293599587377685 335.30342241758620503 -8624.9344356543115282 8.2987970962388004637
163000 1288.1026586972027417 4170.9996300550465094 0.417099963005505 24094.021290901837347 340.82618868876198803 -8648.0845032775396248 8.3181791855247659839
164000 1310.586711292318796 -1559.9632246788096381 -0.155996322467881 24221.716601264546625 346.77536820526233896 -8633.4863192225711828 8.274326287308097605
165000 1276.8151056884257741 -2583.8711481063483006 -0.258387114810635 24208.428911505405267 337.83955276682792146 -8640.1310618934403465 8.2788679567024061612
166000 1310.4485078002280716 -2161.5137028571730298 -0.216151370285717 24252.716149291682086 346.7388001808469653 -8625.6498649329696491 8.2637501368449228778
167000 1287.4175824395747441 -791.61075579437817851 -0.0791610755794378 24168.287843149093533 340.64492058231718374 -8644.4209507761479472 8.2926183144736977937
168000 1307.4902790906228347 -6928.2917810461094632 -0.692829178104611 24285.421327438161825 345.9560661265720114 -8637.6033453085783549 8.2526213441120503944
169000 1305.5360740092526157 -5747.7832695594197503 -0.574778326955942 24285.607480849019339 345.43899222310432151 -8629.1676817972947902 8.2525580863321934544
170000 1310.1458528606162872 -2105.4129808835214135 -0.210541298088352 24244.167488999031775 346.65871904068376352 -8627.0976051618818019 8.2666639920100983829
171000 1288.4983080418066947 1391.1353459717208807 0.139113534597172 24160.90709926483396 340.93087573157498582 -8639.2624627459081239 8.295151567536489523
172000 1305.5622911994059905 49.11120623637620497 0.00491112062363762 24204.280043486469367 345.44592917408243693 -8630.8683681929360318 8.2802870416922029762
173000 1306.3419711652506976 -3253.7399365877595301 -0.325373993658776 24217.126625163589779 345.65222899759538677 -8641.8801212411162851 8.2758945559345988841
174000 1313.5292794931160643 -5656.3613429442266352 -0.565636134294423 24273.859399875917006 347.55395855911569925 -8632.4423917036547209 8.2565521656846492249
175000 1291.3484438467835389 1048.2653151961185358 0.104826531519612 24177.023413633552991 341.68500888788577186 -8632.373839059335296 8.2896220501880808484
176000 1299.298958376457449 41.431542479647838206 0.00414315424796478 24192.018234540686535 343.7886793888100101 -8633.8867783946225245 8.2844839341026297319
177000 1291.4656522222542208 -3057.3121999508680346 -0.305731219995087 24209.487915538793459 341.71602169856845421 -8642.5232441450552869 8.278505811307649509
178000 1326.2358771887643343 -1563.4744416990990885 -0.15634744416991 24212.727750110338093 350.91606734335601914 -8634.7264134653851215 8.2773980885593072543
179000 1261.218534647068509 1458.0329356507650118 0.145803293565077 24124.879019470445201 333.71276999159812249 -8646.8036248333628464 8.3075395418902910905
180000 1304.0315428098401753 588.18203342944866563 0.0588182033429449 24184.375387358595617 345.04090001283151423 -8631.2266860329000338 8.2871020312697769583
181000 1287.0243932339562889 579.33676031754123414 0.0579336760317541 24178.198644945568958 340.54088448125048671 -8635.6793100723407406 8.2892191159769250675
182000 1306.0990052775669028 725.92132157229775657 0.0725921321572298 24167.176997252394358 345.58794131297526064 -8640.9498279417039157 8.2929994852256054827
183000 1319.2427637609548583 451.7286520691893088 0.0451728652069189 24195.592184352350159 349.06572088177887281 -8633.41992966700127 8.2832602265128176811
184000 1244.177007588362585 1972.7364233941386829 0.197273642339414 24137.878611769854615 329.20365833218301077 -8636.7448753682620008 8.3030654690526244366
185000 1270.5365609101925202 1593.8741516254692669 0.159387415162547 24189.133844713931467 336.17827796638516702 -8626.3122158032219886 8.2854718025121751879
186000 1282.7635480124774858 6993.3180712667099215 0.699331807126671 24086.553260445893102 339.41348393780458537 -8636.7792415115764015 8.320758235122431401
187000 1315.3313673157419998 2190.3103488801357344 0.219031034888014 24153.965185912362358 348.03078291788938259 -8637.7076038989252993 8.2975356159933060241
188000 1275.4102376788509901 -1779.299579234227167 -0.177929957923423 24203.59306061945972 337.46783098977761028 -8637.7803370777401142 8.2805220652821844851
189000 1308.9526888297086771 -3316.9229074405675419 -0.331692290744057 24225.537087337681442 346.34301318728068964 -8642.0256281044894422 8.2730213854505549875
190000 1283.6510424734510707 -127.31002560197812556 -0.0127310025601978 24158.998030331109476 339.64831099337635578 -8647.0897052255913877 8.2958070589661527805
191000 1305.0912549054680767 1204.4259840148545209 0.120442598401485 24167.511101063304523 345.32129508244929639 -8636.237137380256172 8.2928848386357962852
192000 1249.5086892737344897 5111.5107657904582084 0.511151076579046 24057.510124613028893 330.61439740321708314 -8651.7833069705739035 8.3308033690703471308
193000 1295.1386100934191745 -1307.7025093865302097 -0.130770250938653 24230.535363463321119 342.68786988472908206 -8626.4046762621637754 8.2713148261584255039
194000 1296.6038857527485106 -2573.9808357810970847 -0.25739808357811 24213.145278112897358 343.07557525508576646 -8640.2219263547813171 8.2772553542944837801
195000 1302.2794506547086257 -2276.5731119196134387 -0.227657311191961 24212.044862548435049 344.57730428353698926 -8636.8195726033300161 8.2776315480721933682
196000 1293.5821895386475262 -4037.0690252314552708 -0.403706902523146 24205.744074549042125 342.27604798365780425 -8648.4049908909109945 8.2797862267865038888
197000 1315.5239331187424341 -948.10538796968478437 -0.0948105387969685 24208.808735251652251 348.08173496605519404 -8633.5756658218706434 8.2787380655261646467
198000 1296.5001993754217438 3582.3576691807929819 0.358235766918079 24129.393520640427596 343.04814030449028905 -8636.4548490481483896 8.3059852385486241388
199000 1308.3713189354150472 1556.0608628143261285 0.155606086281433 24195.237985447016399 346.18918531963942087 -8624.4628434373025812 8.283381486808194083
200000 1321.7444356285443519 -2562.9276497110613491 -0.256292764971106 24189.216968764430931 349.72765204248526061 -8649.093586388782569 8.2854433302396994776
