step temp press pressGiga vol ke pe density
250000 2074.5851126658239991 290175.58092726470204 29.0175580927265 21908.380007975811168 548.92592006251879866 -8111.1104640385974562 9.1480240129399117421
251000 2114.1361438421799903 304102.22657148604048 30.4102226571486 21760.876366288684949 559.39094559719285371 -8106.4827881903602247 9.2100328600762484399
252000 2099.5369234968438832 303587.6243677563034 30.3587624367756 21775.983326268789824 555.52805734482262778 -8095.8249020934617874 9.2036434541078495641
253000 2184.5223984416297753 293032.1673810511129 29.3032167381051 21866.368041632198583 578.01483300960649103 -8118.2400038461073564 9.1656001589286031361
254000 2116.3685145517833917 300883.34183180046966 30.08833418318 21816.06302010429863 559.98162087882303695 -8100.6084567876350775 9.1867348482117296982
255000 2090.0089647068111844 295918.80206184979761 29.591880206185 21843.201747903822252 553.00700216458187697 -8108.8466800189316928 9.1753209401551458768
256000 2087.6179278340696328 297645.12833268090617 29.7645128332681 21841.527810112718726 552.37434452751506342 -8101.2216507936136622 9.1760241380541547329
257000 2087.745423087853851 300615.15628599066986 30.0615156285991 21818.789909505143441 552.40807920008160181 -8096.8487920748166289 9.185586699758498952
258000 2099.169598541693631 306531.93354849593015 30.6531933548496 21758.130639411108859 555.43086480847557596 -8094.6595108422770863 9.211195103064230949
259000 2091.8661062920677978 305809.37342706165509 30.5809373427062 21734.256279573382926 553.49839350213153466 -8111.6077946331643034 9.2213132954512762041
260000 2114.745264869858147 293258.09278671088396 29.3258092786711 21820.828266760949191 559.5521162903143022 -8135.4616209860641902 9.1847286430857923989
261000 2090.7962684897579493 295819.68496064457577 29.5819684960645 21853.678125759921386 553.21531921592111303 -8105.7675497135023761 9.1709224069395052226
262000 2151.9016756869859819 297893.2038971625152 29.7893203897163 21823.102989117447578 569.38353601346261712 -8112.6166408557273826 9.183771276592437971
263000 2047.5233919345662343 306169.08778095414164 30.6169087780954 21726.388470123543811 541.76551007972841489 -8105.5896481198178662 9.2246526233835570707
264000 2136.5040236001545964 286836.74895695102168 28.6836748956951 21951.191136282563093 565.30938630180992277 -8111.0783709197658027 9.1301827382983784531
265000 2084.3856880866842403 294164.81555747438688 29.4164815557474 21842.855319706697628 551.51910838108574353 -8117.2500086165919129 9.175466460960223003
266000 2146.5657518915104447 300307.17699999373872 30.0307176999994 21830.36030556206606 567.9716744991133055 -8097.7120512937326566 9.1807182104324525085
267000 2082.9957234772973607 301856.61196433979785 30.185661196434 21820.257817839148629 551.15132997691046057 -8091.3919236762822038 9.1849687602555913912
268000 2089.9889219011924979 300834.63747804320883 30.0834637478043 21831.10992754491599 553.00169892807082306 -8089.7765188030025456 9.1804029690997062119
269000 2125.3880488732315825 294360.01491524628364 29.4360014915246 21845.50426398435593 562.36814922403732453 -8118.3081804942357849 9.174353861356987494
270000 2093.6296542319187211 307720.06316172762308 30.7720063161728 21764.643174285629357 553.96502038070434537 -8087.0357083633207367 9.2084388791801838892
271000 2129.053662830027406 300561.78533017227892 30.0561785330172 21828.901593029393553 563.33805424337992918 -8097.0865017325577355 9.1813317103218263782
272000 2147.9166681723954753 292024.19672457926208 29.2024196724579 21878.933701390738861 568.32912089062790528 -8120.4218318827461189 9.1603361083742296245
273000 2030.7665088644848765 295063.54258599173045 29.5063542585992 21839.856264693877165 537.33171394359169426 -8110.9571088872808104 9.1767264385146170014
274000 2152.0274219484358582 303770.33787761931308 30.3770337877619 21790.115249450715055 569.41680791049850541 -8097.917122038146772 9.1976744548254529832
275000 2111.5116129531179467 308339.3467482891283 30.8339346748289 21759.96709077585183 558.69650649020456967 -8089.5878024172598089 9.2104177162351348329
276000 2102.6427178061703671 300095.83100777468644 30.0095831007775 21808.887709709695628 556.34983659521992649 -8105.3462884183609276 9.1897573624695070293
277000 2067.5904005636753027 296806.51600978162605 29.6806516009782 21821.656731191942526 547.07515059887862208 -8113.8275235228538804 9.184379942660209295
278000 2066.8773584771602145 290390.78675836999901 29.039078675837 21899.926775818865281 546.88648285948636385 -8110.8516052011345892 9.1515550919042514266
279000 2149.9295953014348015 300268.22524757526116 30.0268225247575 21824.874126497645193 568.86173238464698443 -8098.8308199867278745 9.1830259929997417601
280000 2133.2095604488877143 310945.99372734379722 31.0945993727344 21740.43085529162272 564.43768612167252741 -8082.0425685626705672 9.2186943180472233905
281000 2044.3233298798922988 301905.11870240687858 30.1905118702407 21792.488690270944062 540.91878800653194048 -8100.6141069258246716 9.1966727272893038503
282000 2087.6458157310689785 297271.21284690184984 29.7271212846902 21861.235296134775126 552.38172354003449982 -8095.187177412033634 9.1677521275758291353
283000 2073.1349972862008144 291662.79314903233899 29.1662793149032 21871.612817855708272 548.5422260342060099 -8116.7338490059628384 9.1634022633189804452
284000 2086.0496717015817012 301862.83188890584279 30.1862831888906 21822.293816279026942 551.95939098564122105 -8092.1953470012049365 9.1841118117503768303
285000 2084.5964351390043703 306822.82362919673324 30.6822823629197 21751.382121361926693 551.57487110631154792 -8096.9356911760569346 9.2140529406058053752
286000 2067.2989692830378772 304898.99756251712097 30.4898997562517 21822.737750658336154 546.99803918856230212 -8075.711735398046585 9.1839249817099268824
287000 2069.013890610382532 296301.2291307055857 29.6301229130706 21874.250094551036455 547.45179968346815258 -8092.8361246434724308 9.1622974744857845764
288000 2100.5498724094977661 299226.03384492307669 29.9226033844923 21801.071366096392012 555.7960790858734299 -8113.1286188966896589 9.1930521684935655458
289000 2101.2820875404145227 308492.81069185846718 30.8492810691858 21757.431704523267399 555.98981992685810383 -8085.8056875032889366 9.2114910031366150633
290000 2124.2702127557722633 302813.8287704429822 30.2813828770443 21806.644663540835609 562.07237479882360276 -8092.1674494426279125 9.1907026271061660339
291000 2059.1112509082217912 291523.77571978972992 29.152377571979 21871.023802849333151 544.83160561364218211 -8119.4972863775428777 9.1636490456137273952
292000 2079.9564409191198138 296208.97148034581915 29.6208971480346 21851.026937919810734 550.34714943768256035 -8101.7575656494682335 9.1720351161058513156
293000 2105.11733578762869 303855.3098825874622 30.3855309882587 21769.376232968745171 557.00460941894357347 -8107.4895112906688155 9.2064367969372842282
294000 2083.8945703133886127 305009.95484292955371 30.500995484293 21723.921968429531262 551.38916082004345753 -8116.6444331962957222 9.22569997668169961
295000 2106.2836829513262273 296972.05833208333934 29.6972058332083 21875.600875537904358 557.31321964950780057 -8092.1703862975864467 9.1617317182674771203
296000 2073.967930147250172 300091.4834199519828 30.0091483419952 21816.797584701398591 548.76261633504759629 -8102.342576383688538 9.1864255337875473373
297000 2108.307093941081348 300801.64574523782358 30.0801645745238 21824.561960332564922 557.84860512607122018 -8093.2013522070719773 9.1831573417990099983
298000 2078.7421209622007154 310121.97861577617005 31.0121978615776 21724.440560097576963 550.02584582110284828 -8091.2698492897579854 9.225479746792393243
299000 2103.7393373664663159 303432.44432497920934 30.3432444324979 21795.265999469007511 556.63999721452591984 -8095.1412318259590393 9.1955008212544022683
300000 2129.8301225201871603 294663.52356880315347 29.4663523568803 21858.818159875110723 563.54350199638383856 -8110.685001975148225 9.1687658926350881217
