step temp press pressGiga vol ke pe density
250000 1877.1107846928441631 289475.96907356422162 28.9475969073564 21230.092912694588449 496.67509819481335853 -8408.5165489097707905 9.4402971867228480107
251000 1851.8769716572860489 293288.45048987248447 29.3288450489872 21216.166040012834856 489.99834439345676174 -8392.5484169799892697 9.4464940564470705198
252000 1824.5442576629882296 296932.17555250180885 29.6932175552502 21162.558052029489772 482.76623080817898881 -8402.0021641747262038 9.4704234669945908109
253000 1862.9920022762753433 295123.31007191439858 29.5123310071914 21201.456447996744828 492.93933166450278804 -8391.9866499642484996 9.4530480436174126879
254000 1844.3379966277982476 299662.11578037793515 29.9662115780378 21166.570879450875509 488.00356539927406629 -8388.8088213966002513 9.4686280332799412918
255000 1871.5811827030436234 297046.30131643911591 29.7046301316439 21182.494426129371277 495.21199029854085438 -8393.377030887590081 9.4615101680542448292
256000 1835.7198301478431404 296726.16335996193811 29.6726163359962 21149.72218605548187 485.72323718551263028 -8408.3137536980320874 9.4761711115863285215
257000 1862.4917887630715541 300713.47716579900589 30.0713477165799 21156.647316429651255 492.80697741145883128 -8389.8182957631906902 9.4730693100856377953
258000 1834.4121065942026689 302853.81452245847322 30.2853814522458 21126.459804531354166 485.37721939598600329 -8391.1624092668498633 9.4866053400290120123
259000 1859.9925666906658535 300766.71120365720708 30.0766711203657 21150.153415216555004 492.14569445557515337 -8391.5984263151640334 9.4759779025235655325
260000 1877.1722943324236894 303414.20002643944463 30.3414200026439 21131.228998972746922 496.69137336968702812 -8388.3288736627673643 9.4844642688467555303
261000 1862.2998501671447684 302474.23550601338502 30.2474235506013 21129.200341192612541 492.75619131947280493 -8390.1787177234800765 9.4853748916776581268
262000 1824.8676304780217379 306743.3730678812135 30.6743373067881 21092.516818270767544 482.8517938052966656 -8391.8969592732555611 9.5018715938142062072
263000 1852.8685497886335725 307037.52313302963739 30.703752313303 21114.408990142845141 490.26071152158311861 -8377.936000483983662 9.4920197146479310391
264000 1788.9962364326104307 309322.3800965686678 30.9322380096569 21087.21917722818398 473.3603837589765817 -8378.4003097669483395 9.5042587034901515608
265000 1810.3740280201404858 311405.52596960647497 31.1405525969606 21063.941901081634569 479.01685157244241964 -8379.3994285908011079 9.5147616404735675388
266000 1825.4545691894077208 304202.1535743077402 30.4202153574308 21118.781741128495923 483.00709515697457164 -8386.3903473342288635 9.4900543437722895135
267000 1855.02701943325701 302693.64440269005718 30.269364440269 21118.744849699713086 490.83183291273178384 -8394.6361089417914627 9.4900709215408305397
268000 1839.2011319383718728 304483.59256293269573 30.4483592562933 21136.25601383146568 486.64437403196660625 -8378.4947296409845876 9.4822084983462815444
269000 1803.1814342792711159 304824.59536921570543 30.4824595369216 21095.40961769191199 477.11372351433675476 -8393.5648438686948793 9.5005686085133973506
270000 1828.4931600478723794 304979.03670647647232 30.4979036706476 21142.607194187512505 483.81109267555939368 -8371.2162668690943974 9.4793600693047004313
271000 1859.232940031624139 301024.86287868022919 30.102486287868 21129.463057482455042 491.944700647139598 -8398.4655913196311303 9.485256953872397645
272000 1849.7877480794923031 300197.73745011730352 30.0197737450117 21159.79645634920962 489.44554520114837715 -8387.3430576626305992 9.4716594656768471339
273000 1788.9447682373106545 297248.56866774125956 29.7248568667741 21148.623535704580718 473.3467655052417058 -8404.882718998238488 9.4766633894265090987
274000 1851.3150650086618043 292291.24975953978719 29.229124975954 21233.472156261646887 489.84966641336228577 -8389.5818871572737407 9.4387947916691992134
275000 1809.9544364834052885 289544.12290855165338 28.9544122908552 21216.556938967605674 478.90582953292880575 -8409.5465818573193246 9.4463200119655112985
276000 1818.7697174908714715 292177.94910424336558 29.2177949104243 21223.450889735468081 481.23831336696878225 -8390.8449559796099493 9.4432515917807684502
277000 1880.3878602320414757 290754.32045687292702 29.0754320456873 21223.502787602832541 497.54219769074910573 -8404.0857563408280839 9.4432285001816325121
278000 1782.2755157249775948 294836.3781876679277 29.4836378187668 21170.825022591761808 471.58211118997115818 -8405.453858014787329 9.4667253724739310883
279000 1847.6253977393557761 290639.53119125991361 29.063953119126 21232.887310795627855 488.8733969953648284 -8398.4992845113301883 9.4390547768637613757
280000 1800.4657272471674787 293214.66898491763277 29.3214668984918 21225.506076252841012 476.39515960865918487 -8389.3860345811917796 9.4423372369813165506
281000 1858.9614877268650162 295493.26144659984857 29.54932614466 21187.254797437744855 491.87287558427118483 -8397.8285147038859577 9.4593843475093706274
282000 1872.6265118886765322 297477.554022843251 29.7477554022843 21219.938022951217135 495.48857971465520222 -8373.7947484791839088 9.4448148802699325444
283000 1833.7916374719627584 297116.90185020642821 29.7116901850206 21155.298966017446219 485.21304604791919246 -8400.9907694328612706 9.4736730839642113722
284000 1830.6881604855129808 298843.04709258704679 29.8843047092587 21194.043006491134292 484.39187995076605375 -8378.3908218843898794 9.4563546151243027538
285000 1837.6401934476045881 296620.9944088080083 29.6620994408808 21177.884841244405834 486.23135670528557739 -8397.5993486454026424 9.4635695632481713346
286000 1815.1992311036178762 301003.4717532962095 30.1003471753296 21145.016587479611189 480.29357867605244792 -8389.9335399369974766 9.4782799326933204753
287000 1854.1963364829416605 301531.05589928571135 30.1531055899286 21131.791588218904508 490.61203792818366765 -8395.7068428452730586 9.4842117650502384407
288000 1812.3694182852320864 303722.73059830331476 30.3722730598303 21120.763011604096391 479.54482289088196012 -8387.7519594161512941 9.4891641124642251981
289000 1892.0834347988629816 301322.84607907000463 30.132284607907 21153.007110311453289 500.63679428770558388 -8389.5604979232120968 9.4746995239214708562
290000 1830.8460375972081238 302576.58346224261913 30.2576583462243 21105.09637492026377 484.43365352672827839 -8402.234849203920021 9.4962080645003741353
291000 1907.1978109174610836 300122.89013004209846 30.0122890130042 21160.139080983612075 504.63599044814236549 -8391.0051127710266883 9.4715061007178942276
292000 1848.5448231759348801 299672.61496797139989 29.9672614967971 21157.31309829550446 489.11667284392933652 -8390.891795055806142 9.4727712099567931148
293000 1824.3636954755581883 297750.27500392182264 29.7750275003922 21182.957795682377764 482.71845486287867288 -8387.4492449747231149 9.4613032009356938801
294000 1782.1359036629166894 292858.31409716722555 29.2858314097167 21183.190010386617359 471.54517046425655735 -8406.9405590899077652 9.46119948408646394
295000 1833.3203276857843775 287939.7192443102831 28.793971924431 21243.784308408732613 485.08833959146534198 -8407.0345937091515225 9.4342130144037295025
296000 1859.515206732378374 291487.80104953126283 29.1487801049531 21217.28461494298972 492.01938715070531316 -8405.4479132746891992 9.4459960374205458322
297000 1809.7043345482293262 295454.31899700401118 29.5454318997004 21169.132988345332706 478.83965368213449665 -8404.5104154884829768 9.4674820413247804396
298000 1852.1877605955401123 293589.24804532225244 29.3589248045322 21209.581255047316517 490.08057775319451821 -8398.2569515367831627 9.4494268409887229865
299000 1819.0702183646776575 293053.45118854037719 29.305345118854 21193.666606385886553 481.31782455097686579 -8405.7647644725038845 9.4565225602438758301
300000 1799.8610173622143975 294818.69181122700684 29.4818691811227 21210.228420229283074 476.23515608412685651 -8385.8963878053364169 9.4491385206594991075
