step temp press pressGiga vol ke pe density
0 1850 -29249.467039118037064 -2.9249467039118 48544.580608263000613 655.93706880975014428 -9632.59963787248671 5.5316024782829398276
1000 1861.0869643048524722 48775.0620244009624 4.8775062024401 33345.064756008869153 659.86806927900590836 -11019.458307343138586 8.0530454615921502892
2000 1824.9321168787028 51820.209272207095637 5.18202092722071 33004.667239578237059 647.04898568766952849 -11091.961157508952965 8.1361014928779837874
3000 1859.6491430979808683 50968.248347184191516 5.09682483471842 32939.837620419406448 659.35827456121785417 -11107.990872654077975 8.1521143332355787692
4000 1835.0019264019672391 50755.632671334038605 5.0755632671334 32845.713636110463995 650.6193431699194889 -11132.058473674835113 8.1754753565364275403
5000 1869.708903897155551 49259.463081276451703 4.92594630812764 32822.048253823639243 662.92506916204911249 -11149.33501105886171 8.1813700450151216614
6000 1888.2385791777546729 46363.720586915602325 4.63637205869156 32875.767308298054559 669.49496153478037286 -11150.041032497978449 8.1680016737463354559
7000 1868.8716075601159901 47663.414075256223441 4.76634140752562 32863.99137872812571 662.62819688905301518 -11143.539164201201856 8.1709284579987002672
8000 1846.3180811473123413 47895.536279488354921 4.78955362794884 32876.989138235141581 654.63160553416776111 -11138.584887770770365 8.1676981207375973781
9000 1826.620380680909193 54109.707705548295053 5.41097077055483 32710.768990692027728 647.64757747674889288 -11151.458111676178305 8.2092023723528058099
10000 1852.4185963611735133 41348.941866348941403 4.13489418663489 32895.733376078998845 656.79460773287553366 -11175.629840202824198 8.1630441045324673155
11000 1896.2328911129152402 55242.647500186467369 5.52426475001865 32679.126272947258258 672.32942939310464681 -11158.922954863868654 8.2171512223743281567
12000 1852.4128860559478653 45300.43335905308777 4.53004333590531 32875.135168107502977 656.79258308375574416 -11158.637111825210013 8.1681587323290028024
13000 1862.6318269883006451 52729.255873997310118 5.27292558739973 32675.496188158391305 660.4158166845705864 -11174.81873592089687 8.218064106925135448
14000 1847.7824865507932373 45254.856102065765299 4.52548561020658 32805.470305840834044 655.1508259600642532 -11184.484532304402819 8.1855044264390084408
15000 1808.9409086050225142 53645.631179731106386 5.36456311797311 32574.730541621793236 641.37913364347275547 -11197.32367722269737 8.2434856078629703546
16000 1871.2527640210771551 50310.282170194906939 5.03102821701949 32705.898946151526616 663.47246109952880033 -11186.437600529168776 8.210424756769182153
17000 1875.5301712965949719 53738.655055775241635 5.37386550557752 32526.980999139839696 664.98906109434426526 -11218.317888479188696 8.2555870281036742853
18000 1851.8085096811464609 42156.17574102323124 4.21561757410232 32807.36089683794853 656.57829504713674851 -11200.785304826567881 8.1850327200733499211
19000 1839.7257913535418083 53813.37009538088023 5.38133700953809 32507.191483500504546 652.29423945629196169 -11223.261051955818402 8.2606128104351785879
20000 1826.0755610927619728 49973.986898409479181 4.99739868984095 32625.926243018671812 647.45440592881402608 -11206.57695762440926 8.2305501581685742707
21000 1886.3133814552861622 46693.728688711635186 4.66937286887116 32646.05057633742399 668.81236231804780346 -11227.743712489398604 8.2254765173496835473
22000 1852.4431834043457457 57087.117158933993778 5.7087117158934 32373.668033932535764 656.80332532910745158 -11247.059815805332619 8.2946832629040958551
23000 1842.8276199963224826 45679.874797289325215 4.56798747972893 32564.522004393202224 653.39402561191127461 -11256.58170354970207 8.2460698291117839887
24000 1826.0025616546563469 51831.469555171774118 5.18314695551718 32357.172350599106721 647.42852320586496262 -11282.63617395302208 8.2989118916289257299
25000 1818.7725682116013104 53352.060094543776358 5.33520600945438 32340.3112202546763 644.86505255367512746 -11280.357422018860234 8.3032386599821634832
26000 1843.7700388521557215 50542.952514659700682 5.05429525146597 32194.091907043333777 653.72817018590376392 -11348.251351407732727 8.3409503574513141899
27000 1814.0600075987981654 50531.503367693847395 5.05315033676938 32153.939442499806319 643.1941643401884221 -11356.362581962795957 8.3513661795649873909
28000 1883.5255238594836555 52681.189315061266825 5.26811893150613 32205.219152467048843 667.82389791823709402 -11331.47525475718794 8.3380684704734626678
29000 1870.6125830969840536 51915.923396672005765 5.1915923396672 32099.768198533554823 663.24547818122744047 -11370.403517128605017 8.3654598606148518058
30000 1803.0383932441802699 48881.482475788798183 4.88814824757888 32116.256799181788665 639.28633438704275704 -11376.474910611981613 8.3611650037221885157
31000 1861.9515725774015209 46803.086564294389973 4.68030865642944 32165.461623059247358 660.17462528763530827 -11382.721804001157579 8.3483745872114685227
32000 1906.7237815860960382 51823.993426215114596 5.18239934262151 32095.459443194013147 676.04908558023021214 -11375.033616531602092 8.3665829079389126832
33000 1833.8924673818673909 51119.484992746707576 5.11194849927467 32075.192602210281621 650.22597273877966018 -11381.907818068226334 8.3718693673991957382
34000 1860.1828010105800786 50097.452614954097953 5.00974526149541 32176.622296450870635 659.54748861902191948 -11354.71499763473912 8.3454788984949725972
35000 1820.9881504032507564 51236.965489454989438 5.1236965489455 32118.262105074620195 645.65061065556574249 -11369.400332119690574 8.3606429738129097728
36000 1832.2471579704279065 54418.337018747159163 5.44183370187472 32118.210910909034283 649.64261088330681559 -11345.109459856133981 8.360656300088834314
37000 1896.0231540672548363 41497.207805755497247 4.14972078057555 32283.401812785228685 672.25506490502289125 -11377.917527082929155 8.3178756674127090065
38000 1848.7392706073524096 53387.19914277670614 5.33871991427767 32036.307142714969814 655.49006386792541434 -11381.252567506442574 8.382031087529291824
39000 1802.5893973860406732 45404.620078800566262 4.54046200788006 32209.891677534342307 639.12713815618019453 -11372.877887478422053 8.3368589093134577439
40000 1913.2372059304675531 50739.914289600332268 5.07399142896003 32160.599718967871013 678.35848907880381375 -11361.737897239134327 8.3496366593406143863
41000 1811.5671027561863866 52876.75014399093925 5.28767501439909 32048.909070555448125 642.31027855895365519 -11378.782593834106592 8.3787351952825659396
42000 1861.8366635678089551 46063.085829406583798 4.60630858294066 32222.083101312928193 660.13388308280730143 -11368.38580912168436 8.3337046073514731148
43000 1880.632373708425348 53575.79085648531327 5.35757908564853 32047.172164133269689 666.79810092920376974 -11378.81536728125684 8.3791893095768283928
44000 1855.6385914494371718 43405.923188660977758 4.3405923188661 32233.620789944237913 657.93629105167417492 -11382.713491838210757 8.3307216446389826814
45000 1805.8467178604757919 55703.542773701083206 5.57035427737011 31996.590396900341148 640.2820555854639224 -11378.063896161958837 8.3924355398157448604
46000 1895.558775738452141 42897.968330078947474 4.28979683300789 32246.150147174244921 672.09041465647499081 -11381.113350696341513 8.3274847128814535324
47000 1843.9887181031804175 56987.638293339245138 5.69876382933392 32020.271131052886631 653.80570522748575968 -11363.143767016845231 8.3862288767273103218
48000 1821.4201085450347364 45290.805404785314749 4.52908054047853 32136.134605750008632 645.8037659838739728 -11398.477105828513231 8.3559932049770093698
49000 1885.1183446688860386 53506.193202808673959 5.35061932028087 32091.536847099883744 668.38864938464723764 -11366.629854601276747 8.3676055677632845686
50000 1843.4777820632564271 47659.998321220984508 4.7659998321221 32144.83279307866178 653.62454744998467504 -11381.01754703797269 8.3537321263557036133
51000 1894.3140297721693059 48790.0348576848628 4.87900348576849 32169.588898826757941 671.64907680753640307 -11369.927002655538672 8.3473035121585592577
52000 1867.5732251615022506 49746.903816101592383 4.97469038161016 32102.078153707127058 662.16784167567959685 -11383.370556515172211 8.3648579108846252694
53000 1855.1080286032697586 55279.712716121590347 5.52797127161216 32047.170294025596377 657.74817438241234413 -11366.817202795222329 8.3791897985431251783
54000 1858.1216237179623931 44528.461943439258903 4.45284619434393 32234.702314729926002 658.81667640733712688 -11375.308639239345212 8.3304421358706566281
55000 1888.4893584121000458 57059.318536961298378 5.70593185369613 31949.100260692452139 669.58387796499380329 -11392.247140614028467 8.4049103169972525507
56000 1818.1139816680470176 44208.183982678878237 4.42081839826789 32201.47175366787269 644.63154372830399552 -11382.375879064402397 8.3390388008985034674
57000 1910.1458106259708529 49375.630443977868708 4.93756304439779 32122.436122564417019 677.26240217363420015 -11379.681339506163567 8.3595565845407673322
58000 1902.2269421270145813 47877.929351441045583 4.7877929351441 32183.626601311305421 674.45468358363677908 -11371.852245173620759 8.3436626246755078995
59000 1841.3314992859029644 48683.004915172750771 4.86830049151728 32113.922006586486532 652.86356018846356619 -11384.414501657884102 8.3617728891786828882
60000 1868.6731044147832108 52308.377998989599291 5.23083779989896 32094.573863343601261 662.55781549916162021 -11367.30143614948247 8.3668137655683540999
61000 1831.6544449523360072 47821.221457079700485 4.78212214570797 32190.288254841198068 649.43245821318112121 -11363.814358245177573 8.3419359365161511732
62000 1830.7300545578705169 53301.298532321197854 5.33012985323212 32031.051406747919827 649.10470582086668401 -11382.663113037087896 8.3834064324002497415
63000 1853.4185766726216116 43922.844048914761515 4.39228440489148 32242.801706336405914 657.14916132982625641 -11369.459925901415772 8.3283495288531881329
64000 1884.1538762207658237 55396.968043260574632 5.53969680432606 32027.126406127099472 668.04668689447453289 -11372.156334288487415 8.3844338388254939787
65000 1836.207775692912719 41318.864116043980175 4.1318864116044 32250.01564450440128 651.04688979117850067 -11383.971563541774231 8.3264865778641130589
66000 1852.3470281604811589 54134.234959538240219 5.41342349595382 32045.93430036754944 656.76923247029060349 -11370.988415142222948 8.3795129791798164121
67000 1814.3610638222487523 47429.345200412222766 4.74293452004122 32082.492736393698578 643.30090700870584897 -11402.253755216188438 8.3699644103794845762
68000 1839.6600349758282391 48077.423478645308933 4.80774234786453 32129.331009550718591 652.2709248370200612 -11381.885658416371371 8.3577626412467456163
69000 1853.9010399784954188 49425.412629668040609 4.9425412629668 32133.463912881925353 657.3202237982927727 -11373.935218035245271 8.3566876925529136599
70000 1823.8648976195886462 49334.708350458648056 4.93347083504587 32201.275900825945428 646.67059181058812101 -11351.684378712408943 8.3390895201449435348
71000 1895.3123672259000614 50704.251350082828139 5.07042513500828 32172.087888329700945 672.00304791190569631 -11355.459991401367006 8.3466551295006734534
72000 1895.2037459137486621 47192.174547503003851 4.7192174547503 32217.48938079497384 671.96453507671492389 -11363.833122704882044 8.3348928659830772148
73000 1852.3418003448589388 48918.883758057942032 4.89188837580579 32126.490700578367978 656.76737889296327921 -11382.314903054790193 8.3585015525844319484
74000 1827.7611572653188432 55389.50947884802008 5.5389509478848 32041.137403237906256 648.05205188158367946 -11366.801956019879071 8.3807674808927803412
75000 1823.7866677891945528 47005.257007184918621 4.70052570071849 32178.87865846407658 646.64285459672737488 -11371.995638754280662 8.3448937189500771439
76000 1878.3015037154889342 57126.299178225577634 5.71262991782256 32021.049752266757423 665.97166631788309132 -11368.454592444883019 8.3860249578752323885
77000 1871.645357144409445 43061.831458542663313 4.30618314585427 32270.124012447904533 663.61165914415232692 -11370.496630475176062 8.3212981238092194047
78000 1842.6202426723098142 51488.802732170122908 5.14888027321701 32028.764054087761906 653.3204977881001696 -11396.673152466768443 8.3840051382064419982
79000 1873.9793619246231628 52315.132324520374823 5.23151323245204 32007.877432842269627 664.43920522746111601 -11402.931234179020976 8.389476089543636661
80000 1846.8375675334175412 51425.726046756695723 5.14257260467567 32032.448234421564848 654.81579492735068015 -11394.452344580997305 8.3830408601524304402
81000 1850.5748498973207461 44075.707234431931283 4.40757072344319 32219.273993156293727 656.14088792145503248 -11379.914701040677755 8.3344311996884830052
82000 1876.0857782989944553 58685.163849176933581 5.86851638491769 31944.782217076128291 665.18605743410864761 -11382.746797856221747 8.4060464264593068862
83000 1843.3322644115960429 47173.840867944709316 4.71738408679447 32122.622497730488249 653.57295262734135122 -11391.249943853490549 8.3595080824688459131
84000 1796.4877738220893661 51086.970295207967865 5.1086970295208 32070.915228673729871 636.96374298022408311 -11380.76494806858318 8.3729859433443554195
85000 1892.5585120335160809 46069.199601530046493 4.606919960153 32178.896413514605229 671.02663942389551721 -11386.295655133293621 8.3448891145656478585
86000 1834.2284575022406443 53440.548292302999471 5.3440548292303 32056.629960804173606 650.34510158997238705 -11371.15240855137381 8.3767171636009756241
87000 1879.1846736364618664 47260.126860125856183 4.72601268601259 32107.833255607594765 666.28480355530143697 -11400.974371802498354 8.3633585692978904547
88000 1852.5089933024701168 53296.7007955313602 5.32967007955314 32106.380388605062763 656.82665892460715895 -11359.303292691478418 8.363737025154597049
89000 1822.5454678871433316 48716.128985865827417 4.87161289858658 32127.192850205541617 646.20277404237151586 -11377.534689456108026 8.3583188749762058478
90000 1873.8987012340785441 52983.618088969604287 5.29836180889696 32089.250033901280403 664.41060612642115757 -11367.045060329099215 8.3682018780800682123
91000 1812.4846235232648723 49261.798411479147035 4.92617984114791 32164.909912233455543 642.63559525221285185 -11361.607091957552257 8.3485177832797958786
92000 1845.8044189847532834 51825.04955203566351 5.18250495520357 32093.097560893107584 654.44948118105025969 -11370.986193364222345 8.3671986442059331779
93000 1863.3220333983922501 45442.006077802456275 4.54420060778025 32188.371128556496842 660.66053666808898015 -11384.803773157087562 8.3424327788256089633
94000 1870.27995226286248 53338.397283796512056 5.33383972837965 32059.983672657064744 663.12754040050879212 -11373.453097602121488 8.3758408969151680878
95000 1841.3245022383930518 46306.246167106379289 4.63062461671064 32158.437046888579061 652.86107931125604864 -11386.039333750582955 8.3501981768686288632
96000 1911.041295444232901 55431.159169910206401 5.54311591699102 32016.621076446317602 677.57990578815008575 -11376.680895972365761 8.387184948677257168
97000 1812.7656351072796497 48466.59575448333635 4.84665957544833 32136.252212888532085 642.73523088179138085 -11374.942700683781368 8.3559626250436718209
98000 1827.5263444899446768 54497.206292975337419 5.44972062929753 32083.136653264511551 647.9687965282874984 -11358.844025392576441 8.369796423023691645
99000 1859.5947345860497535 46663.660147761947883 4.66636601477619 32130.545741253918095 659.33898344779390754 -11395.227176004005742 8.3574466665561839562
100000 1894.6678767574092035 53560.842002573124773 5.35608420025731 32100.768185728738899 671.77453699905288431 -11360.46816642315207 8.3651992639620225134
101000 1849.2348867810906086 47027.335719806986162 4.7027335719807 32199.126162122483947 655.66578982482087667 -11368.906513146084762 8.339646270145015805
102000 1834.1093686957101454 52907.822701159333519 5.29078227011593 32040.052898453745001 650.30287739392724689 -11382.798515423288336 8.3810511565301695214
103000 1845.6462509353239057 45313.138156716544472 4.53131381567165 32225.918268920224364 654.3934010260653622 -11368.775385708217073 8.3327128232324856327
104000 1852.1581694190222152 56003.190311101498082 5.60031903111015 31984.837812002355349 656.70227060580862144 -11384.382192471639428 8.3955192762962074227
105000 1835.1599351483341707 47480.385295611456968 4.74803852956115 32184.610913793403597 650.67536684231856725 -11368.06497401818342 8.3434074477125204083
106000 1846.638463182803207 54382.892442263771954 5.43828924422638 31992.740264403895708 654.74520037376737491 -11389.305925208307599 8.3934455185962146828
107000 1872.19043717756972 49476.701869110620464 4.94767018691106 32134.696394035468984 663.80492303562141387 -11372.611629423470731 8.356367183531734355
108000 1881.3659873321282703 49391.148454382651835 4.93911484543827 32136.813451431589783 667.05821139945817322 -11373.045846008255467 8.355816696191809001
109000 1886.9456384879042616 48203.109041733761842 4.82031090417338 32177.108972432579321 669.03653573680992395 -11371.422111136529566 8.3453526738506376148
110000 1865.2284292361282496 52214.427065358831896 5.22144270653588 32054.536502297440165 661.33646947770830593 -11383.523596260052727 8.3772642409172668465
111000 1851.2658747522768863 43639.151044859805552 4.36391510448598 32291.828661863746674 656.38589809325753777 -11358.105753282725345 8.3157050414120217141
112000 1856.8195469554655119 53831.334331873040355 5.3831334331873 32050.209318354729476 658.35501131817090936 -11376.943505132945575 8.378395277627419091
113000 1808.6409166443556842 48414.673669425683329 4.84146736694257 32171.814710694648966 641.27276832058282707 -11364.565687008893292 8.3467260027022440738
114000 1873.0195336357255655 56474.64996516789688 5.64746499651679 32049.837096293555078 664.09888795482322621 -11358.335530027212371 8.3784925830692600357
115000 1843.3294301216899385 46852.28836766898894 4.6852288367669 32191.158998442042503 653.57194769987484051 -11372.942582247091195 8.3417102942105820773
116000 1892.1860416067993356 52315.698364766372833 5.23156983647664 32057.082259859394981 670.89457609420958306 -11384.705678312895543 8.3765989750138718506
117000 1798.1117803906270183 50857.882054064866679 5.08578820540649 32077.26833717135014 637.53955168741026682 -11378.849218656167068 8.3713276198366308734
118000 1888.8331654704493303 49370.055138282492408 4.93700551382825 32148.87496893842399 669.70577839423151545 -11370.385904933489655 8.3526817862000157788
119000 1842.9325950481081691 46323.162460815481609 4.63231624608155 32128.963175246411993 653.43124562692014479 -11396.800514748138085 8.357858326619160394
120000 1860.7688678625579541 52489.187342774879653 5.24891873427749 32059.268608508165926 659.75528482065055869 -11385.619818479512105 8.3760277153861508737
121000 1834.4462915417147997 51480.241691686976992 5.1480241691687 32054.707583686016733 650.42233695285869999 -11386.160124207184708 8.3772195300430496445
122000 1882.2164127831770202 51569.201269298006082 5.1569201269298 32128.857904457665427 667.35973873870261741 -11363.723288171302556 8.3578857112943598651
123000 1840.756719499664996 49444.929670354402333 4.94449296703544 32132.015887979247054 652.65976593538459838 -11378.416386455197426 8.3570642855411936267
124000 1859.1042984049061033 51768.255623635122902 5.17682556236351 32127.515858425002079 659.16509411206538971 -11362.962545095077076 8.3582348409130240441
125000 1837.235510639146014 49963.142272451237659 4.99631422724512 32116.212223445003474 651.41128408747340472 -11378.579002220722032 8.3611766086115775209
126000 1903.1347230141095679 59404.445667691674316 5.94044456676917 31962.030794462763879 674.77654689942198729 -11376.918620242566249 8.4015100331608074669
127000 1811.3993633919460535 42887.816689640007098 4.288781668964 32214.786254470556742 642.25080479305972858 -11389.649662940013513 8.335592242602846369
128000 1809.1070374478481426 52978.5410895570094 5.2978541089557 32045.836085765520693 641.43803638196345673 -11377.275361540087033 8.3795386608481070567
129000 1856.5180804465965139 45903.8557730404209 4.59038557730404 32210.777762297333538 658.24812317861858446 -11370.639997040025264 8.3366295710557700716
130000 1898.2583170837021953 52661.564705282267823 5.26615647052823 32103.950593200737785 673.04756559546638073 -11364.662457395266756 8.3643700366504152299
131000 1843.8800472352213546 44409.806420136264933 4.44098064201363 32219.319986759848689 653.76717482175922669 -11377.064538922397332 8.3344193021523285125
132000 1943.0871704484975453 49096.900217558264558 4.90969002175583 32123.574073439634958 688.94210974368581901 -11391.60104125998987 8.3592604542063888573
133000 1897.8449940819853055 47216.133804770135612 4.72161338047701 32108.419242222069443 672.90101755318642063 -11401.663912162188353 8.3632059359297805656
134000 1857.5266134569119458 50391.28901972463791 5.03912890197246 32137.947798585133569 658.60570922542081007 -11365.371705217068666 8.3555217676872182153
135000 1843.3565048505411141 46929.058033799039549 4.6929058033799 32215.878808215351455 653.58154733137826042 -11359.623178979483782 8.3353095533559091734
136000 1833.9809055440214252 51641.135286445183738 5.16411352864452 32059.020474014752836 650.25732942464674124 -11382.892720169458698 8.3760925452332024577
137000 1830.8185444577206908 50888.654252350221213 5.08886542523502 32106.717437672534288 649.13608085088128519 -11370.44418183657217 8.3636492245324873807
138000 1869.8604715314929763 48959.829902493467671 4.89598299024935 32116.061021159242955 662.97880907004571327 -11384.678161105788604 8.3612159729973285494
139000 1845.4227760821452193 50536.064760499044496 5.0536064760499 32141.151204556084849 654.31416565301299215 -11363.443980970214398 8.3546889994969717463
140000 1860.6362473411231804 55563.603481717014802 5.5563603481717 32009.327310902954196 659.70826281195104457 -11376.142098436908782 8.3890960841406894133
141000 1747.9340715627809004 46069.758979690137494 4.60697589796901 32159.920408592322929 619.74851425599047161 -11376.98988644228848 8.3498130277750721717
142000 1860.5912979138222454 53064.524596381772426 5.30645245963818 32044.159613077325048 659.69232551703839817 -11377.238531306174991 8.3799770579811330151
143000 1868.6903058696263997 48550.067852720174415 4.85500678527202 32168.667557046766888 662.56391445692872821 -11368.45044337345098 8.3475425870118264982
144000 1838.9067145529186291 50955.125257882042206 5.0955125257882 32117.304014173201722 652.00382711265365288 -11369.271006759361626 8.3608923800507337631
145000 1849.1284111311254037 47298.163970499925199 4.72981639704999 32100.515566000700346 655.62803775685449637 -11398.63434113268886 8.3652650951278406666
146000 1848.5822372642148821 52997.059401929793239 5.29970594019298 32054.643290710471774 655.43438603505899209 -11377.659498030752729 8.3772363324877225921
147000 1852.6095459581672458 46285.339552033889049 4.62853395520339 32230.572180875118647 656.86231093230389888 -11361.069679229354733 8.3315096267267847452
148000 1851.890371995444184 52914.947412867790263 5.29149474128678 32073.256684117190161 656.60732019658883019 -11372.715606963347454 8.3723746872530853125
149000 1843.8961286451030901 48632.274430709134322 4.86322744307091 32120.661858602146822 653.77287665573771847 -11383.066575598622876 8.3600183452620697722
150000 1886.4293006920272546 48890.624430497788126 4.88906244304978 32112.427847805134661 668.85346270959735193 -11384.304391359337387 8.3621619540120626368
151000 1835.765250529045943 46713.701613905264821 4.67137016139053 32196.416068384922255 650.88998781341558697 -11370.143370688001596 8.3403482496163388049
152000 1876.1520833066074374 53561.569800401906832 5.35615698004019 32086.043519635262783 665.2095665759146641 -11363.298496032806725 8.3690381531629256529
153000 1833.78222720756321 46749.504201293013466 4.6749504201293 32175.05962579066545 650.18688591888871997 -11375.774679030630068 8.3458842197335876278
154000 1835.9643018102087808 54727.658570267260075 5.47276585702673 32028.917382906816783 650.9605635506636645 -11373.59044008874298 8.3839650023007710189
155000 1857.7105547798341831 51424.791607494094933 5.14247916074941 32079.18497166634188 658.67092756714544066 -11381.620697286736686 8.3708274582739470304
156000 1870.2153911505590713 46559.436341093140072 4.65594363410931 32181.566551319825521 663.10464957523129215 -11374.792298390237193 8.344196730499456649
157000 1867.5675427809258053 48495.678924717882182 4.84956789247179 32136.843989047818468 662.16582692753945594 -11378.05621816310304 8.3558087561861373871
158000 1821.121483907508491 50101.644042439111217 5.01016440424391 32123.343842458249128 645.69788545986682493 -11369.406705672057797 8.3593203658005084122
159000 1861.9548129104280179 52184.80568387076346 5.21848056838708 32094.438707292225445 660.17577418198527539 -11370.774458025558488 8.3668489998817339171
160000 1883.9334674105136855 46236.968385631502315 4.62369683856315 32168.243371396281873 667.96853861937358943 -11387.201775849822297 8.3476526616510078327
161000 1894.0690922100384341 51959.187129426958563 5.1959187129427 32124.045569246747618 671.56223160399827066 -11362.707030882229446 8.3591377624287854786
162000 1870.2307994872514882 44563.819770525959029 4.4563819770526 32230.229990552914387 663.11011276399096914 -11372.964918420653703 8.3315980828738389619
163000 1907.193029002894491 50501.013984698605782 5.05010139846986 32101.189499675550906 676.21546221543098909 -11381.825413943919557 8.3650894744130166458
164000 1922.6932028373914818 48528.996632040696568 4.85289966320407 32201.176866270739993 681.71121280518320873 -11362.322995667380383 8.3391151669722276552
165000 1848.1056118239096122 46629.134544838561851 4.66291345448386 32192.968177533992275 655.26539344358116068 -11372.006035405902367 8.3412415071210475048
166000 1838.2959198941557588 52227.488396999440738 5.22274883969994 32052.1291570914982 651.787263405565227 -11380.423388837032689 8.3778934336554602424
167000 1907.0792581317323311 49129.506928731301741 4.91295069287313 32195.250775635762693 676.17512354962229892 -11360.882222743668535 8.3406501248031013063
168000 1832.7779048454735857 50365.762666158712818 5.03657626661587 32100.089265632141178 649.83079280195408955 -11380.03974279920476 8.3653761887626156835
169000 1895.9449139149821804 52974.773373910982627 5.2974773373911 32073.390000266957941 672.22732403143106694 -11374.184034973206508 8.3723398866673743868
170000 1850.2507139457343328 45968.799099427218607 4.59687990994272 32156.099427979210304 656.02596209119587911 -11388.515546838394584 8.3508052026429755443
171000 1849.4153176018214708 51100.552061280948692 5.1100552061281 32128.106224280061724 655.72976348086046983 -11364.52208158657595 8.3580812552511680735
172000 1830.3026003934426171 46158.748398736395757 4.61587483987364 32149.42196896268797 648.95314742537198072 -11392.133279742451123 8.3525396711366681757
173000 1807.9905856237164699 55802.70489386418194 5.58027048938642 31982.53815291065257 641.04218657818603333 -11378.301509857374185 8.3961229442146496638
174000 1878.6066721318891268 45665.123764328505786 4.56651237643285 32186.811432053207682 666.07986700790843315 -11384.415036390706518 8.3428370333216328447
175000 1906.6614690229166627 46292.808761962834978 4.62928087619628 32241.862467957496847 676.02699200182928507 -11359.740076946411136 8.3285921421798292386
176000 1840.0459432822224244 58668.044979347621847 5.86680449793476 31925.892712906628731 652.40775270908795846 -11382.758159068513123 8.4110200085749102783
177000 1809.4120971644208566 44564.18277831364685 4.45641827783136 32163.920544729255198 641.54619853131509899 -11392.496116781388992 8.3487745850646248869
178000 1877.4706533518874494 48733.022965462594584 4.87330229654626 32125.604239113232325 665.67707953295325751 -11380.599430556469088 8.3587321938348644323
179000 1879.0468458257760176 51822.21872314439679 5.18222187231444 32053.910212759223214 666.23593524711668579 -11387.237257702108764 8.3774279211958386782
180000 1833.533334808169684 46123.7645601986369 4.61237645601986 32172.139509495205857 650.09863848596592106 -11377.364729323606298 8.3466417370414696109
181000 1878.3903207525443122 50332.373580541585397 5.03323735805416 32166.191126732697739 666.0031573378541907 -11360.222041995370091 8.3481852527047895052
182000 1836.3652889529612366 54813.14403620914527 5.48131440362091 31980.144694364880706 651.1027377836622918 -11391.983641707844072 8.3967513269941598253
183000 1845.631440782650543 39594.949292430683272 3.95949492924307 32300.607591967855114 654.38814992977711427 -11381.723012790638677 8.3134449293346541765
184000 1885.3389426596590965 55144.720540848087694 5.51447205408481 32006.213855191275798 668.46686473570287035 -11385.405821430123979 8.3899121468976627369
185000 1887.8741174283281907 43177.47924263709865 4.31774792426371 32231.674387284499971 669.36573776634133992 -11383.860003532321571 8.3312247193031101489
186000 1834.225747006195661 51106.289773860175046 5.11062897738602 32051.89432671371469 650.34414055492879925 -11388.185786950904003 8.377954814859952748
187000 1822.4035850103207395 50773.093797736590204 5.07730937977366 32134.845894788464648 646.15246796759458903 -11361.850703241409065 8.3563283072542411389
188000 1800.1705446109085642 47227.345925667119445 4.72273459256671 32173.380554150084208 638.26950831877343262 -11371.236245491418231 8.3463197766215344586
189000 1869.043657287231099 61544.692817306226061 6.15446928173062 31964.156709653831058 662.68919893969814439 -11354.57182151674715 8.4009512542144495484
190000 1861.0803926516252886 44525.552942125832487 4.45255529421258 32253.984584463618376 659.86573922984098317 -11367.991605025152239 8.3254619811910348659
191000 1827.0730065979912524 52217.587844946603582 5.22175878449466 32070.703390428559942 647.80806078340731347 -11377.114994160328934 8.3730412498534612098
192000 1828.2920037889336982 50020.924807104223873 5.00209248071042 32098.124823160775122 648.24026913168518149 -11379.152191758292247 8.3658881594887795075
193000 1844.2819443154382952 48358.622436876124993 4.83586224368761 32120.221020356962981 653.90967168271095034 -11385.914828292621678 8.3601330834456799579
194000 1873.6971549475631491 51842.114278353990812 5.1842114278354 32135.450426469578815 664.33914575863389018 -11361.847218272228929 8.3561711081133385193
195000 1812.109721641990518 48596.874235410810797 4.85968742354108 32152.503588812654925 642.5026698245942498 -11371.539724950102027 8.3517391315464273305
196000 1889.3338841062777647 54829.833344758779276 5.48298333447588 32096.318634680719697 669.88331348303347568 -11354.845559967738154 8.3663589415429786555
197000 1834.5252066937175641 50858.482798715536774 5.08584827987155 32099.28426387415675 650.4503171547448801 -11375.618945460930263 8.365585979812248496
198000 1844.5413371887132143 47352.179541842713661 4.73521795418427 32180.466458950289962 654.00164216971973019 -11370.263065341248875 8.3444819776746292916
199000 1852.7273722595841718 50559.136929050051549 5.055913692905 32122.509743308623001 656.90408749380662812 -11372.419407825344024 8.35953742549055967
200000 1816.0639133969359591 48962.669881006666401 4.89626698810067 32067.154473050017259 643.9046703377026688 -11396.061456636158255 8.3739679061811322924
200000 1816.0639133969359591 48962.669881006673677 4.89626698810067 32067.154473050017259 643.9046703377026688 -11396.061456636161893 8.3739679061811322924
201000 1852.0131541359166931 51977.175368687407172 5.19771753686874 32101.508600791381468 656.65085390325032222 -11367.202531153106975 8.3650063222652928374
202000 1815.5604265050806134 51157.385301968599379 5.11573853019686 32099.477836084715818 643.72615373444443776 -11369.526288453629604 8.365535532107802652
203000 1890.287634536347241 51505.975706637880648 5.15059757066379 32113.557751494932745 670.2214757865339152 -11367.49161303785877 8.3618677344266885143
204000 1830.634282867317097 47460.191967573278816 4.74601919675733 32207.601788482330448 649.07074895493349231 -11359.241888760501752 8.3374516414910964102
205000 1865.4779027149650119 54125.191615916090086 5.41251916159161 32046.148867321717262 661.42492293849420548 -11374.794153025410196 8.37945687363700209
206000 1872.203254315467575 43712.042668445610616 4.37120426684456 32243.64080718441619 663.80946748743940589 -11378.353473124392622 8.3281327938636753316
207000 1832.2618996772187074 50647.565410305564001 5.06475654103056 32101.668974263207929 649.64783771138331758 -11378.405426725204961 8.3649645323787034101
208000 1849.5201252355543602 50395.408770412519516 5.03954087704125 32140.68717965601536 655.76692413602779652 -11364.150606750001316 8.3548096186892877313
209000 1820.246822278897298 53500.067052784084808 5.35000670527841 32051.526627291626937 645.38776492750378111 -11374.197777195075105 8.3780509278838195542
210000 1849.6802276721252838 49571.266192134062294 4.95712661921341 32184.457118932965386 655.82369014843516197 -11354.228343595303159 8.3434473170562633015
211000 1822.4053511360807533 50349.467143598842085 5.03494671435988 32064.923433300398756 646.1530941661644647 -11389.035698616664376 8.3745505570425819997
212000 1864.8883489854188156 49890.459375479906157 4.98904593754799 32120.503536841355526 661.21589042754044385 -11376.256551283924637 8.3600595517401412593
213000 1824.6328929087992492 50329.679090220306534 5.03296790902203 32146.760718637095124 646.94289266402836347 -11362.537983820313457 8.3532311311289788591
214000 1856.8016998585499095 50998.234692729180097 5.09982346927292 32047.963155384593847 658.34868344117762717 -11397.778866999413367 8.3789824987600241002
215000 1865.9138538620677537 53095.024764333160419 5.30950247643332 32043.292361400875961 661.57949402907524927 -11381.628050116214581 8.3802038620520189482
216000 1793.823662090777816 46836.224841294373618 4.68362248412944 32134.079088636237429 636.0191539856197096 -11385.308387169323396 8.3565277118781722265
217000 1835.1400629405407017 54365.462790145691542 5.43654627901457 32049.27074460098811 650.66832094084247728 -11370.983073711631732 8.3786406417721668305
218000 1832.98643394636224 43992.725872485898435 4.39927258724859 32285.489351469732355 649.90472900043971549 -11357.007816736291716 8.317337844149768955
219000 1838.9533434018567277 52176.633834966443828 5.21766338349664 32076.437677797785 652.02035986427222269 -11375.946138674453323 8.3715444058097645552
220000 1830.6676326123708805 46832.68243545867881 4.68326824354587 32202.321086716987338 649.08257345980700848 -11366.77928693931608 8.3388188595709085149
221000 1868.5277879824407137 51262.117489174102957 5.12621174891741 32063.810225088276638 662.50629202095581149 -11383.511846900444652 8.3748413090894366917
222000 1824.5181504982153911 50845.802996200545749 5.08458029962005 32094.40045756363179 646.90220952864103765 -11376.937860201889634 8.3668589713938636976
223000 1890.6436215117958 46854.881323517285637 4.68548813235173 32150.612924346860382 670.34769473421511066 -11389.542529008384008 8.3522302679499773603
224000 1827.1432408347002365 51508.480876345362049 5.15084808763454 32105.458282529405551 647.83296307495163546 -11366.291123076447548 8.3639772414025070901
225000 1890.7037562109862847 51987.149294868242578 5.19871492948682 32073.257815391316399 670.36901612790200033 -11381.069409311181516 8.3723743919462929597
226000 1853.9304527285080439 51310.681875042857428 5.13106818750429 32109.799769559500419 657.33065239993004525 -11368.609430672104281 8.3628463686168110769
227000 1854.5756955210717933 48500.073768378446402 4.85000737683784 32156.219731559856882 657.55943005724077466 -11373.66276346909217 8.3507739604206125961
228000 1803.4502751346039986 51275.251194610878883 5.12752511946109 32095.053561610202451 639.43237146806995952 -11374.194729961960547 8.3666887137109835493
229000 1864.1816744161455972 54071.383725425133889 5.40713837254251 32049.789956366254046 660.9653314839883933 -11377.338923992052514 8.3785049064427301602
230000 1868.3632440203537044 47074.735696402000031 4.7074735696402 32168.771439877065859 662.44795121869549348 -11380.510175157676713 8.3475156302363213712
231000 1847.2545076955898367 52523.195029461116064 5.25231950294611 32087.451895305224753 654.9636254721314117 -11366.837813614314655 8.3686708211056988205
232000 1850.7419183603931288 48594.241867739510781 4.85942418677395 32133.849170154098829 656.20012381224330511 -11378.149748644827923 8.3565875030397371859
233000 1857.8371630792212272 49958.13823367558507 4.99581382336756 32063.868743991923111 658.71581787892216653 -11394.703397042940196 8.3748260243920249479
234000 1913.5549926554529065 51639.583478465472581 5.16395834784655 32167.655757061525946 678.47116372361119829 -11352.990708895897114 8.3478051502377610404
235000 1851.7118069617222318 45710.990321022378339 4.57109903210224 32201.55575066705569 656.54400807506908677 -11375.494585302607447 8.3390170487123427279
236000 1881.2368100983005661 48653.43741494029382 4.86534374149403 32144.869022689632402 667.01241024480202668 -11374.590800331683567 8.353722711090552977
237000 1809.8142871730169645 51352.362284849608841 5.13523622848496 32106.684067896479974 641.68879925312216983 -11366.696365571064234 8.3636579172115883551
238000 1846.5368556782875658 51858.044264726588153 5.18580442647266 32106.628031183747225 654.70917435826402198 -11366.640769640525832 8.3636725145681118931
239000 1804.3425155635341071 49380.325539163226495 4.93803255391632 32151.049182044007466 639.74872475002996453 -11362.369445451719002 8.3521169365086880276
240000 1875.3328394310804015 49082.22035380538 4.90822203538054 32196.879225294618664 664.9190949941018971 -11359.21750538996821 8.3402282724628378219
241000 1827.2643955814794481 52190.551382827521593 5.21905513828275 32039.6500250508725 647.87591977196507287 -11387.943734704054805 8.3811565416575497522
242000 1813.7339091631806696 45680.679322666044754 4.5680679322666 32202.794610364620894 643.07854269045742512 -11370.2898433695118 8.3386962420164039145
243000 1897.9887418954808709 50749.818734841268451 5.07498187348413 32091.917375664470455 672.95198486098763624 -11381.129063463888087 8.3675063492311387847
244000 1890.640303998995023 45383.151083644923347 4.53831510836449 32194.437303625501954 670.34651847495979382 -11381.286666288968263 8.3408608719380783469
245000 1836.2317516489620175 50559.756603106841794 5.05597566031068 32004.787427388913784 651.0553907200071535 -11410.858807758117109 8.3902860785781303576
246000 1839.0794172389289542 47782.786408048625162 4.77827864080486 32145.268304948480363 652.06506067678185445 -11378.117723627514351 8.3536189479723788054
247000 1902.5608251489102258 51183.606333439995069 5.118360633344 32067.457963021290198 674.57306534077599736 -11389.611775816350928 8.3738886540220676125
248000 1879.7748531077168082 49467.794837506226031 4.94677948375062 32125.551266714111989 666.49405792959692008 -11380.951107702810987 8.3587459766986746956
249000 1839.7534983325874691 49443.756206770121935 4.94437562067701 32063.599795261688996 652.30406325878971074 -11398.864341239866917 8.3748962722381676826
250000 1885.3083641924386029 46068.727166994591244 4.60687271669946 32218.635458131881023 668.45602281669891909 -11369.317726962248344 8.3345963781994267805
