step temp press pressGiga vol ke pe density
0 6000 82084.563237872527679 8.20845632378725 22434.256244735999644 1562.7551530500002173 -8874.8858109582106408 8.7939999863559066284
1000 5718.0255444170261399 7192.1275589583183319 0.719212755895832 26295.351859300375509 1489.3123141348733043 -7920.5596288499746152 7.502727104232871369
2000 6012.3159779579191309 3654.1283453348955845 0.36541283453349 26831.348473060286778 1565.962962719764846 -7712.8003722168459717 7.3528488256263679901
3000 5968.0041357856789546 896.51350798563339595 0.0896513507985633 26958.55463820533987 1554.4215361037970524 -7771.1413970318217252 7.3181538015588047941
4000 5978.5468001148437907 5370.8094949204123623 0.537080949492041 26910.0833042164777 1557.1674699383436291 -7762.3452724205581035 7.3313355027481748039
5000 6007.8957207951862074 -2804.280100639747161 -0.280428010063975 26956.870833272350865 1564.8116661099536486 -7779.7816694959492452 7.3186109148323614804
6000 6159.018786119516335 11615.824892998107316 1.16158248929981 26863.393339218004257 1604.1730576233385364 -7753.977405505032948 7.3440777424828569409
7000 6095.2225991337309097 -11146.197116785380786 -1.11461971167854 27170.774864196228009 1587.5567542971755302 -7782.4839099502696627 7.2609945831940247984
8000 5976.1964000305670197 1815.5545511922834976 0.181555455119228 27022.902805555211671 1556.5552866311047637 -7745.3213780939786375 7.3007274803044506228
9000 5862.9281414611132277 -3984.1981398159064156 -0.398419813981591 27125.344272192171047 1527.053527505035845 -7747.1459713032554646 7.2731555821160149833
10000 6067.1160460279643303 6850.1449665184145488 0.685014496651841 26984.821033244734281 1580.2361441804239348 -7737.3187729417759328 7.3110304814347255586
11000 5931.1613663597699997 8147.5138015782004004 0.81475138015782 26888.963915068467031 1544.8254981416350802 -7761.5393846758270229 7.3370937509256135556
12000 6055.9034290247636818 6945.0352313639523345 0.694503523136395 26914.953914999743574 1577.3157150136025848 -7742.4729006859397487 7.3300088022875975469
13000 6012.164717929021208 2443.4555873171261737 0.244345558731713 26893.945073239472549 1565.9235656548296447 -7791.0415249870784464 7.3357348121611689606
14000 5956.4836073307915285 -6210.5843187030823174 -0.621058431870308 27102.687074114946881 1551.4209085690079064 -7765.7676303396219737 7.2792357662032918242
15000 6115.859837853226054 -4512.6059933703927527 -0.451260599337039 26997.801529159663914 1592.9319128227778037 -7710.6163431791383118 7.3075153507232233352
16000 5958.9882162756121033 -2169.8096575079543982 -0.216980965750795 27044.909440665371221 1552.0732569914903252 -7764.8231748726338992 7.2947868264431292573
17000 6058.0205929236617521 -1725.2529584099736439 -0.172525295840997 27155.783475138472568 1577.867149812411526 -7740.3377885174177209 7.2650030256255444527
18000 6068.4545683141868722 -2460.4651766516290081 -0.246046517665163 27029.132518331836764 1580.5847746138015282 -7772.1562335306543901 7.299044798286007385
19000 5886.5544250446528167 -7183.7930250237313885 -0.718379302502373 27202.540984119328641 1533.2072102413019365 -7739.7344847239619412 7.2525154626285823767
20000 5982.4989121595308461 17603.405413175183639 1.76034054131752 26846.490391997296683 1558.1968338488877635 -7723.4636493769230583 7.3487016823965429779
21000 6083.6292419149485795 5404.8470324940544742 0.540484703249405 26987.714187797992054 1584.5371578413753468 -7748.8872025732480324 7.3102467195725990834
22000 5993.1306312066599276 -3803.3903057762827302 -0.380339030577628 27114.672121571984462 1560.9659628033346053 -7753.3922752621629115 7.2760182467098690751
23000 5865.99635043752005 -147.98619746032804301 -0.0147986197460328 26908.052299895993201 1527.8526707364549111 -7786.9332632189925789 7.3318888677377715979
24000 5969.1666246652148402 7331.8841961036623616 0.733188419610366 26961.088777342491085 1554.7243170182734957 -7734.1243029830748128 7.3174659502589793902
25000 6050.6341097522945347 -8769.2210198223219777 -0.876922101982232 27201.180206806384376 1575.9432723725831238 -7757.2375687469266268 7.2528782799191668929
26000 6120.8837810818504295 9937.0190547367292311 0.993701905473673 26787.861568724838435 1594.2404450176384216 -7694.8378278170548583 7.3647853003857548515
27000 5984.7218549039962454 -2818.2781031212552989 -0.281827810312126 27036.103679128849762 1558.7758197203625059 -7767.8230440633815306 7.2971627661871023562
28000 5831.5747382391491556 2458.0712394881084037 0.245807123948811 26875.758430366175162 1518.8872454299059882 -7779.5258495814377966 7.3406988539978916819
29000 6304.0092405568229879 -14939.327762956292645 -1.49393277629563 27967.205694309777755 1641.9371542591654816 -7577.3357363055574751 7.0542209781885087949
30000 5975.4046653789600896 1680.1847416165273899 0.168018474161653 27031.115218301620189 1556.3490720633303681 -7745.4045747855843729 7.2985094220803228282
31000 6030.3215891324953191 -3296.2410388375733419 -0.329624103883757 27132.052253078189096 1570.652689660912074 -7753.357503479589468 7.2713574067265973611
32000 6145.0762773198612194 -14094.520144771535342 -1.40945201447715 27337.011419889287936 1600.5416030444873741 -7757.5722135279756912 7.2168404248671951251
33000 5981.1597982842649799 -8544.0654413230495265 -0.854406544132305 27261.594617549319082 1557.8480493307056349 -7736.1405928401163692 7.2368051787811475961
34000 6146.0011025069516108 -4469.828082736405122 -0.446982808273641 27148.129080547441845 1600.7824822656200467 -7758.5395079835398064 7.2670513877685927184
35000 5948.1368084835721675 -2094.8905833079652439 -0.209489058330797 26996.161691969784442 1549.2469080840139668 -7783.3785111385550408 7.3079592336564518362
36000 6061.1264098691926847 5220.0198717901039345 0.52200198717901 26998.717708348161977 1578.6760883850879509 -7743.7072486719116569 7.3072673762247202234
37000 5966.335951959023987 1493.4321146691929698 0.149343211466919 26976.110436725564796 1553.9870422919070734 -7760.4165485460071068 7.3133912160118068613
38000 5988.6738492610693356 2670.2889342177945764 0.267028893421779 26853.228493553753651 1559.805152978085971 -7798.3236522710421923 7.3468577216878339087
39000 6020.1611053447904851 9449.500523091022842 0.944950052309102 26817.148096506985894 1568.0062982614592784 -7789.591933619341944 7.3567423500864501662
40000 5983.9480817574349203 4313.118235268351782 0.431311823526835 26907.224370975091006 1558.5742833916824566 -7773.1230807825613738 7.3321144682216692345
41000 5998.4465158264138154 14096.295921915898361 1.40962959219159 26755.297255775800295 1562.3505338170912182 -7776.6819294693414122 7.3737491018726712966
42000 6000.1020476545281781 -1272.0238623722827924 -0.127202386237228 27091.338694990274234 1562.7817322996618259 -7724.3476730510155903 7.2822849889878424889
43000 5978.6884397473850186 1134.9401332400302636 0.113494013324003 27098.876918499019666 1557.204361282615082 -7734.8886765553470468 7.2802592411287534446
44000 5997.825785864770296 -2220.2606558743095775 -0.222026065587431 26995.232995688937081 1562.1888589927227713 -7779.7940643072079183 7.3082106437688212353
45000 6111.2985006295657513 1552.8714809509540373 0.155287148095095 27065.380570464858465 1591.743870614265461 -7751.0839572414406575 7.2892693526505505375
46000 5981.1175033003028148 614.22996854903499298 0.0614229968549035 27009.863158847078012 1557.8370332133499687 -7758.7472843595060112 7.3042520782076554298
47000 6048.1706608571175821 5593.0666539475478203 0.559306665394755 26859.906981230986275 1575.3016444633808533 -7702.418002633402466 7.3450309879320192508
48000 6043.1737747170891453 -3900.4951244887492976 -0.390049512448875 27073.822032831489196 1574.0001595359585735 -7771.6361034776091401 7.2869966002905028901
49000 6101.849646791340092 -8425.7250611265098996 -0.842572506112651 27128.896505107342819 1589.2828297765815933 -7748.7691793599242374 7.2722032417710584795
50000 6014.6328030468293946 3123.5800174373316622 0.312358001743733 27057.844557441912912 1566.5664011108331124 -7726.2923961749947921 7.291299522816275136
51000 5925.4814551663739621 -6192.4992985251546997 -0.619249929852515 26992.651250263741531 1543.3461130605774088 -7797.0786863203247776 7.3089096465907736899
52000 6080.9212427817183197 -1764.2524376402652706 -0.176425243764027 27020.605016860699834 1583.8318345747234162 -7772.0241591038593469 7.3013483224008979278
53000 6023.5121494540890126 6432.9191311619661064 0.643291913116197 26891.306979307082656 1568.8791085031100465 -7759.5560587033996853 7.3364544632183852357
54000 6000.3559089726913953 -9360.037352221650508 -0.936003735222165 27109.969471711399819 1562.8478528135151464 -7781.2895730487398396 7.277280386316083316
55000 6096.9643631420949532 -2832.0558083836135665 -0.283205580838361 27139.445482535767951 1588.0104127437534771 -7738.2392758817695722 7.2693765698738115333
56000 5980.8979331502614514 7367.2079996863321867 0.736720799968633 26868.655262992568169 1557.7798441494444432 -7764.2528624450724237 7.3426394875014606711
57000 6047.5833623521439222 11239.297431898865398 1.12392974318989 26714.712962794648774 1575.1486771692098046 -7788.6954854671057547 7.3849511085847288072
58000 6005.3723894067643414 683.68778780458501387 0.0683687787804585 26984.591839212149353 1564.1544412549355911 -7744.0232921135357174 7.3110925777809807613
59000 6010.6436373332653602 -5143.4437556463490182 -0.514344375564635 27122.894618274251116 1565.5273862316259965 -7753.1774035965172516 7.2738124704871909287
60000 6031.6887301299202591 -2508.5179550940511035 -0.250851795509405 27024.659703613997408 1571.0087741006907436 -7777.7093209420490894 7.3002528532757091639
61000 6119.3012741490183544 17255.688060389071325 1.72556880603891 26760.472540901122557 1593.8282665403016836 -7759.8096574453702488 7.3723230712229339545
62000 5991.9389335741707328 -1283.1418633347354898 -0.128314186333474 26985.304114014306833 1560.6555742006596574 -7790.8513606108499516 7.3108996021155077116
63000 5967.8067581420518763 3141.0842227711195846 0.314108422277112 26979.023250735321199 1554.3701272821845123 -7753.9329548966052243 7.3126016192871645671
64000 6022.9179256095367236 -1146.6760283687024184 -0.11466760283687 27015.547584095897037 1568.7243374405868508 -7768.7691956445069081 7.3027151678486168507
65000 5901.5261707206163919 -11383.486839901663188 -1.13834868399017 27335.385341035926103 1537.1067390255129794 -7727.6099564107335027 7.2172697274527104483
66000 6195.0610436171054971 -2210.5415749929984486 -0.2210541574993 27122.185712755708664 1613.5605948953239022 -7755.1489906514943868 7.2740025895969040448
67000 6060.4224595868117831 3450.9579874802498125 0.345095798748025 27039.27782410742293 1578.4927380632077529 -7744.4826201422474696 7.2963061511287117256
68000 6050.8878100502497546 -8754.6171105600933515 -0.875461711056009 27300.518394984414044 1576.0093509472430924 -7731.4361770825507847 7.2264872870091076962
69000 6070.1519862502764227 -3948.1871314697277739 -0.394818713146973 27131.557569889209844 1581.0268827182187579 -7747.8446000733238179 7.2714899836441189152
70000 5920.4986602199332992 -11133.490466799832575 -1.11334904667998 27198.860791568775312 1542.0482983140536817 -7755.4745856053541502 7.2534967777499348429
71000 6101.3451973599421763 1965.4779294579461748 0.196547792945795 27076.367584911553422 1589.1514412851865927 -7738.3105844660985895 7.2863115220836451869
72000 6034.7010912542318692 5688.5007435876395903 0.568850074358764 27110.165878639105358 1571.7933712456683679 -7711.072800247545274 7.2772276640904385303
73000 5942.9382786626674715 -9608.7988682312934543 -0.960879886823129 27212.445942604121228 1547.8929032063635987 -7754.1509869108440398 7.2498756461005431362
74000 5924.1855881158589909 353.76276041362967817 0.035376276041363 27067.883338249645021 1543.0085925754340224 -7743.4007005173552898 7.2885953676077424035
75000 6016.790927434311925 2690.37206811743863 0.269037206811744 26828.288897739079403 1567.1285044454100444 -7799.9151070149500811 7.3536873656798613652
76000 6040.8669888610193084 -2024.4076749403243412 -0.202440767494032 26930.044530252391269 1573.3993359553660412 -7708.8595027378751183 7.325901332561374879
77000 6139.1914155616577773 1590.7958181803221578 0.159079581818032 26994.812689296002645 1599.0088367048842883 -7758.7642678543816146 7.3083244318395088612
78000 6045.8229760668427843 4735.8239041568222092 0.473582390415682 26900.77072898021288 1574.6901683794244491 -7776.1497659723290781 7.33387348257557381
79000 5887.2406651127612349 -7085.3212567359150853 -0.708532125673591 26937.77366237766546 1533.3859477750795577 -7725.3241284193381944 7.3237993452165497388
80000 6033.1954458133313892 16981.327736286915751 1.69813277362869 26727.753018334075023 1571.4012120504294217 -7766.9191942114703124 7.3813481056481995424
81000 6250.8899079959301162 3492.10037877659488 0.349210037877659 27027.354450854505558 1628.1017358114802391 -7755.9950904557827016 7.2995249856530328714
82000 6119.4863585077246171 -1649.0297057218656391 -0.164902970572187 27081.31305929154405 1593.8764734628546194 -7760.8039934594826263 7.2849809268175214072
83000 5969.3432885123111191 -12595.215696220744576 -1.25952156962207 27294.476173547693179 1554.7703307411745755 -7739.1837582464640946 7.2280870259496952102
84000 5884.839937678347269 11388.183758915251019 1.13881837589153 26814.685274817231402 1532.760656246879762 -7758.3630277756110445 7.3574180374734181598
85000 6152.2537929689733573 -10609.21180816071319 -1.06092118081607 27228.309501435727725 1602.4110529722786396 -7764.9427826648789051 7.2456517764979269103
86000 5912.6280663320712847 1671.3448189826121961 0.167134481898261 27082.685967804332904 1539.9983297880837654 -7716.7472833603915205 7.2846116276888528418
87000 5878.8948098750806821 6540.8742102541518761 0.654087421025415 26809.343172710516228 1531.2121930618638999 -7784.6682973485058028 7.3588840964568396075
88000 5978.1730731770676357 8080.5916383672984011 0.80805916383673 26900.568276028407126 1557.0701293220363368 -7749.1175672710214712 7.3339286771097365047
89000 6002.8815952043878497 -3733.9135047683648736 -0.373391350476836 27087.476475253210083 1563.5056910091102509 -7757.9746776030424371 7.2833233206626699641
90000 5929.6958526417865869 4655.6704768732251978 0.465567047687323 26935.313565984633897 1544.4437916225276695 -7764.6128607365399148 7.3244682534254081929
91000 6072.8211755247657493 11952.706475970129759 1.19527064759701 26851.575333862463594 1581.7220976004145996 -7762.9450994252983946 7.3473100425998154606
92000 5922.0864360326031601 6038.8917006862347989 0.603889170068624 27019.161342170031276 1542.4618491195767547 -7724.3738051093405375 7.301738444494153768
93000 6027.7732487968914938 387.38647673564690876 0.0387386476735647 27069.342918928756262 1569.9889509957138216 -7753.4838198348206788 7.288202366085382522
94000 6198.3011320813347993 -8243.6567786811701808 -0.824365677868117 27374.133823709526041 1614.4045057192925015 -7710.7665390651873167 7.2070535776820578988
95000 6059.8608157128564926 -1272.9820749239888755 -0.127298207492399 27061.205738538155856 1578.3464527535072648 -7751.8801896664908782 7.2903938950936995056
96000 5990.0169737397354766 -4399.6517628315205002 -0.439965176283152 27192.098943762688577 1560.1549820947898297 -7731.7203991978331032 7.2553005017425009626
97000 5969.3768327712905375 -816.63764965870348078 -0.0816637649658703 27006.313715574018715 1554.7790676517704469 -7765.21593861297697 7.305212076994486381
98000 6015.7055212475061126 -3851.1723644691469417 -0.385117236446915 27085.007848311488488 1566.8458004268129571 -7762.5778257256351935 7.2839871494595955781
99000 5948.4102728177249446 581.79818127823125451 0.0581798181278231 27037.169345902428176 1549.3181343835760799 -7745.0525438257163842 7.2968751493954986387
100000 5941.6035644296734972 -3193.948250133772035 -0.319394825013377 27175.501524974803033 1547.545264615453334 -7733.6371856278383348 7.2597316715131379183
101000 6142.9931756762807709 -507.50336045703016907 -0.050750336045703 26994.88820181382107 1599.9990400731821865 -7770.6302291729480203 7.3083039883401781367
102000 5967.7788033226643165 5705.1728499257624208 0.570517284992576 26859.688047982064745 1554.3628461925095507 -7778.5188566425304089 7.3450908572609083791
103000 5940.1190635998327707 -113.07484316573022909 -0.011307484316573 27014.662200869333901 1547.1586127285299881 -7751.9645445039732294 7.3029545083026974339
104000 5907.8112894636715282 3449.3775718476540533 0.344937757184765 26866.176648766955623 1538.7437559760530803 -7781.7249624765245244 7.3433169032322211933
105000 6062.1274315703140019 8114.6691410096773325 0.811466914100968 26908.027876606211066 1578.9368136887117089 -7757.9368951406604538 7.3318955225861790481
106000 6046.1820851969487194 -6439.3799941758943532 -0.643937999417589 27152.664165858659544 1574.7837016533544556 -7758.2730391601362498 7.2658376321752839999
107000 5953.1849234424371389 -1928.0855158654524075 -0.192808551586545 26982.787531001315074 1550.5617360282064965 -7786.4696795079862568 7.3115814621986157107
108000 6106.382783878058035 -352.12590396094475409 -0.0352125903960945 26906.022516732005897 1590.4635270002067955 -7713.7740153377726529 7.3324419834788550077
109000 5932.9277030443163312 -2515.7012624765316104 -0.251570126247653 27120.54189990060695 1545.2855567676010651 -7745.3794063520072086 7.2744434767668195718
110000 6164.2762229597456098 9093.7874516330412007 0.909378745163304 26923.424077192219556 1605.5424053756555622 -7758.2387862990135545 7.3277027670949852478
111000 5745.3236662421140863 -2767.3779538756930378 -0.276737795387569 27137.211835489943041 1496.4223608933305059 -7723.7574740766094692 7.269974907742812853
112000 6048.2485463404473194 -3236.1868443477319488 -0.323618684434773 27078.676667475534487 1575.3219304534511593 -7759.6796337243777089 7.2856901957500879163
113000 6109.8484641009172265 -12329.41873683799713 -1.2329418736838 27150.26462623984844 1591.3661952713894152 -7788.8703941986896098 7.2664797866994579323
114000 6244.0599998306215639 5787.5792941881227307 0.578757929418812 26927.609776350072934 1626.3228234481143772 -7764.9704742641379198 7.3265637295214318669
115000 6004.6059229913080344 -11623.803347211529399 -1.16238033472115 27172.179289159310429 1563.9548080315364587 -7684.3180279197440541 7.26061929043811638
116000 5894.6498835537140621 -10612.667913340837913 -1.06126679133408 27377.911437994433072 1535.3157468248582518 -7698.5682822340386338 7.2060591457799452186
117000 6027.9046699622822416 5742.4617323426691655 0.574246173234267 26993.719937310786918 1570.0231808462860954 -7735.5285853790364854 7.3086202853213571018
118000 6089.2228963746010777 -7372.698088383056529 -0.737269808838306 27091.76036700003533 1585.9940765632425155 -7769.0982220755558956 7.2821716432434033806
119000 6054.4924877990215464 9429.867698467518494 0.942986769846752 26866.578114700998412 1576.9482224017392582 -7764.4118535000980046 7.3432071724147363057
120000 6151.9540265341156555 -3760.7835064046121261 -0.376078350640461 26976.142754962860636 1602.3329760488143165 -7719.7415751471462499 7.3133824543472902846
121000 6101.1161451213802138 -783.81726925576833764 -0.0783817269255768 27196.92307249184887 1589.0917825241649552 -7727.7425499311138992 7.254013572941921062
122000 6105.4726532287950249 -12811.938177087880831 -1.28119381770879 27290.847437506650749 1590.2264751065260953 -7750.285361239402846 7.2290481107954080997
123000 6154.7939823915976376 -2075.9437646582728121 -0.207594376465827 26992.810876228944835 1603.0726686572668314 -7786.8208812200537068 7.3088664242764220802
124000 5917.7815685100222254 -2725.2950797189282639 -0.272529507971893 27031.627034069791989 1541.3406068022250111 -7772.9475170624918974 7.2983712323886082984
125000 5976.9114535514645468 11924.580092715947103 1.19245800927159 26701.305760001985618 1556.7415288935196713 -7797.5856935588353736 7.3886592245104685261
126000 6073.0169060904554499 2480.1632491279606256 0.248016324912796 26906.471964570846467 1581.7730774254380322 -7787.0019370965828784 7.332319501787192273
127000 5960.9506963539397475 6057.268580573520012 0.605726858057352 26900.64653412313055 1552.5844029673510249 -7756.6967318992437868 7.3339073415896267605
128000 6041.7152316871843141 -1828.1335935291663191 -0.182813359352917 27106.548111105214048 1573.6202685966370609 -7747.3866451619651343 7.2781989171571135344
129000 6068.0995466085014414 -16501.873336112625111 -1.65018733361126 27495.592621443978715 1580.4923059471341276 -7708.1523389642261463 7.1752172003104224274
130000 6009.2821893351574545 4205.2795816028155969 0.420527958160282 27123.933196841921017 1565.1727845858506498 -7706.2712245015864028 7.2735339553587881056
131000 6047.4045195286871603 4458.9402868282049894 0.445894028682821 26927.23630383503405 1575.1020959118859537 -7768.2149038152665526 7.3266653467149600587
132000 6058.254288742395147 -9260.3659411814587656 -0.926036594118146 27254.701650916318613 1577.928018036573576 -7742.7646658186613422 7.2386354338786267348
133000 6009.3919039159900422 997.87039011603928884 0.0997870390116039 27111.37881702508821 1565.201360756944041 -7739.8327449254184103 7.2769020875553280803
134000 6039.4609011839838786 7119.7976779569944483 0.711979767795699 27044.245388334926247 1573.0331074948780952 -7699.9773290860075576 7.2949659447776449284
135000 6157.4515258684768924 -14250.346331786711744 -1.42503463317867 27158.553790453039255 1603.7648502844247105 -7715.4030560915571186 7.2642619571099835696
136000 6111.9428593377424477 -1297.5085718504064971 -0.129750857185041 27024.210107588372921 1591.9116997628682384 -7771.446979477658715 7.3003743060269945531
137000 5977.9890101887149285 -12265.508194172009098 -1.2265508194172 27255.575375883287052 1557.0221884247805519 -7758.6643233965896798 7.238403386805022599
138000 6172.9655937814250137 6120.5297050667668373 0.612052970506677 26959.197755445708026 1607.8056318803792237 -7761.2442331601278056 7.3179792254857281009
139000 6107.156565296953886 -5396.0792498161608819 -0.539607924981616 27043.809664150619938 1590.6650654834922989 -7694.3632950829723995 7.2950834797375971874
140000 5890.3241465730170603 -4978.3405564614149625 -0.497834055646141 27097.244313959628926 1534.1890688653045345 -7762.9661060862445083 7.2806978755576752249
141000 5933.7217908827597057 926.46403313746486674 0.0926464033137465 26967.45849816568807 1545.4923842445180071 -7750.2728340604744517 7.3157375628679472968
142000 6108.0298032964219601 -9664.9895062670639163 -0.966498950626706 27114.698416231381998 1590.8925083474102848 -7702.0855849812596716 7.2760111907427100775
143000 5996.7455603706357579 482.0749244858358793 0.0482074924485836 26904.226740937174327 1561.9075043331536108 -7784.037596213785946 7.3329314018129228003
144000 5949.7868924651666021 8268.3836190907713899 0.826838361909077 26828.053444754768861 1549.6766876248809695 -7774.6794190640575835 7.3537519043777397343
145000 6035.9328290765097336 16059.130004299926441 1.60591300042999 26550.805062186413124 1572.1141886838302071 -7820.4608024409753853 7.4305411322946506303
146000 5954.1841411839350258 -1980.5254135704922192 -0.198052541357049 27047.428082678387 1550.8219914739640899 -7760.1171289585381601 7.2941075398018666576
147000 5955.6767291937630944 8143.1514444285530772 0.814315144442855 26875.356353790655703 1551.2107497412539487 -7762.6364254429408902 7.3408086766554330183
148000 6063.4507901101369498 2799.4412671256172871 0.279944126712562 26938.078058410432277 1579.2814945849518153 -7776.856997577857328 7.3237165874392271547
149000 5937.4789444177285986 -4449.2694797461272174 -0.444926947974613 27096.266006349746021 1546.4709694191135441 -7753.00407722768432 7.2809607443284223294
150000 6036.0154060454960927 -1576.4494509901596757 -0.157644945099016 27105.895679675049905 1572.1356966144646776 -7748.2186549444395496 7.278374101396906326
151000 6217.1661681838104414 2311.2295251290483975 0.231122952512905 26916.914257533288037 1619.3180777828956707 -7786.0330344829862952 7.3294749621940082918
152000 6128.4945712616745368 5888.8504695082647231 0.588885046950826 26842.950867026862397 1596.2227452796887519 -7768.5421332522309967 7.3496706858877747237
153000 5938.4067315199308723 -7628.5185350549290888 -0.762851853505493 27135.046778411266132 1546.7126200982634145 -7755.939351168549365 7.2705549660992385697
154000 6130.3807500400507706 -4332.5715484577676762 -0.433257154845777 27092.418248462552583 1596.7140178806023414 -7758.0375370718193153 7.2819948112719261601
155000 5975.1943390155729503 -6662.2677855219435514 -0.666226778552194 27112.864160232402355 1556.2942906286293692 -7757.4594496200697904 7.2765034318831656179
156000 6226.6428432206503203 710.55203379585293533 0.0710552033795853 27106.56305049157163 1621.7863649074959085 -7730.4285119184951327 7.2781949058840718081
157000 5940.6374872826427236 -8681.4134947063430445 -0.868141349470634 27187.915739904568909 1547.2936409421590724 -7751.7121216356072182 7.2564168212625794752
158000 6045.1540342118669287 -7129.9488343827497374 -0.712994883438275 27162.690758704084146 1574.5159363242653399 -7750.8640262757362507 7.2631555858247969226
159000 6136.782947105153653 -5139.7424113654515168 -0.513974241136545 27169.43891120337139 1598.3815289563242459 -7747.5548800949836732 7.2613516147645418286
160000 5932.2365661750891377 8314.7496192313246866 0.831474961923132 26907.582061628832889 1545.1055438169598801 -7733.5051543855697673 7.3320170001990341291
161000 5915.8351784413052883 13254.353106196682347 1.32543531061967 26758.476205371029209 1540.8336516172694246 -7762.9092779502771009 7.3728730887341500377
162000 5930.2905618130416769 7208.139025030495759 0.72081390250305 26854.087129505875055 1544.5986890928518278 -7764.2341519516803601 7.346622812336995878
163000 6026.0978947870016782 -3536.3029441313528878 -0.353630294413135 27023.422777158331883 1569.5525896436906805 -7772.1837009461796697 7.3005870032448569873
164000 6092.4117070047150264 4077.2774920770730205 0.407727749207707 26942.272332384862239 1586.824631603961052 -7758.1263106927553963 7.3225764581472416737
165000 6014.1605927020191302 -1884.2740872102158391 -0.188427408721022 26962.962033777530451 1566.4434095858871387 -7782.4782744690983236 7.3169575680507357163
166000 6008.2858152422413696 -3671.2032561722826358 -0.367120325617228 27119.320610001155728 1564.9132697945055952 -7753.485651561357372 7.274771073629221263
167000 6081.652953044055721 -1614.407102164753951 -0.161440710216475 27022.848010854737367 1584.0224152385580965 -7778.289477636747506 7.3007422841169633543
168000 5984.6151958609152643 -6794.1049746414546462 -0.679410497464146 27115.963885708537418 1558.7480393921634914 -7677.9821722588330886 7.2756716280365436589
169000 5949.4718760253563232 -5431.8265689126537836 -0.543182656891265 27164.589616513032524 1549.5946386974462712 -7740.3040433791611576 7.2626478770798295059
170000 6033.0005265726122161 1311.238440313551564 0.131123844031355 27055.277992184259347 1571.3504435424522399 -7745.6790775236577247 7.2919912028664235493
171000 6073.4472648793744156 168.51516282848041328 0.016851516282848 27128.922585397431249 1581.8851683279451663 -7725.6004620932853868 7.272196250665182049
172000 5901.843983724456848 -6128.8209941486002208 -0.61288209941486 27050.994382430217229 1537.1895163437559404 -7759.774514573657143 7.293145912530747843
173000 6141.7254938139276419 5827.2736826123782521 0.582727368261238 26892.514592278148484 1599.6688606793786676 -7772.7124102989619132 7.3361250184749042802
174000 6028.8666632401154857 -13177.954106001954642 -1.3177954106002 27164.185696557673509 1570.273740838308413 -7702.1345817494484436 7.2627558695828655644
175000 6099.7802974837804868 11948.445465286244143 1.19484454652862 26930.626628375121072 1588.7438487276067463 -7646.4091264722446795 7.3257429852094242406
176000 5927.5430239147253815 -3812.0363585487161799 -0.381203635854872 27087.270321251940913 1543.8830675913861796 -7751.7476400805644516 7.283378752096966835
177000 5957.2596209764678861 -1754.5079323677812226 -0.175450793236778 27077.027839592326927 1551.6230284562775523 -7749.7229051266785973 7.2861338503939556688
178000 6069.9528766374096449 -5091.0670445367104548 -0.509106704453671 27308.674100303462183 1580.9750227892973271 -7706.133315695602505 7.2243291045727060506
179000 6036.534244629638124 -379.3089726993715658 -0.0379308972699372 27154.786224347120879 1572.2708328929595609 -7724.9373325388460216 7.2652698305253000655
180000 5917.1851347547162732 1675.9824697204041968 0.16759824697204 27011.99031980169093 1541.1852601481321017 -7734.0556974299252033 7.303676877356497954
181000 5963.3666059191473323 -2376.1184994602253937 -0.237611849946023 27070.96524976200817 1553.2136488210728658 -7757.5700712521211244 7.287765592763545186
182000 6022.6779174660787248 12743.383929539682867 1.27433839295397 26829.659958471369464 1568.6618251134264028 -7730.0525834119707724 7.3533115744100419064
183000 6028.3277790984857347 -4180.3952250133670532 -0.418039522501337 27031.021504331733013 1570.1333835101036129 -7763.2435818445255791 7.2985347253154255753
184000 5895.573796283003503 3796.587222353992729 0.379658722235399 26883.775538270863763 1535.5563883879692639 -7773.0914733484351018 7.3385097576514901618
185000 6009.0169369604673193 3062.3842517771272469 0.306238425177713 26870.817679281841265 1565.1036971666162572 -7793.7007843437204428 7.3420485920764102517
186000 5897.8045401211848002 -1622.144055681708096 -0.162214405568171 26975.502530594661948 1536.1374061260112285 -7765.3907913606253715 7.3135560268564931974
187000 6025.0885560262131548 7047.318649410087346 0.704731864941009 26801.797589669771696 1569.2896980854247886 -7795.0207263816691921 7.3609558631303713128
188000 6112.5004180827681921 2143.4106167938489307 0.214341061679385 27042.966786866676557 1592.0569210631877013 -7743.5160996869508381 7.2953108534646737837
189000 6050.3018034776287095 1818.736992778129661 0.181873699277813 27089.49994362169673 1575.8567201487289822 -7738.539713671147183 7.2827792879419668282
190000 5946.0589191747512814 -2910.6724572215321132 -0.291067245722153 27042.916668977250083 1548.7057027132093481 -7762.1762112852902646 7.2953243736624822091
191000 6067.3565224891863181 1396.4109801830195465 0.139641098018302 27016.441220911758137 1580.2987784852507502 -7734.2319275825639124 7.3024736121575335446
192000 6098.3114454687174657 3287.819606198791007 0.328781960619879 26939.209689424060343 1588.361272718338796 -7775.2365223497263287 7.3234089412639713501
193000 6005.6794491864256997 -4096.7103145062346812 -0.409671031450623 27151.652710981288692 1564.2344177970956025 -7747.0433895648502585 7.266108299562992201
194000 5903.1956316262749169 -337.13619101722252935 -0.0337136191017223 26938.784762825795042 1537.5415654643686594 -7778.8632444532750014 7.3235244591418746651
195000 6021.0273287822737984 12733.746272775058969 1.27337462727751 26670.39398388407426 1568.2319141182292697 -7800.5436081845737135 7.397222899268989238
196000 5887.0373625499005357 -2938.3884178751113723 -0.293838841787511 27006.577411901304004 1533.3329957537898736 -7775.4476301098511613 7.305140747793256395
197000 6201.9364728262116842 6773.3705080073987119 0.67733705080074 27040.048470781024662 1615.3513636329839755 -7735.4735912346368423 7.2960982049753972944
198000 5928.8836440234717884 6070.6209604062005383 0.60706209604062 26911.245587779289053 1544.2322444219239514 -7756.195498658436918 7.3310188659458939142
199000 5899.7145780451328392 1131.8540169914645048 0.113185401699146 26951.175299099817494 1536.6348930607064176 -7767.7324886359256197 7.3201575412075863269
200000 6041.6801482894543369 10496.136931288954656 1.0496136931289 26698.051411453259789 1573.6111308032056968 -7798.0273475322283048 7.3895598622406808431
201000 5966.2559563475579125 2067.2716438981174178 0.206727164389812 26958.809616306469252 1553.9662066995670102 -7766.3212288180839096 7.3180845860041623396
202000 6086.0813773199661227 -870.38580243556612004 -0.0870385802435566 26956.350482770845701 1585.1758390480699745 -7691.9615736102641677 7.3187521892553322189
203000 6087.9050307852694459 -7076.6953841997492418 -0.707669538419975 27126.305239672255993 1585.6508263564498975 -7770.3397520478492879 7.2728979257219625865
204000 5867.1719369931688561 -10995.700280894390744 -1.09957002808944 27218.186534030974144 1528.1588630610708606 -7746.5584727607001696 7.24834657384116543
205000 5987.0867138044623061 -3803.6790671370326891 -0.380367906713703 26873.728790577963082 1559.3917689591858107 -7736.9286059352070879 7.3412532606670763968
206000 5996.4899374852084293 360.63737846428216471 0.0360637378464282 26961.111908178725571 1561.8409250029137638 -7776.1782088772424686 7.3174596723611262661
207000 6199.565588891434345 168.13630945968992592 0.016813630945969 27083.484225070202228 1614.7338451185912618 -7755.5676379464639467 7.2843969214083568176
208000 6031.4184192127877395 -3283.9125833125294776 -0.328391258331253 27132.742327290543471 1570.9383691375783201 -7746.1656597379078448 7.2711724723703623496
209000 6096.8544204696299857 4147.1298643022082615 0.414712986430221 27062.969102286595444 1587.9817771640978208 -7742.6427474073043413 7.2899188690070255703
210000 6062.5304195512435399 -5898.53302399552922 -0.589853302399553 27193.574946782318875 1579.0417756126807944 -7740.0904571746723377 7.2549067011675543171
211000 6101.3096263633451599 -238.47708727371394843 -0.0238477087273714 27175.09454927214756 1589.1421764921481099 -7714.203925389019787 7.2598403936518138835
212000 6094.2793263763842333 -6153.1621734327327431 -0.615316217343273 27083.199699259377667 1587.3110702367962404 -7771.7187494910458554 7.2844734485160635984
213000 6070.774496449086655 4459.9497088808502667 0.445994970888085 26986.586535592661676 1581.1890212217215321 -7758.2340983538151704 7.3105521830228941127
214000 6048.8571949307133764 -14567.408220124496438 -1.45674082201245 27310.444178660327452 1575.4804585735903402 -7751.2783321922288451 7.2238608724008956941
215000 6006.7350513609635527 -1929.4795355643400399 -0.192947953556434 27161.84501719617765 1564.5093590867338662 -7725.9563363724055307 7.2633817395398123651
216000 6010.0313454839915721 -836.99073051604557349 -0.0836990730516046 27104.998951618530555 1565.3679091911888008 -7743.5064911054769254 7.2786148954391496346
217000 6081.1814803631004906 -3806.1033064970115447 -0.380610330649701 27023.998616389235394 1583.8996158449438099 -7776.0086342919266826 7.3004314391307243426
218000 5961.0391140984893354 -5065.8110999525197258 -0.506581109995252 26968.052043452680664 1552.6074321816702195 -7798.3917401228127346 7.3155765493270239475
219000 6088.4205261846500434 6211.0869140669883564 0.621108691406699 26921.526782833054313 1585.785091871742452 -7767.8347818971888046 7.3282191868819381853
220000 5967.9877028033442912 -7176.1699954692612664 -0.717616999546926 27133.968961800019315 1554.4172559824930886 -7762.4163596576299824 7.2708437673773138599
221000 6038.1707142373825263 1616.6227860009094002 0.161662278600091 27095.879730934222607 1572.6970664450116146 -7732.4419401518698578 7.2810645407788365802
222000 6031.6235052702959365 -14126.17810791733973 -1.41261781079173 27272.398703842420218 1570.9917856864433361 -7760.9194772682603798 7.2339382850954487836
223000 6033.6286253771622796 2749.1758658186481625 0.274917586581865 26992.614301638732286 1571.5140376496915451 -7757.3035977350937173 7.3089196513335057404
224000 5791.6808925802542944 2137.7899980829529341 0.213778999808295 26949.211892408940912 1508.4965266168360358 -7756.3551100172062434 7.3206908572226172538
225000 5919.3722413212899482 14826.759116994469878 1.48267591169945 26741.408527294250234 1541.7549121576623747 -7769.2685875222468894 7.377578817837799896
226000 5856.1676040497877693 517.10214954872469661 0.0517102149548725 26906.783056253443647 1525.2926833922131209 -7783.3482600926326995 7.3322347267471448262
227000 6154.4762800409016563 5739.7644082508159045 0.573976440825082 26893.707453374066972 1602.9899201596524563 -7768.3249551657427219 7.3357996271860868021
228000 5955.0243848713071202 -3047.9657823696052219 -0.304796578236961 26967.760500676296942 1551.0408406660071705 -7782.101598879255107 7.3156556364836307083
229000 5865.2230066527081362 6800.9600462064609019 0.680096004620646 26818.991669262126379 1527.651246238989188 -7783.9689554477718048 7.3562366379429633412
230000 5996.5156748839845022 -2934.1656888997395072 -0.293416568889974 27051.463810811754229 1561.8476285450076375 -7756.7171368147592148 7.2930193534023413093
231000 6030.9025680468193968 8192.1075543106180703 0.819210755431062 26776.7246382715457 1570.8040109596076945 -7794.290876967683289 7.3678484495498830498
232000 5969.6765545978569207 -2163.5331700283850296 -0.216353317002838 26999.916662697283755 1554.857132956595251 -7779.8464579576730102 7.3069428907786955207
233000 5915.7225563296278779 968.64731913407104003 0.0968647319134071 26938.663052282521676 1540.8043181530408674 -7776.5180407127763829 7.3235575472776472949
234000 6115.1316031297183144 6028.1161085865805944 0.602811610858658 26885.708110227194993 1592.7422373949791563 -7778.2555750731708031 7.3379822581301548112
235000 5930.022718414580595 -1888.0201932313377711 -0.188802019323134 27127.77133949268682 1544.5289268176593396 -7732.4600125568758813 7.2725048674714534158
236000 6091.7531192434980767 -11729.890340903784818 -1.17298903409038 27123.254874096986896 1586.6530963676980264 -7703.1270856583560089 7.273715858435719106
237000 5803.0747978844710815 -4033.3728695533118298 -0.403337286955331 27051.909834322264942 1511.4641739880908062 -7761.8222146807629542 7.2928991083581227173
238000 6042.9708694054115767 3907.6086815111939359 0.390760868151119 26916.102567009962513 1573.9473109823909454 -7774.7731523739457771 7.3296959921649325054
239000 5966.3131234844759092 8558.7467773198495706 0.855874677731985 26919.348318667613057 1553.9810964058676745 -7747.2473568959230761 7.3288122273488225389
240000 6044.3853724827158658 -6892.6079131506103295 -0.689260791315061 27261.328686567121622 1574.3157313112346856 -7728.4454216510712286 7.2368757729451846927
241000 5985.2982213132791003 834.6666407831531842 0.0834666640783153 27199.056925229135231 1558.9259396497211583 -7706.5237415056899408 7.2534444724484190559
242000 6089.577129717347816 4328.9630339694695067 0.432896303396947 26994.808748942130478 1586.0863398935357509 -7752.6909869919745688 7.3083254986144110532
243000 5951.0061003378768874 -735.82288147131805545 -0.0735822881471318 27038.506802852734836 1549.9942415225004879 -7753.5800755021155055 7.2965142102188185191
244000 5972.1648938806474689 3833.511561245197754 0.38335115612452 27025.050996504010982 1555.5052437960482621 -7743.0841585006473906 7.3001471536773197002
245000 5983.3028534965478684 -3467.5136999204764834 -0.346751369992048 27011.685270559901255 1558.4062277600833113 -7782.1407682622248103 7.3037593594775280792
246000 5923.1539877268942291 18641.58266708078736 1.86415826670808 26658.504177621529379 1542.7399027714768636 -7769.0481779618839937 7.4005220921481980056
247000 5936.2511243774015384 3129.6434329761982553 0.31296434329762 26869.380804628544865 1546.1511724032736765 -7790.327074944199012 7.3424412175560203053
248000 6058.2520404213355505 1554.9766850001769853 0.155497668500018 26944.004594582158461 1577.9274324406865162 -7680.6353869425593075 7.3221056809715348024
249000 5946.4535092420628644 -438.29167600688509765 -0.0438291676006885 27047.830802561573364 1548.8084773233817941 -7748.7506948509180802 7.293998936559047408
250000 6133.3925467408380428 -8288.7088309242753894 -0.828870883092428 27192.078875689407141 1597.4984680162847326 -7752.6512082459612429 7.2553058562394046049
250000 6133.3925467408380428 -8288.7088309242753894 -0.828870883092428 27192.078875689407141 1597.4984680162847326 -7752.6512082459603334 7.2553058562394046049
251000 5926.1268172732334278 -7299.3255866245926882 -0.729932558662459 27305.390541931570624 1543.5142035535902778 -7718.8045998033248907 7.2251978526785496371
252000 6049.1800067992753611 -1440.3655572273196412 -0.144036555722732 27212.201830869398691 1575.5645378921003612 -7718.7553359266003099 7.2499406823563923297
253000 6073.2249367942104072 -4336.9644089973980954 -0.43369644089974 27110.611331434603926 1581.8272609344855937 -7753.6577266404610782 7.2771080924080884245
254000 6043.0092575771723205 -9027.8229850300285761 -0.902782298503003 27259.285446133464575 1573.957309534597016 -7734.2591875076368524 7.237418218462395636
255000 6164.3432390671050598 -2392.8697789304274011 -0.239286977893043 27115.333469718501874 1605.5598603368412114 -7748.8807788640951912 7.2758407832393627857
256000 5896.2351516091603116 1436.9558948012511337 0.143695589480125 27110.688131143851933 1535.7286444619605845 -7715.9249515773117309 7.277087477668138682
257000 5951.5913143612415297 2606.7563993657695391 0.260675639936577 26981.06058204236615 1550.1466658942756567 -7752.7317673726620342 7.3120494470636288042
258000 5983.479630010976507 -1622.4855051257436571 -0.162248550512574 26918.440200822686165 1558.4522708282270287 -7797.5896741004862633 7.329059471435630968
259000 5897.4601941405107937 -7074.1685279609755526 -0.707416852796098 27152.20147435990657 1536.047718050056119 -7752.0190681566500643 7.2659614468614304172
260000 6104.8924207064355869 4847.5215960773530242 0.484752159607735 26956.196214882733329 1590.0753482124785023 -7755.248952070456653 7.3187940738163010934
261000 5962.3670022237947705 1912.1211562436758413 0.191212115624368 26970.942280912331626 1552.9532928500861999 -7768.619876759721592 7.3147926036583266196
262000 5999.7994405677691248 14365.787074608650073 1.43657870746086 26698.39567092715879 1562.7029155022980831 -7773.7696257148436416 7.389464578388352578
263000 5986.543712296137528 -1666.6857359950442969 -0.166668573599504 27056.300683572560956 1559.2503392249777789 -7751.6837423560828029 7.2917155755109339665
264000 6013.7657616211918139 7097.0284280554624274 0.709702842805546 27027.449998817639425 1566.3405722015293122 -7722.3299361492354365 7.2994991802313498042
265000 5954.2443485167323161 -16574.915282863974426 -1.6574915282864 27378.048362267036282 1550.8376730272273107 -7729.4771830973550095 7.2060231065271169726
266000 6072.821770838338125 4518.7083064198113789 0.451870830641981 26993.047251125561161 1581.7222526553066473 -7742.2095694160216226 7.3088024214045219651
267000 6062.5522619700695941 -6772.6596962873582015 -0.677265969628736 27147.669443244598369 1579.047464671443322 -7762.8736822202117764 7.2671744262454858188
268000 6034.890266930904545 -4137.8702285974059123 -0.413787022859741 27078.851042247308214 1571.8426437895936942 -7770.8245345607583658 7.2856432794107233164
269000 5939.2918608553682134 -4888.4298785266246341 -0.488842987852662 27078.54425208363682 1546.9431601699418479 -7766.1146621288653478 7.2857258231277466365
270000 6121.3941251200649276 11260.788106161215183 1.12607881061612 26844.743719837671961 1594.3733688135630473 -7751.635200440279732 7.3491798308479490132
271000 5965.4616976836159665 132.08496077639506439 0.0132084960776395 26982.890964848451404 1553.759334729578768 -7774.039767996799128 7.3115534346236508156
272000 6020.2585736213395649 6137.3040646432436915 0.613730406464324 26959.741012803035119 1568.0316847700319158 -7742.9122137374888553 7.3178317631620686257
273000 5982.9169283040064329 -2340.1450059869366669 -0.234014500598694 27070.226702917239891 1558.3057099961940821 -7754.1730272768327268 7.2879644221395611936
274000 6042.8629603463095918 4166.7532495386540177 0.416675324953865 26950.700612842189003 1573.9192050760289021 -7766.4258641477363199 7.3202864721114027091
275000 5845.6802426905642278 495.88483069291987704 0.049588483069292 27122.994010254726163 1522.5611537245424643 -7724.3653980063181734 7.2737858156633627971
276000 6109.5263995671002704 8848.7623492838938546 0.884876234928389 26916.819581309653586 1591.2823106030832605 -7751.8531767226968441 7.3295007426176042031
277000 6038.5636750826079151 -539.79575300271699234 -0.0539795753002717 27001.067035086514807 1572.7994167093154374 -7768.6673886260659856 7.306631580661198555
278000 5832.7670571991357065 -5024.4673074668853587 -0.502446730746689 27028.632687842051382 1519.1977958630391186 -7774.2853973691144347 7.2991797768170574301
279000 6161.8094573543348815 5598.2379670840300605 0.559823796708403 26891.616288431177964 1604.8999135987853606 -7780.2662350753680585 7.3363700788407548714
280000 5930.1450290756820323 -5312.6709246279688159 -0.531267092462797 27115.256555769912666 1544.5607837536440456 -7761.4789585987464307 7.2758614215705099681
281000 6113.4931112629537893 -7420.2343431628596591 -0.742023434316286 27284.019694439990417 1592.3154771269764751 -7726.9282467269313202 7.2308571581304352804
282000 5974.3239627575112536 5768.7470106587952614 0.57687470106588 27023.017608389007364 1556.0675931315663547 -7729.8747273593135105 7.3006964643677534355
283000 5950.7960864778706309 -8144.9349161746022219 -0.81449349161746 27150.876178481954412 1549.939541482177674 -7762.2915113978160662 7.2663161149278154838
284000 6030.5403272618450501 10424.916799843731496 1.04249167998437 26870.515335166681325 1570.709662017380424 -7751.8632447286763636 7.3421312040083863693
285000 5984.8651073823484694 -5070.6178790916028447 -0.50706178790916 27236.395596307240339 1558.8131311451511465 -7726.3562431890841253 7.2435006464975000284
286000 6029.0762066202305505 -7835.6676000867200855 -0.783566760008672 27259.65845694797099 1570.3283183378187005 -7734.2967098840308608 7.237319184379893855
287000 5987.6735757839205689 -6563.3045877573886173 -0.656330458775739 27173.273090971157217 1559.5446225562736799 -7745.2221703684572276 7.2603270297852162685
288000 5943.0166219333068511 1371.8521955318005894 0.13718521955318 27005.231389920572838 1547.9133084313466497 -7757.9942942215293442 7.3055048579864596547
289000 6061.5085003184103698 -3715.6831121164836986 -0.371568311211648 27122.4618335047453 1578.7756073548289351 -7752.829480777804747 7.2739285364723800242
290000 6054.2842196755273108 -6533.3287774144564537 -0.653332877741446 27110.56518886611957 1576.8939770545382544 -7765.4644566872120777 7.2771204781498157743
291000 6059.8246605288095452 2458.5840762275952329 0.24585840762276 27005.821731252002792 1578.3370358034774199 -7749.7508016154952202 7.3053451612548601091
292000 6018.7128084730811679 -7932.6740174108017527 -0.79326740174108 27186.159591884719703 1567.62907602822429 -7749.1904978202883285 7.2568855649992149992
293000 6043.8720702669088496 -4905.0533900762020494 -0.49050533900762 27157.128974046016083 1574.1820370307641497 -7745.033947483785596 7.2646430813308580099
294000 6011.0558649630165746 -7325.246912701146357 -0.732524691270115 27378.703869275646866 1565.6347547070633937 -7695.469985022326 7.2058505783215061058
295000 6096.2044276863780397 2248.6541177083508956 0.224865411770835 27012.45022403398616 1587.8124805688523793 -7751.0522443004465458 7.3035525275889146002
296000 5922.4668642118767821 819.25783474767331427 0.0819257834747673 26936.893808247950801 1542.5609351358309596 -7784.1806161708936997 7.3240385663808371675
297000 7559.1303885923662165 35490.603709567723854 3.54906037095677 27031.387080235683243 1968.8449945582617602 -7643.6794051815095372 7.298436019007022324
298000 5868.690383720329919 -1184.0795392553663987 -0.118407953925537 26898.649104130545311 1528.5543564689880895 -7788.8398345357272774 7.3344519401837873218
299000 6052.0352639288121281 5420.4612283182050305 0.542046122831821 27020.003205077406164 1576.3082158575114136 -7743.3833043918930343 7.3015109440490526538
300000 5891.997603065583462 -5139.555287321920332 -0.513955528732192 26980.744790434488095 1534.6249359914982051 -7702.5398536034490462 7.3121350297215474967
