step temp press pressGiga vol ke pe density
0 1637.2165926021000359 15314.008369241901164 1.53140083692419 20522.674672592809657 365.47957712767686189 -7193.5050476828710089 8.239813582816326587
1000 1769.5404470690255039 16211.333432710282068 1.62113334327103 20709.567043407114397 395.01853159039268348 -7131.2357570453705193 8.1654538295519198954
2000 1765.0697248650487836 16346.831619626897009 1.63468316196269 20712.319025372580654 394.02052212240425888 -7129.1543582693575445 8.164368910878581076
3000 1793.7509390076811542 17257.270019671886985 1.72572700196719 20649.749605119217449 400.42309467372291465 -7148.8654415367300317 8.1891072171174918992
4000 1821.4867145606385748 13204.196696067423545 1.32041966960674 20731.338060957696143 406.61461482213042018 -7137.7356653277038276 8.1568788770761582185
5000 1796.216997531628067 10462.067218358446553 1.04620672183584 20726.01997537023999 400.97359851699980027 -7145.5870743915565981 8.1589718491010021495
6000 1724.793470420120002 18274.996345947940426 1.82749963459479 20651.298032460617833 385.02956239885054401 -7139.3358796182074002 8.1884932006282262762
7000 1838.2581032258544838 11793.762547279449791 1.17937625472794 20760.063977896825236 410.35852999187892465 -7134.0463008323231406 8.1455921187427122732
8000 1851.8020906574888613 11114.856301913718198 1.11148563019137 20793.869557083140535 413.38198505671493876 -7127.6623718825667311 8.132349443605519923
9000 1822.9245325052813769 11922.332007536411766 1.19223320075364 20760.585010648941534 406.93558218635649837 -7131.8495450193277065 8.1453876871105066471
10000 1894.7711610411784022 15448.502285503296662 1.54485022855033 20720.10312743303075 422.97406819608789874 -7138.9209110761203192 8.1613017311222542105
11000 1769.9452559767419189 25556.19585445733901 2.55561958544573 20573.029311918260646 395.10889800194649979 -7139.1217501976116182 8.2196457779305731606
12000 1820.3754093107684184 10550.161368507577208 1.05501613685076 20812.412941165068332 406.36653562807782691 -7122.3189730477288322 8.1251037061868203182
13000 1824.4032661343524069 11778.015999174340322 1.17780159991743 20833.623539669966704 407.26568325171302831 -7108.7221123225817792 8.1168315824156280769
14000 1840.9150490754386738 13272.886303727760605 1.32728863037278 20733.692331951147935 410.95164604625131233 -7136.6585296761231803 8.1559526791259848721
15000 1797.9006227313338968 17417.515753757284983 1.74175157537573 20705.90441099304735 401.34943799285804289 -7128.5981390109263884 8.16689820287066226
16000 1797.5724438926590665 14510.299472172384412 1.45102994721724 20718.839880121417082 401.27617788559854262 -7134.1584772045171121 8.1617993334267637806
17000 1871.150096339560605 15952.796400247329075 1.59527964002473 20717.554661800819304 417.70108429312614362 -7134.1847591145042315 8.1623056525461592514
18000 1830.6479316872910204 21351.042752935260069 2.13510427529353 20615.470391648639634 408.65969412107784819 -7144.5931991442448634 8.2027239888474596796
19000 1807.5500262363116235 16598.463970615659491 1.65984639706157 20645.95998152339962 403.50349624542468518 -7150.30896301804205 8.1906103506102638789
20000 1754.9245773994584852 12699.538559479802643 1.26995385594798 20753.72545287723915 391.75579781996555084 -7130.178195716413029 8.1480799149488056798
21000 1738.6766097628596981 9708.8847226876896457 0.970888472268769 20760.98816894707852 388.12872711481816168 -7138.7470015766220968 8.1452295115645796386
22000 1795.1511863163359521 12108.479845870615463 1.21084798458706 20724.465264942737122 400.73567505957640833 -7141.7454976195549534 8.1595839198323503183
23000 1841.2841278023531686 10663.583881483498772 1.06635838814835 20792.709126245365042 411.03403632842235993 -7130.523992016682314 8.132803306015686573
24000 1814.4062488576271335 12078.71856338649377 1.20787185633865 20804.701565700288484 405.03402638765163601 -7120.7261247042024479 8.1281153199401270371
25000 1810.5110676149588471 12784.66192939789471 1.27846619293979 20702.302457744452113 404.16449623517286227 -7148.0097237148684144 8.1683191455688390903
26000 1786.1770417387763246 16539.066945772592589 1.65390669457726 20650.399561338483181 398.73235639049528345 -7149.2485977980686584 8.1888494709586243658
27000 1841.3388234694430139 13828.486673231715031 1.38284866732317 20722.436279531768378 411.0462461663686895 -7138.9422364423844556 8.1603828450412194684
28000 1852.1799891103421487 17285.265956582337822 1.72852659565823 20674.097926977439784 413.46634418633169616 -7142.6272171744021762 8.1794627325572388798
29000 1830.7203511803525089 17690.13638943942351 1.76901363894394 20709.664115672243497 408.67586048893628003 -7124.7641724940094718 8.1654155556767555879
30000 1754.2592374471416861 6475.7427883327954987 0.64757427883328 20860.813004842137161 391.60727247181205257 -7118.9614075561339632 8.1062523058760582728
31000 1732.4362381115988683 14603.342377019791456 1.46033423770198 20700.612977540884458 386.73567478287378663 -7136.8146180134572205 8.168985802807823049
32000 1804.6396489220539934 12122.765242730189129 1.21227652427302 20708.695833559806488 402.85380610979865423 -7147.5267111159300839 8.1657973482283843225
33000 1779.2714828530627074 13345.64262469543246 1.33456426246954 20724.434144761169591 397.19081280195297268 -7136.354175965379909 8.1595961724097350043
34000 1829.9834295801863391 10379.193748042258449 1.03791937480423 20750.09581618251832 408.51135580701327399 -7144.2402548922655114 8.149505188842132597
35000 1808.3635070195496155 14245.791487887790936 1.42457914878878 20775.436331692857493 403.68509140760590981 -7118.2624924092724541 8.1395649565725260999
36000 1833.6260838797247743 23264.183474331832258 2.32641834743318 20666.710955004498828 409.32451379663626767 -7118.9508991935654194 8.182386345419036644
37000 1760.4071124049553418 11894.199984041724747 1.18941999840417 20749.297428292655241 392.97967655687233446 -7132.9778787953864594 8.1498187640980468416
38000 1749.3455951318903772 15489.266468572846861 1.54892664685728 20718.000411483753851 390.51038894177133898 -7132.3724012599559501 8.1621300397898899348
39000 1799.3545074036371716 22458.62393389812496 2.24586239338981 20644.58359488899805 401.67399196917790505 -7130.1649287252621434 8.1911564234609155477
40000 1860.4466684089829869 16458.789398561741109 1.64587893985617 20677.694646345014917 415.31173377495997556 -7147.3844996218012966 8.1780399805275898473
41000 1799.1432633574186184 15918.977653092275432 1.59189776530923 20710.045609283562953 401.6268354811289214 -7133.0238376405486633 8.1652651429771889724
42000 1831.3211101362096542 11086.540401516440397 1.10865404015164 20773.121617657863681 408.80996927462439317 -7131.7644861274229697 8.1404719346180254291
43000 1829.1805481133367266 14781.650864760495097 1.47816508647605 20719.488150078461331 408.33212675429433602 -7134.2096215531009875 8.1615439675960566035
44000 1830.1425686851043793 18777.24605756305391 1.87772460575631 20639.825917926875263 408.54688079071593165 -7148.0668874473167307 8.1930445632332169481
45000 1815.0142707676779992 11342.428367664244433 1.13424283676642 20751.914460527648771 405.16975649909437607 -7139.5514741196166142 8.148790987193146762
46000 1773.1299503936352266 19543.656470001507842 1.95436564700015 20592.766323528736393 395.81982456720754726 -7155.7272013374968083 8.2117677084374207652
47000 1784.5911297278180427 13704.543898268062549 1.37045438982681 20746.937851819187927 398.37832965161061338 -7131.6734140971575471 8.1507456536832059157
48000 1849.347476753363253 12863.999913211566309 1.28639999132116 20764.257794699235092 412.83403602190475112 -7132.0870932407033251 8.1439469301002418433
49000 1809.9777432759924523 13403.012298716192163 1.34030122987162 20753.990664667766396 404.04544103211782158 -7131.6534436882520822 8.1479757919924775678
50000 1791.1427138396893497 21250.954224127548514 2.12509542241275 20632.634117194098508 399.84085464771851548 -7136.8306873286819609 8.1959003664989982241
51000 1774.0164288024361667 16996.948988143034512 1.6996948988143 20715.740819777958677 396.01771515507800814 -7125.0183331204534625 8.163020332900813969
52000 1738.7995872676931413 11808.785573555414885 1.18087855735554 20757.934146535866603 388.15617966243206638 -7130.0359404357377571 8.1464278829100713608
53000 1782.7202768766965164 19151.380326633196091 1.91513803266332 20670.813570955364412 397.96069492204242124 -7134.2076276025945845 8.1807623556993469549
54000 1771.1088212225438383 16908.619068645206426 1.69086190686452 20675.461377294166596 395.36864331354286151 -7139.8594875873150158 8.1789233351116461535
55000 1802.1889035797212273 19042.418906451868679 1.90424189064519 20669.15582895629268 402.30672066282073729 -7135.0585962799177651 8.1814184828026359497
56000 1859.0087963662208494 13794.959605397878477 1.37949596053979 20715.398044829540595 414.99075433428788529 -7139.6973734774173863 8.1631554053173562835
57000 1862.1251937408185313 17142.835998375310737 1.71428359983753 20723.804813824535813 415.68643479573466948 -7129.4157955085911453 8.1598439592591027747
58000 1792.0910806058313938 15814.549402609602112 1.58145494026096 20732.081229694780632 400.05256071411054108 -7122.7379195721277938 8.1565864830175751621
59000 1792.0049187274373708 19938.710185852731229 1.99387101858527 20609.648653048716369 400.03332660237344953 -7149.724684217295362 8.2050410644887925571
60000 1777.8934913166467595 12413.893373944032646 1.2413893373944 20720.343550935871463 396.88320062266615196 -7143.1036718643117638 8.1612070334284112505
61000 1814.3215496223156151 15929.639759363615667 1.59296397593636 20699.909894904831162 405.01511878505067443 -7137.9862899773797835 8.1692632664345374849
62000 1800.7528330607615317 17705.914226924724062 1.77059142269247 20705.228958264284302 401.98614338039732274 -7128.5900076317884668 8.1671646260861603395
63000 1866.4309664661807346 17264.853765936150012 1.72648537659362 20758.894157052287483 416.64762221710827816 -7118.2247500347220921 8.1460511452871653404
64000 1810.2843168370268359 20222.73877715981871 2.02227387771598 20667.446113158723165 404.11387814419674669 -7130.9421619616432508 8.1820952911683129116
65000 1852.0170342070073275 10879.277874188001078 1.0879277874188 20788.894412546735111 413.42996739328503963 -7129.4655847650110445 8.1342956564776240924
66000 1814.0438527913920552 5948.8395378293434987 0.594883953782934 20841.270573907728249 404.95312789099654083 -7129.5176472008506607 8.1138533720040904029
67000 1835.2168803141355511 13867.458431416524036 1.38674584314165 20718.924526215068909 409.67963089645780883 -7138.2649608806814285 8.1617659888180771333
68000 1734.5253202078147297 9970.1150265376018069 0.99701150265376 20845.234406815481634 387.20202532229541248 -7111.6596775761690878 8.1123104793516525035
69000 1749.877212262114881 15182.237886498169246 1.51822378864982 20708.344930384915642 390.62906304074277841 -7134.7805021299700456 8.1659357177709352982
70000 1819.0840969874564053 18224.805595724294108 1.82248055957243 20716.042423778068041 406.07827304633002541 -7124.4326355027851605 8.1629014878272698752
71000 1848.9550879870914741 14359.710636491689002 1.43597106364917 20741.009053055749973 412.74644218672449369 -7127.6145586414277204 8.1530755369897054408
72000 1790.4377577923821718 15217.986716816909393 1.52179867168169 20678.596845392032264 399.68348570873530434 -7146.7096807114266994 8.1776831758598422795
73000 1798.1303360726335541 13756.022615615707764 1.37560226156157 20748.72626522909195 401.40071742358099982 -7129.9312973761116154 8.150043109216552395
74000 1800.2530056264390623 15654.89000786064571 1.56548900078606 20746.247140770024998 401.87456576741777781 -7121.1493522499658866 8.1510170189110340289
75000 1815.3189633200377102 20446.580360368217953 2.04465803603682 20644.410558401537855 405.23777370933618158 -7137.4662888618668148 8.191225079765329653
76000 1826.8846541240400256 19513.971489081610343 1.95139714890816 20683.171994780161185 407.81960912643148731 -7130.8897376121221896 8.1758742597908860006
77000 1810.151097801488504 8006.3313004579276821 0.800633130045793 20842.752266927869641 404.08413935643102377 -7122.4473349811751177 8.1132765652679275092
78000 1820.2662679671536807 17594.756236296041607 1.7594756236296 20728.096351477975986 406.34217175814649181 -7122.670703781868724 8.1581545480848411955
79000 1767.9862128923734872 18660.37921455659307 1.86603792145566 20712.654389462208201 394.67157636638205531 -7118.3372728682115849 8.16423671941264395
80000 1796.7766266245655515 12521.258889645505405 1.25212588896455 20816.130707952215744 401.0985257900065335 -7110.9611206213303376 8.1236525603843272592
81000 1766.1243863712006714 9112.466204524063869 0.911246620452406 20800.991710592668824 394.25595660494178674 -7127.7147320318726997 8.1295649686181583604
82000 1794.3208536037698195 19218.881331706819765 1.92188813317068 20656.724605187609995 400.55031800295040512 -7139.3235709866803518 8.1863420631789463044
83000 1757.6909807992130936 10483.89422976496644 1.0483894229765 20717.73837650529822 392.37334833177658311 -7152.2190161336729943 8.1622332732379749842
84000 1828.3464441870394239 13309.005640098908771 1.33090056400989 20729.53868413303644 408.14592784106491763 -7134.7239803897718957 8.1575869149653090773
85000 1789.1943247995320689 24079.082425962918933 2.40790824259629 20599.634950417104847 399.40591133863250661 -7135.9168910865737416 8.2090296226111920674
86000 1778.2143485024139409 9477.8393142178774724 0.947783931421788 20815.556037243819446 396.95482630072393704 -7122.7674272405838565 8.1238768361693836084
87000 1776.2869274675931592 14810.750465468410766 1.48107504654684 20758.391123566812894 396.52456372707530363 -7121.9104472377439379 8.1462485467368299652
88000 1837.3723985176879978 11092.900141519829049 1.10929001415198 20791.979934026014234 410.16081211895766501 -7130.6388709917937376 8.1330885302661464209
89000 1844.7016314849040555 11460.935536549761309 1.14609355365498 20785.524617547347589 411.79693343462980692 -7128.1281758062677909 8.1356144063928219623
90000 1775.0643802186564244 12053.775168761569148 1.20537751687616 20784.279156729826354 396.25165172900551624 -7125.0588764559252013 8.1361019185597438508
91000 1798.4315036967905144 13829.393306545158339 1.38293933065452 20720.610458163057046 401.4679477560970895 -7140.0186443494858395 8.1611019069339878484
92000 1755.2385506162656839 26602.827282890251809 2.66028272828903 20560.774160263525118 391.82588677400292454 -7137.5292769490497449 8.2245450587052921776
93000 1817.5409998473635369 11729.433232501733073 1.17294332325017 20807.399392228224315 405.73380396827610639 -7119.3953864500363125 8.1270614522885811226
94000 1854.3896553137785759 11816.620812337143434 1.18166208123371 20788.372492197806423 413.95961298978409104 -7128.3453517900907173 8.13449987902697913
95000 1816.5062545958803639 16181.206040201552241 1.61812060402016 20660.150191867825924 405.50281543648645766 -7148.4533010846862453 8.1849847146567480394
96000 1814.9286206673748438 17059.399780059458863 1.70593997800595 20690.28579667025042 405.1506366327424189 -7134.2700698908302002 8.1730632039005044476
97000 1741.7418795225123631 11777.765982543200153 1.17777659825432 20717.819601384679117 388.81299424269985821 -7145.5439729556937891 8.1622012729393986774
98000 1789.4346261491525638 16880.385108130030858 1.688038510813 20695.062251074174128 399.45955435449207016 -7136.1239606329709204 8.1711768474711199417
99000 1840.0519112497413516 17491.793649961524352 1.74917936499615 20680.388217028365034 410.75896582973985005 -7137.9999501942966162 8.1769748105458841536
100000 1832.0720859405832925 19923.709985568904813 1.99237099855689 20692.03822783909709 408.97761130846146216 -7127.0643308590260858 8.1723710183098070559
101000 1831.636564044020588 15414.931465221143299 1.54149314652211 20687.742151457703585 408.88038876667627619 -7145.3579041648245038 8.1740681165167892175
102000 1829.0952669379091731 10187.995370968534189 1.01879953709685 20749.906860532373685 408.31308924388002879 -7145.189893102962742 8.1495794009849458206
103000 1755.3336908974706603 17758.200573763300781 1.77582005737633 20633.966812747603399 391.8471251549842691 -7150.3528710741647956 8.1953710140931068651
104000 1799.6611978362939226 12933.16775300855079 1.29331677530085 20720.30218896353108 401.74245517077440581 -7140.5075463180510269 8.1612233248712922062
105000 1749.7115097912519559 9316.5984268109168625 0.931659842681092 20780.410808035954688 390.59207290195871565 -7135.0599583193798026 8.137616483383347088
106000 1780.8767391214814779 17020.870895074840519 1.70208708950748 20697.93677885523357 397.54915780334994224 -7133.6980715475583565 8.170042035093299404
107000 1784.5620190149998052 15868.599749583379889 1.58685997495834 20716.090940997259167 398.37183120109489209 -7130.384892769590806 8.1628823702591031264
108000 1848.6186149475363436 14669.118689139291746 1.46691186891393 20740.135768726297101 412.67133054617119114 -7128.7424126390897072 8.1534188304561840965
109000 1828.721328467619287 18464.780242360458942 1.84647802423605 20677.344518592068198 408.22961411016166267 -7135.1577696371859929 8.1781784585976016189
110000 1777.9539893861235669 15479.347033225272753 1.54793470332253 20711.91116716144461 396.8967057440711983 -7135.5353663095047523 8.1645296833380687218
111000 1759.5971842849764926 5865.4154046239445961 0.586541540462394 20759.062881787227525 392.7988744637764853 -7154.5300702622589597 8.1459849361173137794
112000 1816.4336713358914039 14439.827921135736688 1.44398279211357 20716.036522299946228 405.48661251056495303 -7135.6321740796611266 8.1629038132327345068
113000 1794.9267889943116643 7443.3773531717733931 0.744337735317177 20854.372710133764485 400.68558233590584905 -7115.9977847664767978 8.108755697109922167
114000 1806.4151122319594833 9741.0462423683929956 0.974104624236839 20785.738011935773102 403.25014681550743489 -7133.1335996508241806 8.1355308830433159528
115000 1826.1408545417680216 13836.512036912783515 1.38365120369128 20789.557994978989882 407.65356905694721945 -7114.0246667673363845 8.1340360176869523912
116000 1775.7842065571487637 14583.471439372588065 1.45834714393726 20689.128719372125488 396.41234019685168732 -7142.7494675712241587 8.1735202973826730499
117000 1826.13672793213982 9749.7862601688630093 0.974978626016886 20742.751730158994178 407.65264786451075452 -7150.1548032144928584 8.1523905662469537958
118000 1713.0307340645576915 8872.2332946865335543 0.887223329468653 20773.835570732328051 382.4037400559053026 -7137.5984962663196711 8.1401921637040057789
119000 1807.5404167197343668 18101.552135231526336 1.81015521352315 20657.202442783283914 403.50135109122152244 -7143.1490979772534047 8.1861526986210080281
120000 1830.1154209136104782 16696.325474811797903 1.66963254748118 20674.334962021079264 408.54082053204871272 -7140.0002153533387173 8.1793689535162528159
121000 1860.0784678344186887 21229.043173997106351 2.12290431739971 20644.092433690839243 415.22953952473187655 -7136.8509309292694525 8.1913513062447513846
122000 1811.6919146158031708 15548.700650892757039 1.55487006508928 20744.441569843296747 404.42809939218409454 -7125.026419331004945 8.1517264735041141677
123000 1813.4159422144896325 12541.365499638020992 1.2541365499638 20783.999080230820255 404.81295798729701119 -7122.4740012464480969 8.1362115572742244041
124000 1861.5435976702360676 15138.076190539213712 1.51380761905392 20707.500741726296837 415.55660378443411673 -7137.9573917125944718 8.1662686208289105849
125000 1796.9481720640501408 15957.217379005025577 1.5957217379005 20729.642802595313697 401.13682026794202784 -7127.8561929714906 8.1575459419773235226
126000 1772.4893465257262051 17191.041391114515136 1.71910413911145 20712.947802998594852 395.67682111133757417 -7126.443588000285672 8.164121067232638751
127000 1780.8463790549440091 6530.4138504554857718 0.653041385045549 20856.005223188061791 397.54238045676686397 -7123.8492043959577131 8.1081209806631253656
128000 1791.4578134531996056 19781.397470303865703 1.97813974703039 20642.282364472648624 399.91119504984931154 -7142.4174616006384895 8.1920695849986717718
129000 1822.7336267077284901 8269.5274621672378998 0.826952746216724 20876.751162806085631 406.89296585173337917 -7108.1037556106130069 8.100063664322632917
130000 1830.1443683646211866 13246.039445628568501 1.32460394456286 20789.148427588024788 408.54728253726051435 -7121.6983333221023713 8.1341962664783533654
131000 1889.09082787110151 12188.356165081693689 1.21883561650817 20816.946494505118608 421.70603452581798365 -7116.7955228120154061 8.1233342059839372951
132000 1757.7386390506396765 9338.1511306992360915 0.933815113069924 20795.785995820853714 392.3839871914464652 -7130.4140426169651619 8.1316000057383739374
133000 1779.6879482835120143 18516.230718052458542 1.85162307180525 20657.287166148460528 397.28378132554149715 -7138.3969096462988091 8.1861191241056854295
134000 1718.4192787743904773 16690.229871430736239 1.66902298714307 20686.531115879108256 383.60663712571403039 -7133.0128804085234151 8.1745466446593528786
135000 1756.3161391938429006 11248.259603070833691 1.12482596030708 20761.007870264031226 392.06643931874873488 -7132.0226830311730737 8.1452217820868373366
136000 1806.9750856411460518 10509.72838581997712 1.050972838582 20751.97627918723083 403.37515095101218776 -7141.012135642573412 8.1487667125250737854
137000 1780.8178446208266905 11681.866061707065455 1.16818660617071 20753.687128834295436 397.53601065025384287 -7133.7674455048472737 8.148094961304792605
138000 1823.1703722355778154 15589.981906663750124 1.55899819066638 20736.911059583133465 406.99046154750874393 -7129.0428188050154859 8.1546867340593323092
139000 1799.1540146849799839 12577.845120090914861 1.25778451200909 20747.241261839746585 401.62923552439036712 -7135.482759722690389 8.1506264562499115556
140000 1827.1352099367702522 17700.405045432864426 1.77004050454329 20704.882796061858244 407.87554126937288856 -7129.2721385751992784 8.1673011718334791453
141000 1796.9664593759928266 13947.457920199944056 1.39474579201999 20740.96386617770986 401.1409025861067903 -7129.9087490573874675 8.1530932995214904224
142000 1849.0322117347122912 21567.106128094248561 2.15671061280942 20597.280748233726626 412.76365869600880387 -7148.1720905255078833 8.2099678879918105423
143000 1823.9095659089962282 9473.3558855029241386 0.947335588550292 20797.285597384980065 407.15547342950230814 -7131.4361727636414798 8.1310136715251726258
144000 1800.327230783171899 11192.910058767480223 1.11929100587675 20727.381642261640081 401.8911352176771743 -7145.9438242231044569 8.1584358527061588973
145000 1833.0945185691721235 18093.516238858726865 1.80935162388587 20654.588639638772293 409.20585126548769495 -7144.5893148040995584 8.1871886423543074329
146000 1779.9007993012878615 16057.335611737211366 1.60573356117372 20697.85599826300313 397.33129654149973931 -7131.6898363496129605 8.1700739215280187011
147000 1804.0246528418281287 18521.25548193852228 1.85212554819385 20673.632483479672374 402.7165191385135472 -7134.55484750807409 8.17964688392721051
148000 1832.4786430186234156 13556.318503885297105 1.35563185038853 20791.229390660755598 409.06836796804560663 -7116.045858868875257 8.1333821269323536285
149000 1856.3881908121909419 11300.626660165982685 1.1300626660166 20763.6979995982947 414.40575060659966766 -7134.8277466214749438 8.1441664931854820253
150000 1831.2603171116970771 17335.100898827728088 1.73351008988277 20649.587041140770452 408.79639830973701464 -7148.9896215702674453 8.1891716859054870525
151000 1763.5665301531769273 11280.942436284865835 1.12809424362849 20715.024102621438942 393.68496055399725719 -7148.9552801374939008 8.1633027644679998502
152000 1794.8349768329844665 9960.787922107589111 0.996078792210759 20782.421778992407781 400.66508689868106785 -7132.3567609966194141 8.1368290626208938932
153000 1853.3544762121059648 10499.968309521726042 1.04999683095217 20725.097684011416277 413.72852760863156618 -7153.7322463041564333 8.1593349329980267015
154000 1809.2524840025484991 7262.1644405162678595 0.726216444051627 20820.283442173240473 403.88353975786736783 -7133.2156306486449466 8.1220322476695212544
155000 1806.8834052411493758 17939.01582223650621 1.79390158222365 20654.570811676134326 403.35468492716830724 -7144.6984202612511581 8.1871957091142295582
156000 1802.5717013360640522 18437.048013512739999 1.84370480135127 20641.259767087263754 402.3921734750788346 -7144.6191686200036202 8.1924754317848194063
157000 1784.948257868041992 12780.334999661143229 1.27803349996611 20764.725661915927049 398.458052177181969 -7124.0237412790847884 8.1437634320928466991
158000 1855.5685192848536644 16552.67396951774208 1.65526739695177 20763.105078687021887 414.22277347055762675 -7115.189178193168118 8.1443990618018045069
159000 1767.161495326067552 10013.017979550104428 1.00130179795501 20785.234294379471976 394.48747279160448898 -7128.5405615618392403 8.1357280427037537152
160000 1794.8833326169253723 9947.732249711665645 0.994773224971167 20722.585070779019588 400.67588147011792898 -7152.5352115031610083 8.1603242522769772194
161000 1830.2141314698121732 14721.888387493092523 1.47218883874931 20729.529610756326292 408.56285591362353671 -7132.2186045122780342 8.1575904855653433856
162000 1810.0657962082091217 13848.198722114593693 1.38481987221146 20753.237673999752587 404.06509728809322723 -7125.9120018428657204 8.1482714253693497852
163000 1794.690077966292165 13779.707729218451277 1.37797077292185 20723.902730840116419 400.63274079568884645 -7135.2311912145323731 8.1598054053448869638
164000 1803.1339655265705915 7710.0195838295749127 0.771001958382957 20797.277730984082154 402.51768898689874732 -7139.4548758029650344 8.1310167470148630997
165000 1845.7844753705246603 8390.1826351805229933 0.839018263518052 20823.925891837570816 412.03865913372192153 -7126.2580805670240807 8.1206115696577061414
166000 1801.6073662497965415 9308.4444309158589022 0.930844443091586 20868.193634262919659 402.17690276433052077 -7106.0840851668972391 8.1033852994973756267
167000 1790.0182540918779068 11999.70819764447333 1.19997081976445 20711.757887480634963 399.58983894522430091 -7145.6350827245114488 8.1645901058531755723
168000 1765.0656626200429855 12907.784306873236346 1.29077843068732 20742.75180881754568 394.0196152982286435 -7132.4216671106660215 8.1523905353322874134
169000 1788.0536375876288275 13218.572619552311153 1.32185726195523 20771.248518230087939 399.15127314248599077 -7125.1286172760337649 8.1412060220903885721
170000 1815.1620024099631792 10922.927622842795245 1.09229276228428 20786.324271903005865 405.20273496901381804 -7129.8194681505647168 8.1353014275606376771
171000 1799.844648654627008 13161.5336180366794 1.31615336180367 20780.995975664813159 401.78340731346042958 -7120.0923806507998961 8.1373873379782022397
172000 1836.7300833814081216 17739.829543484727765 1.77398295434847 20695.118019163950521 410.01742665276401567 -7131.1319526670722553 8.1711548282237025376
173000 1822.6755129789542025 17211.968342322878016 1.72119683423229 20664.247863663280441 406.87999299211674042 -7143.2445467897559865 8.1833616514205367309
174000 1801.4938037206597983 13894.295717020953816 1.3894295717021 20709.172481424837315 402.15155194311734022 -7142.2862145496665107 8.165609402047733667
175000 1842.653993130444178 16712.860734177484119 1.67128607341775 20684.622382989680773 411.33983447577492143 -7141.9497061476959061 8.1753009744096338807
176000 1722.6752795219554173 16325.945098536156365 1.63259450985362 20678.625867631646543 384.55671383548093445 -7139.9297650563694333 8.1776716985652608827
177000 1757.0936079393200089 19199.164529498379125 1.91991645294984 20678.703517170521081 392.23999543197828643 -7128.2673298742229235 8.1776409910097349609
178000 1796.1367385058983928 12970.446570073674593 1.29704465700737 20803.40276568328045 400.95568211246484225 -7116.1963285477331738 8.1286227752076456454
179000 1839.3858961418468425 10081.781502599256783 1.00817815025993 20770.796570481546951 410.61028976507384414 -7139.5333555324923509 8.1413831650189028011
180000 1761.2029145717301617 14432.233891085090363 1.44322338910851 20699.857233434875525 393.15732528136260271 -7144.3375036593806726 8.1692840494480254421
181000 1786.472859721450277 17241.87675821895391 1.7241876758219 20693.720016599803785 398.79839251039720693 -7131.0666225474396924 8.1717068457146471161
182000 1779.9809988315194005 15054.733704319341996 1.50547337043193 20712.39844053941124 397.34919966471954922 -7130.5592211809535002 8.1643376071779982794
183000 1808.7604643500148995 17942.362249531521229 1.79423622495315 20679.022346777022904 403.77370509374355834 -7136.6916084299100476 8.177514907966951796
184000 1786.019047251765187 10391.114329395126333 1.03911143293951 20778.707228949017008 398.69708692244677195 -7133.1483871233913305 8.1382836602729327069
185000 1811.665643215006412 10866.613288671285773 1.08666132886713 20770.246554613193439 404.42223476773727953 -7134.2049818404011603 8.141598756582505203
186000 1807.1249337997987823 15864.204451469111518 1.58642044514691 20802.460313257815869 403.40860189568570604 -7103.0067523946690926 8.1289910412749684099
187000 1823.923254266748927 15526.86514068258839 1.55268651406826 20699.206510413587239 407.1585291126817765 -7137.7231177755620593 8.1695408680461554241
188000 1728.862799876040981 19191.339754145428742 1.91913397541454 20683.757992648461368 385.93796805236246428 -7125.8437298904000272 8.17564262659882246
189000 1781.6789467609542044 4825.1581357300137824 0.482515813573001 20854.397970326179347 397.72823643605374855 -7129.8309580296372587 8.1087458752618175595
190000 1813.7277570608639508 17730.692400031573925 1.77306924000316 20729.624260294447595 404.88256512340223026 -7119.0513697523583687 8.1575532387652103239
191000 1851.6297577443413047 16549.681390343812382 1.65496813903438 20689.775404450712813 413.3435147892457735 -7140.7403384488579832 8.1732648236758524973
192000 1777.862868860345543 20845.391460310533148 2.08453914603105 20607.540613797074911 396.87636470222037133 -7147.6322212548475363 8.2058803955351038439
193000 1738.2684101809488766 11734.739334972871802 1.17347393349729 20764.109452712065831 388.03760379536578284 -7130.6212867424910655 8.1440051117079708121
194000 1797.1393651045382285 6077.4364073888291387 0.607743640738883 20773.906677777966252 401.17950072445768228 -7148.1478304702068272 8.1401643006243915579
195000 1834.2367684694117997 14230.261623104845057 1.42302616231048 20736.262790642143955 409.46083830409952498 -7132.2496227804558657 8.1549416705532689065
196000 1817.0394849433048421 17573.252714627727983 1.75732527146277 20704.363088603582582 405.62184965759615807 -7128.8675603472975126 8.1675061821163268405
197000 1831.7818404105576064 15051.120615610430832 1.50511206156104 20722.040380245638516 408.91281913981600837 -7134.5042467595267226 8.1605387510081808244
198000 1823.4660824959514684 8040.1000905515538761 0.804010009055155 20779.757059757212119 407.05647362031697867 -7144.0745275802291872 8.137872499502966761
199000 1797.4019201656687983 7758.198668296937285 0.775819866829694 20816.777848767047544 401.23811148686286288 -7128.6644194058108042 8.1234000166344966232
200000 1747.6019512912594109 15217.180982665138799 1.52171809826651 20672.254391326143377 390.12115136843209484 -7145.8571968107735302 8.1801921707148039786
200000 1747.6019512912594109 15217.180982665171541 1.52171809826652 20672.254391326143377 390.12115136843209484 -7145.8571968107735302 8.1801921707148039786
