step temp press pressGiga vol ke pe density
0 2600.0000000000027285 -34667.460092449953663 -3.466746009245 26980.744790434488095 677.19389965500079143 -7765.3548960395255563 7.3121350297215474967
1000 2643.0925673529786764 298875.96226084145019 29.8875962260841 21583.298933133701212 688.41775493650368389 -7966.8846798084223337 9.1407180024387955086
2000 2552.8302797541805376 302674.61268639808986 30.2674612686398 21574.851503124951705 664.90811242465315445 -7957.6851192678777807 9.1442969645254699174
3000 2659.565475115017307 299935.17681877757423 29.9935176818778 21621.368647692950617 692.70827518497753772 -7955.8943454363243291 9.1246235298413562731
4000 2549.2264912226673914 303185.91624219715595 30.3185916242197 21558.672274200693209 663.96947257496572092 -7958.8342091416543553 9.1511595241515344412
5000 2535.8298324624961424 300011.55877734848764 30.0011558777348 21526.706350345037208 660.4801896564473509 -7986.728440113747638 9.1647484710056961177
6000 2569.9598776064781305 310276.87560501531698 31.0276875605015 21440.409218604687339 669.36967364354518395 -7975.9095464566853479 9.2016363633078288586
7000 2626.3607018902075652 289424.97796155378455 28.9424977961554 21594.518413632802549 684.0597867744895666 -8012.7938047345778614 9.1359689218891961815
8000 2570.9578061459769742 302832.9395154582453 30.2832939515458 21512.151347258615715 669.62959330479145592 -7979.4395980648205295 9.1709492893305792904
9000 2614.2290202059984949 300530.21935293101706 30.0530219352931 21550.193329001198435 680.89997876329618975 -7978.6159701696888078 9.1547600570531439956
10000 2573.0187881243987249 303269.07604664243991 30.3269076046642 21489.281851761494181 670.16639500597841561 -7991.3586982541346515 9.1807092703724535454
11000 2554.9020759203312991 306147.19285879452946 30.6147192858795 21477.649643613156513 665.44773078044011072 -7983.8058155197168162 9.1856815053681071248
12000 2656.277281970529657 290182.94868866557954 29.0182948688666 21598.649806537599943 691.85183505484894795 -8007.4145970382505766 9.1342213924130284397
13000 2554.122227111477514 303135.85269547085045 30.3135852695471 21437.600504857306078 665.24461198966741904 -8011.0537490326496481 9.2028419442470834611
14000 2615.7333229943487822 296742.56335671216948 29.6742563356712 21458.481104657705146 681.29178825233645966 -8034.5753529124822307 9.193886936726890724
15000 2611.1054968154589915 295805.12941288534785 29.5805129412885 21502.646950006663246 680.08642838425657828 -8021.3167110571594094 9.1750029458606796595
16000 2583.7363405961623357 305817.55608320370084 30.5817556083204 21423.021319667252101 672.95788006486714039 -8005.8704496543696223 9.2091048300920785863
17000 2584.0866840531307389 291360.05221457110019 29.1360052214571 21588.429908286783757 673.04913023865299238 -8010.2405589972149755 9.1385455055434174909
18000 2560.5537446723346875 314689.96708020358346 31.4689967080204 21348.638833054254064 666.91975985802753257 -7994.9192845644183762 9.2411910029904387187
19000 2545.1898452164009541 285650.21037269185763 28.5650210372692 21573.765895944095973 662.91809101707713126 -8033.3720096851602648 9.1447571120257471478
20000 2618.5993887252934655 305141.7072113964241 30.5141707211396 21439.628165376805555 682.0382814173387942 -8004.3549993348697171 9.2019715821711365322
21000 2524.4143020206670371 293990.53085160406772 29.3990530851604 21470.379213842548779 657.50690981931950319 -8038.2068958305108026 9.1887920164408178891
22000 2567.5369494645724444 302037.2271342423046 30.2037227134242 21460.126941991882632 668.73859973700643877 -8008.1721500066560111 9.1931818317474292002
23000 2590.8801284085911902 301641.98442802554928 30.1641984428026 21434.293054422210844 674.81854526756194446 -8022.7475083041617836 9.2042620024461268002
24000 2553.1967319396403582 296834.9758357287501 29.6834975835729 21441.375661154059344 665.00355826484883437 -8042.4609059474951209 9.2012216113326807942
25000 2565.4888943716109679 302004.71021867083618 30.2004710218671 21310.55314526217262 668.20516496196376011 -8076.4158336716882332 9.2577066285102365129
26000 2653.0927942218891076 298063.77760172949638 29.8063777601729 21240.680951927286515 691.02240594834677267 -8135.2099418283487466 9.2881602786944714722
27000 2609.6476017339114151 296017.53871871496085 29.6017538718715 21250.414622429514566 679.70670620904070347 -8134.924026929651518 9.2839058726825864909
28000 2658.9660276132394756 302538.95974794391077 30.2538959747944 21208.670132828712667 692.55214357291310989 -8129.5883726475540243 9.3021791500606489933
29000 2620.978693439264589 293113.61303318128921 29.3113613033181 21278.997876855672075 682.65799320107782933 -8140.5396680655176169 9.2714351611780756457
30000 2589.4762080371547199 299519.64717340882635 29.9519647173409 21242.741786029015202 674.45288130173958052 -8123.2937042733028647 9.2872592011576138304
31000 2609.9225841589613992 293339.10030468838522 29.3339100304688 21300.753370426627953 679.77832790933155138 -8127.4626880847335997 9.2619657943188453686
32000 2620.2876454083157114 306350.084139325656 30.6350084139326 21169.548923805570666 682.47800338918284524 -8123.6935358173323038 9.3193695255481028283
33000 2600.9572608893313372 294319.71882276085671 29.4319718822761 21234.976147627701721 677.44322705293598119 -8150.5110775939483574 9.2906555551819387517
34000 2663.4465453718348726 299021.07763552531833 29.9021077635525 21238.142128514908109 693.71913560884263461 -8130.7028941997577931 9.2892705923288172443
35000 2567.7311250205752913 305648.3993087723502 30.5648399308772 21205.774740434044361 668.78917454546296995 -8107.8446223561104489 9.3034492502618739707
36000 2465.4703091293868056 294048.58356590621406 29.4048583565906 21218.44853443588363 642.15440504728769611 -8151.1257381148316199 9.2978922935827359453
37000 2589.6505931721339948 305474.87089494121028 30.5474870894941 21162.480933765553345 674.49830151312369253 -8135.5280558370850486 9.3224820722855099575
38000 2569.8943149986143908 297943.15535829967121 29.79431553583 21194.973579193800106 669.35259725966409405 -8152.8357049365231433 9.308190376976046565
39000 2597.5489614877697022 303165.83199775166577 30.3165831997752 21204.536043592932401 676.55550414411470683 -8124.0499680040284147 9.3039927261094028665
40000 2604.2706062044021564 299182.79315815295558 29.9182793158153 21227.950371933005954 678.30621829709616577 -8133.1298869750171434 9.2937304663647779535
41000 2578.603487792827309 299288.84582273470005 29.9288845822735 21212.397073808988353 671.62098137015732391 -8137.8742839971082503 9.3005447910318430615
42000 2554.885462993684996 303614.59615930140717 30.3614596159301 21157.082360433225404 665.44340379098605354 -8139.3958746707767204 9.3248608550613738544
43000 2652.4890858807993936 299264.62303303834051 29.9264623033038 21220.727814143025171 690.86516456151730381 -8138.6457621706103964 9.2968936239136468203
44000 2562.5181313974408113 302271.91865401249379 30.2271918654012 21166.482850131986197 667.43140243756795371 -8146.4986216693996539 9.3207194840536811142
45000 2561.9296472414735035 301175.58457391068805 30.1175584573911 21222.531267006077542 667.27812632969698825 -8124.8226355927372424 9.296103590471707534
46000 2572.0044955770754314 303119.95345986681059 30.3119953459867 21179.023256964086613 669.9022131884735245 -8135.2889933049591491 9.3152005508677753198
47000 2624.8643566438317976 299003.5266369949677 29.9003526636995 21210.40719305656603 683.67004990040356915 -8145.3726237227492675 9.3014173332182448206
48000 2599.9922822818884924 311391.81086155766388 31.1391810861558 21098.746651960012969 677.19188950437523999 -8134.1188981658888224 9.3506430673115783492
49000 2604.2643912345092758 289186.54200545098865 28.9186542005451 21301.191122090825957 678.30459955105845893 -8145.3086564906861895 9.2617754556229030527
50000 2597.1097984736670696 307029.01291640801355 30.7029012916408 21157.285075625346508 676.44112010022843151 -8125.1898334491288551 9.3247715103768840095
51000 2489.8646483746874765 299212.54768238094402 29.9212547682381 21218.859447795766755 648.50813494076157895 -8131.3932277722105937 9.2977122354522983017
52000 2620.7450320243297028 298558.36017972207628 29.8558360179722 21234.436945246168762 682.59713393770152834 -8134.2019859627598635 9.2908914711901804395
53000 2542.5065125752762469 307372.12660430424148 30.7372126604304 21167.876982960264286 662.21919236503299544 -8117.7862116736250755 9.3201056142250546799
54000 2481.9583700142511589 291916.41516980179586 29.1916415169802 21279.945351394624595 646.44887206589169182 -8140.0090777561181312 9.2710223570749761279
55000 2662.09714079974583 317117.08051320450613 31.7117080513204 21080.184031325585238 693.36767078407910958 -8119.0134406916013177 9.3588769821430872753
56000 2522.6161481844433183 295393.0505933407112 29.5393050593341 21265.243435023185157 657.03856412373022522 -8130.060454338301497 9.2774319613566262888
57000 2675.5503409860543798 302354.25492229260271 30.2354254922293 21205.17869170373524 696.8716804367735449 -8132.7518452883541613 9.3037107575659963032
58000 2592.1081682713079317 293782.86822210554965 29.3782868222106 21247.833264052162122 675.13839953816386696 -8147.5462979291605734 9.285033756542610206
59000 2618.4693284663503619 306555.98133769573178 30.6555981337696 21164.270483735363086 682.00440602736034634 -8126.3123749460510226 9.3216938075766542227
60000 2635.6318233310412324 297234.83677079010522 29.723483677079 21215.256914843987033 686.47453557552535131 -8152.9904947329450806 9.2992910668960480081
61000 2651.0521110623176355 303224.15206573298201 30.3224152065733 21186.114169263088115 690.49089126111971382 -8133.7502883817687689 9.3120827884680217323
62000 2534.9907166436937587 296112.92314486199757 29.6112923144862 21239.606212127466279 660.26163422814090609 -8135.4015861622656303 9.2886302664813875651
63000 2742.1672267377493881 299108.1343720430159 29.9108134372043 21229.474084312772902 714.22266068487431312 -8142.2425207317646709 9.2930634233608113703
64000 2589.7035611228120615 297210.83171965688234 29.7210831719657 21217.711653234444384 674.51209750276836985 -8146.0441236795177247 9.2982152050331361437
65000 2679.8006979921651691 299110.46864146483131 29.9110468641465 21215.950235421139951 697.97872498904052918 -8143.1888765611101917 9.2989871733735753878
66000 2607.4908520465651236 296697.71647757245228 29.6697716477572 21234.47712527726253 679.14496092775084435 -8144.373793513765122 9.2908738908981849391
67000 2579.1225234032981461 303883.59630301903235 30.3883596303019 21184.24510983912478 671.75616896597057348 -8129.8837611891922279 9.3129043818739827287
68000 2642.8738158071273574 301133.16728661052184 30.1133167286611 21210.919331953686196 688.36077908558422678 -8132.623254855495361 9.3011927499486493076
69000 2526.1003519506330122 287422.70613043045159 28.742270613043 21273.781542801916657 657.94605702204512454 -8165.873000867058181 9.2737085183083589612
70000 2551.034202741936042 309124.01079859712627 30.9124010798597 21130.823830448382068 664.44030765695993068 -8122.8623051961540114 9.3364485309765132826
71000 2594.2083679081129048 298279.18302541022422 29.827918302541 21197.790976892909384 675.68541583897228975 -8149.5440385539513954 9.3069532257002585141
72000 2648.8709394798829635 298012.93713995401049 29.8012937139954 21241.841765770015627 689.92278507276364508 -8133.3471203557528497 9.2876527038267226999
73000 2584.7499213872019936 298622.91970751137706 29.8622919707511 21202.279968842565722 673.22187649890543071 -8148.2076716095407392 9.3049827377071085976
74000 2602.2896601759439363 296550.27459778991761 29.655027459779 21251.334839277449646 677.79026269478163158 -8134.8861425111226708 9.2835038646834053822
75000 2580.6793798834114568 305799.09556136879837 30.5799095561369 21169.593233754694666 672.1616665471133274 -8125.5500900951719814 9.3193500192314253638
76000 2530.45307897005614 304431.5146219386952 30.4431514621939 21169.631123239978479 659.0797647852823502 -8130.0294672042145976 9.3193333394237640732
77000 2643.2931577577346616 301849.91926451510517 30.1849919264515 21192.565082899014669 688.47000055128444274 -8136.7452909188405101 9.3092482358027819345
78000 2539.6463915647764225 299664.04563226649771 29.9664045632267 21202.755939637852862 661.47424755711540456 -8135.6355049492995022 9.3047738544823808127
79000 2580.5355277084877343 303910.24844593001762 30.391024844593 21185.900502094791591 672.12419892584011905 -8129.8635699488431783 9.3121767040587304365
80000 2668.9310571183764296 298888.59816114942078 29.8888598161149 21257.709190819761716 695.14762710782110844 -8124.8213674644885032 9.2807201067230948865
81000 2632.650121478931851 295633.44121397513663 29.5633441213975 21238.734084071213147 685.69792391981820856 -8148.1180577690656719 9.2890116863450895579
82000 2537.12690200347879 305157.68719737796346 30.5157687197378 21147.872584613414801 660.81802334128656184 -8138.3009175586321362 9.3289217778649540236
83000 2661.1000908776832148 297887.23476824670797 29.7887234768247 21260.282737547040597 693.10797996682049416 -8126.801939345212304 9.2795966801368958699
84000 2511.29591357239633 299237.23266577749746 29.9237232665777 21205.427214949595509 654.09010496144503577 -8135.4479805850332923 9.3036017199893148444
85000 2641.5840063350324272 313183.46960951038636 31.318346960951 21125.421337499261426 688.02483635242265336 -8113.7059672535660866 9.3388361802712935855
86000 2560.6898714638487036 293602.4357406621566 29.3602435740662 21266.281597321238223 666.95521533217868182 -8136.9538662070617647 9.2769790622430257088
87000 2612.3956789419598863 305291.20611970173195 30.5291206119702 21206.909543848720205 680.42246817868362996 -8113.5376949898272869 9.3029514131793114018
88000 2594.5938939348570784 299269.97703595180064 29.9269977035952 21193.540126395055267 675.78582963646056214 -8144.0657087833378682 9.308819948603417771
89000 2641.3589109317576913 296162.18271667987574 29.616218271668 21266.310757424038457 687.9662081855234419 -8132.5156066891277078 9.2769663417638490444
90000 2512.515037858658161 306152.54436717036879 30.615254436717 21177.80069025636476 654.4076370882056608 -8116.5396444127636641 9.3157383052000497514
91000 2633.3060939730203245 289550.65757353766821 28.9550657573538 21325.94321750464951 685.86877798571754283 -8133.0510381007470642 9.2510257153914441375
92000 2603.8888809166314786 307214.98669934947975 30.7214986699349 21148.133468036357954 678.20679443701067157 -8132.3689354566004113 9.3288066962645146418
93000 2624.3304847498739036 293499.90892783663003 29.3499908927837 21271.348148188550113 683.53099805817839751 -8137.4856240345588958 9.2747694098041488786
94000 2572.5538963260219134 302469.98090450261952 30.2469980904503 21194.790380651298619 670.04530966372442435 -8130.0734468084592663 9.3082708329220480437
95000 2565.1141104461935356 292421.73050268949009 29.2421730502689 21256.323031723306485 668.10754904350937977 -8147.6865419959576684 9.2813253174445531357
96000 2627.5067975236825077 303526.82978542381898 30.3526829785424 21188.24080587026765 684.35829791733965521 -8127.475033686394454 9.3111481466386933903
97000 2602.3000126388246827 289824.33812018536264 28.9824338120185 21285.129749922220071 677.79295908890060218 -8150.4010167397209443 9.2687642230996605264
98000 2570.9560610230346356 310838.73521018965403 31.083873521019 21120.938942642238544 669.62913877147968833 -8123.8726419517806789 9.3408181163669716796
99000 2572.7496378090986582 294129.58533123566303 29.4129585331236 21250.002973668451887 670.09629233228167777 -8145.7892365990992403 9.2840857177562572389
100000 2670.1811988559584279 300874.87444504874293 30.0874874445049 21203.347262311774102 695.47323801489596917 -8141.0826146394647367 9.304514361314259574
100000 2670.1811988559579731 300874.87444504874293 30.0874874445049 21203.347262311774102 695.47323801489585549 -8141.0826146394610987 9.304514361314259574
101000 2614.3551007883593229 295409.28981065156404 29.5409289810652 21276.434288133565133 680.93281760992681484 -8127.7478296889521516 9.2725522725462230511
102000 2589.7485129759411393 301489.72794506384525 30.1489727945064 21176.01069589391409 674.52380562612120229 -8144.5422909189583152 9.3165257584785656775
103000 2562.0362880055345158 298446.82306421000976 29.844682306421 21244.38761022329345 667.30590189695726622 -8126.7027781899814727 9.2865397077943665494
104000 2664.7333065554748828 303324.34611927944934 30.3324346119279 21176.862046617792657 694.05428438725562046 -8141.4257775960541039 9.3161512161629467244
105000 2551.329743799264179 298640.11980023648357 29.8640119800236 21217.486475424764649 664.51728404200616751 -8137.5358892350477618 9.2983138855123836919
106000 2615.5631057538194 299912.57736750476761 29.9912577367505 21173.424753210249037 681.2474536073739273 -8151.9722581398182228 9.3176635999899470875
107000 2611.7199253005551327 303021.69012145290617 30.3021690121453 21217.13731387082953 680.24646193113403569 -8117.8375744505028706 9.2984669039746385977
108000 2632.0266417455163719 298197.96586158993887 29.819796586159 21205.856456246663583 685.53553289211538413 -8147.1044595889834454 9.303413399839268294
109000 2607.5443884212745616 289659.40305645193439 28.9659403056452 21264.228849327071657 679.15890496865961268 -8164.1673660831884263 9.2778746178870541428
110000 2592.2103498622273037 313148.5123675991199 31.3148512367599 21135.215822278954874 675.16501367278988255 -8106.0175276746167583 9.3345083754550639554
111000 2546.7403896370674374 295564.3041631700471 29.556430416317 21227.377208278059697 663.32194456431534491 -8146.9022365789014657 9.2939814078009206355
112000 2631.5301998952404574 304762.18007251247764 30.4762180072512 21207.943705712921656 685.40623004883070735 -8111.7946734435190592 9.3024977738397538474
113000 2565.0291473690649582 300498.12788300029933 30.0498127883 21212.679979046555673 668.08541962907577272 -8127.1253759980318137 9.3004207532942153591
114000 2639.6688117353933194 294955.88979836396175 29.4955889798364 21238.714926285014371 687.52600631414270538 -8150.4257541749848315 9.2890200652371515133
115000 2599.4337906482433027 306353.16125708533218 30.6353161257085 21132.113683075982408 677.04642522463961996 -8144.0696693785394018 9.3358786569520422205
116000 2564.7032717206257075 290453.18849144293927 29.0453188491443 21287.459721707895369 668.0005423209337323 -8144.3079919951560441 9.2677497310273206921
117000 2607.2686891023054159 303670.21412865241291 30.3670214128652 21205.648566751697217 679.08709654675772072 -8120.9150133027278571 9.3035046058171033678
118000 2556.4944639354966966 293379.8539315701928 29.337985393157 21236.165518859121221 665.86248287649914346 -8152.2251438143284759 9.2901352146134623666
119000 2546.3845913146979001 304730.90202426468022 30.4730902024265 21177.473203483474208 663.22927362069378887 -8123.2586104724314282 9.3158823630413873929
120000 2531.0377680882015738 297393.44934765726794 29.7393449347657 21182.93965960778587 659.23205244066798514 -8155.3504020162326924 9.3134783122809583489
121000 2584.881524609549615 307682.29696427297313 30.7682296964273 21135.524508670274372 673.25615376788573485 -8132.1291349887887918 9.3343720440522641724
122000 2646.1399973794782454 282434.73095666628797 28.2434730956666 21372.303676872445067 689.21148609941553786 -8153.1557094162626527 9.2309585383443142348
123000 2668.213285779571379 310561.2147699506022 31.0561214769951 21120.481194253559806 694.9606769647496094 -8130.3889354052462295 9.3410205617754051843
124000 2537.4515003858077762 295294.38204260659404 29.5294382042607 21232.895073686064279 660.90256797372921937 -8146.7112800217009863 9.2915661489144252272
125000 2622.1322321146521972 308803.98932716913987 30.8803989327169 21148.265495185423788 682.95844295261190382 -8124.488687324037528 9.3287484571738161776
126000 2588.2319430235006621 293691.13418214017292 29.369113418214 21236.35716150362714 674.12880104143164317 -8151.3623904905898598 9.2900513779145974524
127000 2643.9293998286684655 299543.66190110263415 29.9543661901103 21233.099025366020214 688.63571564710764505 -8131.647339644465319 9.2914769000241310692
128000 2646.8844433104413838 290659.42465939203976 29.0659424659392 21276.519460449118924 689.40538388521224533 -8154.0969339386556385 9.2725151534699747913
129000 2611.4319185008994282 306450.79553220362868 30.6450795532204 21178.411061757939024 680.17144791275472926 -8120.6564161824753683 9.3154698213576576649
130000 2580.9684302103328264 298271.18259243492503 29.8271182592435 21217.277660187384754 672.23695236176115486 -8141.5075261905221851 9.2984053972346849548
131000 2624.5151544710529379 304920.83884128864156 30.4920838841289 21161.493312990605773 683.57909698457581271 -8138.6577967115217689 9.3229171586394112836
132000 2545.605722852069448 298368.7175667125266 29.8368717566713 21208.307248802044342 663.02641017010694213 -8142.6481050246547966 9.3023383146836042812
133000 2518.1377490298859811 301572.37678412318928 30.1572376784123 21213.070587955273368 655.87212389769706533 -8120.3914735994676448 9.3002494991051527506
134000 2541.0977386328481771 298934.32138597778976 29.8934321385978 21203.155597621989727 661.8522642420309694 -8139.6438429227637243 9.3045984689297718262
135000 2538.9417590666839715 296711.17259252961958 29.671117259253 21219.230600775932544 661.29071954588209792 -8141.354666789089606 9.2975496059173323715
136000 2583.1326968447401669 312607.52642714197282 31.2607526427142 21126.565777171170339 672.80065550101028293 -8114.1110365656986687 9.3383302895019699719
137000 2482.0497934747222644 287459.12833107891493 28.7459128331079 21339.33891881643649 646.47268414655184188 -8130.4901889876491623 9.2452184137790336393
138000 2637.0260209591988314 306842.25121613009833 30.684225121613 21153.625186829704035 686.83766716348759473 -8129.9804352049086447 9.3263848332220860016
139000 2561.9286481744948105 300739.08528409386054 30.0739085284094 21200.875622913888947 667.27786611351871215 -8135.5764151081921227 9.305599099731796997
140000 2650.7031819756057303 298064.41350041120313 29.8064413500411 21243.511543772863661 690.40000947306839407 -8131.7668790014777187 9.2869226777125852834
141000 2589.5145829828579735 299936.08250837080413 29.9936082508371 21186.084562130934501 674.46287640909724814 -8145.7357646980162826 9.3120958019186641508
142000 2652.2042830968166527 297609.63142130291089 29.7609631421303 21263.346110495200264 690.79098505847196066 -8129.9597538056859776 9.2782597849327252959
143000 2633.9396646517930094 297467.93023719202029 29.7467930237192 21234.636365946884325 686.03379729289645184 -8139.8134317728527094 9.290804217702268275
144000 2671.1437429507259367 303680.09257588733453 30.3680092575887 21160.839527644235204 695.72394147225202232 -8147.2596907871338772 9.3232051995092355412
145000 2545.0947150105553192 301708.03304668288911 30.1708033046683 21188.149431579724478 662.89331348051109671 -8135.1840870884680044 9.3111883011391505249
146000 2586.9791896462152181 303944.64641284878599 30.3944646412849 21154.813219190964446 673.802509908789375 -8140.6890938814467518 9.3258610731264219851
147000 2578.5208966809304911 295161.54583049565554 29.5161545830496 21235.417732862613775 671.59946975587183715 -8145.9517059207864804 9.290462358308328561
148000 2578.1333179607809143 305473.45237279334106 30.5473452372793 21186.155173785613442 671.4985213155174506 -8122.7887127154963309 9.312064765494747931
149000 2600.7458369018336271 289616.25700456934283 28.9616257004569 21329.727880332113273 677.38815973194596154 -8134.8480309482783923 9.24938424985857921
150000 2599.6431503407188757 312939.25626335374545 31.2939256263354 21074.287696462433814 677.10095488101580941 -8136.5812398049229159 9.3614954845297191355
