step temp press pressGiga vol ke pe density
0 1750.0000000000011369 -43431.892162557443953 -4.34318921625574 26980.744790434488095 455.80358630625033811 -7765.3548960395255563 7.3121350297215474967
1000 1756.8330927398528729 4250.421419604201219 0.42504214196042 24919.637687176153122 457.58332812132897516 -8164.311293068744817 7.9169228536432010301
2000 1811.2637087868572507 -4435.2780036435488 -0.443527800364355 25189.097839743666555 471.76028240651930901 -8131.9911337853191071 7.8322316410566985567
3000 1705.3271442774819207 3599.5801862477278519 0.359958018624773 25002.66449292829202 444.16813039261262475 -8145.3702005947443467 7.8906329829732158032
4000 1747.5797611752705052 -2248.9950585874839817 -0.224899505858748 25034.422382133154315 455.17321285709044787 -8155.9499393613878055 7.8806231715142409655
5000 1744.0927714933050083 442.71481113786757078 0.0442714811137868 24869.007505571051297 454.26499434140310996 -8188.1566986432426347 7.9330407160767437702
6000 1824.8540698156880353 719.67011742484226033 0.0719670117424842 24824.348162172729644 475.30001686145521944 -8200.8269478961465211 7.9473123653147279555
7000 1731.7654488397909063 -1668.1332692541220695 -0.166813326925412 24826.809983219380229 451.05422984138829179 -8205.8988860401150305 7.9465243115591928103
8000 1745.074592204777673 4151.6082631974213655 0.415160826319742 24746.632048946754367 454.52071857077396544 -8205.3332060508746508 7.9722706799008653533
9000 1785.0599606201028564 -9456.3300952909503394 -0.945633009529095 24967.573998877443955 464.93527532704933947 -8201.2718111853209848 7.9017228153197187623
10000 1767.5442646194596819 5936.4895058240408616 0.593648950582404 24693.379805702235899 460.37315129633896049 -8213.5173464635863638 7.9894631946881355944
11000 1806.0177185478137289 -2848.4796319899719492 -0.284847963198997 24966.588634679657844 470.39391602670013981 -8173.4981840833152091 7.9020346750966776739
12000 1739.6425838661493799 907.48465742864095773 0.0907484657428641 24943.919323986981908 453.10590206700697991 -8161.885101484347615 7.9092161319009344211
13000 1754.8729277210134114 889.66972872849885334 0.0889669728728499 24917.924032202085073 457.0727851239923325 -8166.8401425326537719 7.9174673161036341895
14000 1776.0114622565529316 -3335.6985861570306042 -0.333569858615703 25043.084243057062849 462.57851075288232323 -8153.1033488110142571 7.8778974344906833593
15000 1735.4623947506936474 -4374.8378214580516214 -0.437483782145805 24955.882603308200487 452.01713338685664212 -8180.9281499194185017 7.9054246345893837145
16000 1792.6777403100172705 -3478.8168868310303878 -0.347881688683103 24934.33422929047083 466.91939607125158318 -8183.864725328701752 7.9122565413581229521
17000 1715.0155799707745246 6766.1362248286650356 0.676613622482866 24716.995208149437531 446.69157252672710001 -8194.3708609527220688 7.9818298077375464672
18000 1735.2606883860839844 -4378.8889564087985491 -0.43788889564088 24880.57324077877638 451.96459711007389615 -8199.5207922566987691 7.9293530418649664782
19000 1695.7664542931695451 1527.1641378728372729 0.152716413787284 24822.058965328935301 441.67796080266305125 -8187.6973441456702858 7.9480453005804427846
20000 1708.259211830387585 -1048.8112091218870319 -0.104881120912189 24861.532495106246643 444.9318143388450153 -8190.8098417590754252 7.9354259094425216858
21000 1726.1265231618044709 7051.8556630013899849 0.705185566300139 24686.488216757639748 449.58551981456503199 -8211.9504563542068354 7.9916935684757044456
22000 1757.4636437879139521 -4800.3198498445335645 -0.480031984984453 24976.357759826943948 457.74756093793206446 -8182.1701150764229169 7.898943913569255848
23000 1753.854674756744771 819.04892631244820222 0.0819048926312448 24826.975552309428167 456.8075717794891375 -8197.2269592369775637 7.9464713168318832359
24000 1761.0505991766112857 1863.979138613890882 0.186397913861389 24810.780902319758752 458.68181644083995252 -8197.69055871227647 7.951658187899573349
25000 1749.5832728158188729 1237.5436184707268694 0.123754361847073 24790.944036996635987 455.69504588050085658 -8205.6469567301774077 7.9580208327562385051
26000 1696.32356022465774 -1291.0758742961284042 -0.129107587429613 24745.59846864154315 441.82306416353435452 -8227.2523998487195058 7.9726036676834395323
27000 1730.8893025379629762 22.540270705525482953 0.00225402707055255 24802.054022422238631 450.82602948338706028 -8203.1747115558900987 7.954456067701351607
28000 1856.3246910094869691 -5801.1186694447578702 -0.580111866944476 24854.257794785295118 483.49682943483747977 -8223.2924327789478411 7.9377485636085376441
29000 1719.5573740592001286 1147.6972556907055605 0.114769725569071 24756.02665272667582 447.87452454602362195 -8210.8455010016841698 7.9692453024719833721
30000 1762.4608967126814605 -1052.154950092959325 -0.105215495009296 24869.823690839381015 459.04914139781118365 -8190.1597772971363156 7.9327803671878243108
31000 1739.455189053628601 -1814.9374734652444658 -0.181493747346524 24895.182218636022299 453.05709336552001787 -8184.8501882554937765 7.9246999430447386814
32000 1787.8341961956141404 -4158.4889163662764986 -0.415848891636628 24948.652307739692333 465.65785048395014201 -8185.680464662535087 7.9077156824583267891
33000 1750.6597362739389609 -4.6730337483403756593 -0.000467303374834038 24851.111200191840908 455.97542068320871067 -8190.0246266793947143 7.9387536243687284454
34000 1733.4763952241121387 382.68643638085103476 0.0382686436380851 24833.862707798307383 451.49986155450329761 -8190.8493488608528423 7.9442675282311778773
35000 1744.9756098416767145 -898.39528332380155007 -0.0898395283323802 24783.361072424468148 454.49493770444115626 -8212.2627360480437346 7.9604557482571269844
36000 1761.592217580624947 664.7213805216434821 0.0664721380521643 24839.914797501562134 458.82288593281646172 -8189.8640103115203601 7.9423319571916044524
37000 1776.1370247968632157 -990.823790703552163 -0.0990823790703552 24903.631673258936644 462.61121467069898472 -8181.1229934180755663 7.9220112029666855946
38000 1718.3982802211444323 908.14885067824775433 0.0908148850678248 24819.52037578792806 447.57262790130857866 -8194.4374696201211918 7.9488582423442641911
39000 1731.5732328946573944 -467.36571604477080655 -0.0467365716044771 24980.142453591241065 451.00416543159565208 -8155.9342086932510938 7.8977471596344148708
40000 1824.9002575611473276 783.50701526790032858 0.07835070152679 24889.282807237133966 475.3120468843259232 -8177.7185082883561336 7.9265783043273376762
41000 1731.4858147324966922 -1749.1858443449252718 -0.174918584434493 24879.992580166857806 450.98139656769785688 -8192.9005796360543172 7.9295381007219809533
42000 1768.7674443193661773 121.24231295720311152 0.0121242312957203 24873.183086923418159 460.69173969286146075 -8183.8649578480235505 7.931708958224688466
43000 1800.4201087693052159 -5461.1924076601144407 -0.546119240766011 24951.555174975314003 468.9359671056789125 -8187.0777666177127685 7.9067956977679036967
44000 1738.6314622145703197 1749.6189035282907298 0.174961890352829 24887.706810758452775 452.84254613844603909 -8170.7575469705107025 7.9270802493072674011
45000 1715.0922990197179843 647.18231231919753554 0.0647182312319197 24866.931520642025134 446.711554708239305 -8183.3308235525491909 7.9337029961394947009
46000 1725.5088649597903441 -1628.0388692893970983 -0.16280388692894 24968.914069223297702 449.42464505822817955 -8160.8353797056588519 7.9012987334234612291
47000 1733.2377705208293719 2474.6768500705966289 0.24746768500706 24898.169532292176882 451.43770955705326742 -8161.495676921627819 7.9237491275910132416
48000 1770.4489519269311586 -4962.2201214419901589 -0.496222012144199 25049.819248422169039 461.12970380596391351 -8160.6792364105876914 7.8757793480901039374
49000 1741.6491742037192125 2106.0170161079045101 0.21060170161079 24860.166282776797743 453.6285369653566022 -8174.4419807391495851 7.9358620077611563559
50000 1709.787308845634243 2802.8952012101754008 0.280289520121018 24850.714718695049669 445.32982125300117104 -8176.1069753223564476 7.9388802834590315172
51000 1769.5787680534488118 859.12233050306656423 0.0859122330503067 24981.126778941594239 460.90305641723301733 -8150.102757249215756 7.8974359665962179378
52000 1679.9826939586275785 -1086.4449133751395493 -0.108644491337514 25085.395039315528265 437.5669353364444305 -8125.6503447441518801 7.8646100171399329071
53000 1724.1787046153046958 5975.4898895822288978 0.597548988958223 24861.576493720531289 449.07819256944026165 -8161.3364042718867495 7.9354118657738155207
54000 1681.9032546848059155 -3002.0325952870384754 -0.300203259528704 25014.318036142376513 438.06716303170787796 -8151.655736226002773 7.8869569350265678054
55000 1779.4438156576084111 7712.4959546354975828 0.77124959546355 24812.702345574860374 463.47249874698036365 -8170.6228395362550145 7.9510424282866454249
56000 1715.1207210566337835 -1304.0206430920532057 -0.130402064309205 25018.284351207232248 446.71895748901437173 -8146.0228325514617609 7.8857065632717295856
57000 1732.7339250753007036 3511.555171359922042 0.351155517135992 24865.238471484150068 451.30647837932986022 -8171.3740645068101003 7.9342431940222484243
58000 1711.5768557464457444 3558.0659359642963864 0.35580659359643 24882.422979817143641 445.79592519314581978 -8164.6524689765619769 7.9287635802244169625
59000 1745.1898069214721545 -1717.8327723076611164 -0.171783277230766 25005.317828649971489 454.55072730281091253 -8155.8901350387568527 7.8897957011396533389
60000 1812.3737499634034975 8218.6516797258300357 0.821865167972583 24894.642361082693242 472.04940283464355844 -8145.1224737202082906 7.9248717956490084546
61000 1700.7901584076437302 -5249.8668285431140248 -0.524986682854311 25064.147819299065304 442.98643071804519877 -8150.7859124277192677 7.8712769543357463675
62000 1790.0915144260006855 4171.4132227353029521 0.41714132227353 24965.150980509319197 466.2457897667185307 -8142.1547548591097438 7.902489725142787691
63000 1711.8132255499751864 -4683.42108003793237 -0.468342108003793 25012.096222984124324 445.85748988122765013 -8164.3017656794472714 7.8876575298324009822
64000 1766.3956486151721492 848.1442691956009412 0.0848144269195601 25031.375551175016881 460.07398369974293928 -8137.3812725141115152 7.8815824047213531856
65000 1718.1365429084110019 -94.949028894799866407 -0.00949490288947999 24971.668740955730755 447.50445601227198722 -8156.9430834671875346 7.9004271263035583672
66000 1768.7914329866689513 5114.2829645233223346 0.511428296452332 24875.402910505425098 460.69798776176850197 -8159.920455950375981 7.9310011508112996381
67000 1721.5785696971593097 -4873.4346088982447327 -0.487343460889824 25037.869118563376105 448.40096352911410804 -8160.1700354555687227 7.8795383175736164461
68000 1766.2595168633647518 2412.024259591840746 0.241202425959184 24961.998704417645058 460.03852693363779736 -8146.6025335728591017 7.9034876752556870727
69000 1708.6478140508154411 1792.2770601914596682 0.179227706019146 24961.913292805569654 445.03302935925506745 -8144.5434911712045505 7.9035147184400553755
70000 1766.9139065507151827 3699.7553519582306762 0.369975535195823 24961.606126587110339 460.20896874297272916 -8140.5392230973820915 7.9036119755122280495
71000 1708.6890916125259992 -708.70550776252059677 -0.0708705507762521 24958.159451118357538 445.04378047963314202 -8157.7084067262112512 7.904703449647726643
72000 1748.4980786603789511 4759.0379641317913411 0.475903796413179 24987.829664331064123 455.4123970874219367 -8132.7987223138761692 7.8953175109773878759
73000 1751.5201750701637593 1555.7102137443064294 0.155571021374431 25013.48662334315668 456.1995298769894589 -8133.1648140135948779 7.8872190862828652769
74000 1756.3701671986489146 -3754.116367783635269 -0.375411636778364 25061.163684995368385 457.4627549088298224 -8148.6622439608172499 7.8722142191758219809
75000 1743.3695280156773606 6138.1905271667501438 0.613819052716675 24949.333262878728419 454.07661892947436399 -8137.1363761555285237 7.9074998530581872558
76000 1707.6982307147482061 -2782.1821767246724448 -0.278218217672467 25086.32898284752082 444.78570165064013509 -8133.0390367541831438 7.8643172241345400408
77000 1787.5807124185816974 -4312.8783765472626328 -0.431287837654726 25214.867459545701422 465.59182830415483068 -8111.9064840423052374 7.8242270924737917781
78000 1814.9650245534674013 2021.3089173985265461 0.202130891739853 25089.148656157613004 472.72432412107519895 -8120.0383685771148521 7.8634333836470498014
79000 1785.9572645388971068 -2264.1180400540406481 -0.226411804005404 25064.650452205609326 465.16898638087394602 -8135.1795913313435449 7.8711191080166313938
80000 1770.7748516992539862 253.26050350119135146 0.0253260503501191 25097.270430939635844 461.2145873973931316 -8118.7900758524447156 7.8608886832131457112
81000 1745.5568327204509842 2755.5715863027166961 0.275557158630272 25089.02950318657895 454.64632254592032723 -8114.4465269321153755 7.8634707287125520381
82000 1759.3556485325818812 -5388.9528132366895079 -0.538895281323669 25168.26668330324901 458.24035096531952149 -8121.4353221112351093 7.8387141869008543082
83000 1777.9336553401717538 5019.3832735269397745 0.501938327352694 24915.120633434427873 463.07916361064604871 -8148.8364419405288572 7.918358173444583592
84000 1691.332045552429463 -1753.8729628212875014 -0.175387296282129 25116.143080536476191 440.52297828427612103 -8120.5222458889529662 7.854981892621837325
85000 1778.5518356299592142 -132.78334450424603119 -0.0132783344504246 25081.359766461282561 463.24017434954259897 -8124.3398157447363701 7.8658753331996242864
86000 1727.7340588214465242 -2932.2099731631283248 -0.293220997316313 25078.089956924915896 450.00421725386792104 -8137.1920101544419595 7.8669009262260685134
87000 1815.7576797017347872 -1708.0059569374034254 -0.17080059569374 25147.758979074853414 472.93077844066630178 -8117.2541731235560292 7.8451065669220581
88000 1755.6352936890068577 -2040.960085256813727 -0.204096008525681 25083.094173166038672 457.27135034815762538 -8134.0810229082480873 7.8653314359107771025
89000 1768.2268619311826114 -3068.8043483349515554 -0.306880434833495 25191.580271240884031 460.55094004073112046 -8106.1399724800830882 7.8314598364176122303
90000 1743.4804873352288723 1881.7141890886978217 0.18817141890887 25021.671356280388864 454.10551930420905364 -8130.0923190584217082 7.8846391314541302009
91000 1722.1785224628154083 1475.3508320265193561 0.147535083202652 25068.353037874356232 448.55722674180003651 -8119.9594182795954111 7.8699565468877725749
92000 1769.4902534543334696 -3231.8217300545225044 -0.323182173005452 25140.403585345273314 460.8800019762517195 -8120.3430558034369824 7.8474018302997654573
93000 1776.7121179010664491 174.57993468967723061 0.0174579934689677 25114.343933033251233 462.76100295604516077 -8114.8220614598749307 7.855544609732731054
94000 1777.5073640409464133 -1005.0047311427217664 -0.100500473114272 25103.88288289274351 462.9681321232185951 -8122.7196659389010165 7.858818097201851316
95000 1822.2514787719348988 -529.70795378034847545 -0.0529707953780348 25142.562151347148756 474.62214810063738923 -8114.0568940581761126 7.8467281068068306382
96000 1747.2457312911878944 -1650.0885556753751189 -0.165008855567537 25058.740918279716425 455.08621170331997519 -8142.3153287711775192 7.872975332379829716
97000 1760.4669926078274784 3328.9004906340169327 0.332890049063402 25024.227577477489831 458.52981074538649864 -8128.2484673357221254 7.8838337167168752728
98000 1733.1578561084102148 -7581.8485013641384285 -0.758184850136414 25185.388315318541572 451.41689511375142274 -8127.7880054170564108 7.8333852406840689397
99000 1705.9679195580099531 9730.3904820641291735 0.973039048206413 24757.288278897129203 444.33502620454470389 -8171.9308150892647973 7.9688391914181755382
100000 1785.8724980191427676 -6704.660555782330448 -0.670466055578233 25095.180379117966368 465.14690816161527209 -8156.5875348751305864 7.8615433772406069224
101000 1758.3794805162895045 3024.3105231057429592 0.302431052310574 24951.896362360112107 457.9860990323689407 -8149.0536207525119607 7.9066875817791597569
102000 1753.7678059840322931 -6542.643001181546424 -0.654264300118155 25169.270819187935558 456.78494600912324586 -8131.3978693686613042 7.8384014589612398538
103000 1747.4424433367887559 4324.2843936642566405 0.432428439366426 25018.985780045062711 455.13744716380824684 -8130.2426623424680656 7.8854854806891356844
104000 1752.0841978594025932 -3372.9878938304927942 -0.337298789383049 24981.123183948438964 456.34643479704288893 -8169.5601551218633176 7.8974371031034937829
105000 1802.6879000522403658 -6953.2749192003675489 -0.695327491920037 25134.709543329809094 469.52663419125372002 -8142.8222527662273933 7.8491795884893686974
106000 1767.3098415014821967 6430.8161522020927805 0.643081615220209 24884.93915759351512 460.31209364040336141 -8157.6711411274591228 7.9279618833189786642
107000 1705.9895122240220644 -8777.7220809949703835 -0.877772208099497 25238.193284708802821 444.34065021289109154 -8117.3854440060986235 7.8169957288362832415
108000 1770.1423217517167359 623.02443365191379598 0.0623024433651914 25049.641614930260403 461.04983915823112284 -8134.5804445807852971 7.8758351972798292806
109000 1772.7748321125786788 -1153.5574268075538384 -0.115355742680755 25058.110831407080695 461.73550068021353354 -8140.1757320996912313 7.8731732985568845251
110000 1773.0857547711605093 -1710.4138203563243223 -0.171041382035632 25057.236799451617117 461.81648334469667816 -8141.3705173876624031 7.8734479260071861262
111000 1740.8080217261067446 -3083.8180095056563914 -0.308381800950566 25041.042139115368627 453.40945107054164964 -8147.5564933720252156 7.878539879214582875
112000 1756.806585431529129 2499.8328197216369517 0.249983281972164 25059.198938556732173 457.57642404921625712 -8118.4284579746363306 7.872831433831774639
113000 1741.8493874522232545 -2558.2821841196137029 -0.255828218411961 25078.471223708780599 453.68068434632471053 -8133.0040699280853005 7.8667813261121555257
114000 1704.444875888353863 -577.03545199085840522 -0.0577035451990858 24983.022690635578329 443.9383354806988109 -8151.1580006061176391 7.8968366459540781932
115000 1689.0487110298229254 4521.4720989712568553 0.452147209897126 25005.489031646971853 439.92826281905274755 -8122.4209736176781007 7.8897416827332129685
116000 1766.7081581104932866 -8283.8891778854667791 -0.828388917788547 25231.482188032154227 460.15537967044127754 -8115.1856424052293733 7.8190749017388592179
117000 1765.2338307173204157 7096.693459431692645 0.709669345943169 24993.921272523886728 459.77137754861399799 -8116.2568135586225253 7.8933932358582348243
118000 1719.6724537558172869 -1812.9615206903222315 -0.181296152069032 25124.203555844222137 447.90449811084022258 -8115.944329176667452 7.8524618172113855863
119000 1779.2305655485470197 -4000.7485663104162086 -0.400074856631042 25152.394264023681899 463.41695579584296638 -8117.9395358264009701 7.8436608077625162849
120000 1751.0028948779295206 4987.1501840674836785 0.498715018406748 25148.356086441326624 456.06479949599201973 -8083.6753224029162084 7.8449202974535579003
121000 1707.2560766262906782 -2657.3887511497091509 -0.265738875114971 25225.779504036836443 444.67053855394362927 -8092.1000879886614712 7.8208425265328997966
122000 1705.7428991252286323 4693.4112767547185285 0.469341127675472 25059.86998139429852 444.27641756439959408 -8100.6597855800655452 7.8726206184065965488
123000 1746.014414770678286 1206.1738923499383418 0.120617389234994 25179.536901193743688 454.76550399707628003 -8086.8163165953028511 7.835205622894520161
124000 1774.760645889633679 -2412.5903321819837402 -0.241259033218198 25189.275849223886325 462.25272413239525804 -8100.7772853950791614 7.8321762916496044937
125000 1759.2993371901354749 3243.1626053832801517 0.324316260538328 25248.67092134653285 458.22568415855567991 -8062.7343955750875466 7.8137518495405942076
126000 1720.9979399320895936 -7809.2710654998809332 -0.780927106549988 25356.888240264459455 448.24973316955129121 -8074.9394959172450399 7.7804045686031573226
127000 1751.9118287653818697 1207.2475504776973594 0.12072475504777 25200.613204121236777 456.30153968205831916 -8080.0394589603674831 7.8286527201587912117
128000 1775.1760017890833296 -1417.2518682827665089 -0.141725186828277 25318.93999874619476 462.36090739443102393 -8057.9111175788257242 7.7920659048081404308
129000 1728.5051369740097016 291.45995470878273181 0.0291459954708783 25396.707321790385322 450.20505164658834474 -8028.2710495970140983 7.7682057996880988782
130000 1776.2884683053559911 -6596.997155668391315 -0.659699715566839 25500.451599974654528 462.65065952458115817 -8035.991938622413727 7.7366021670890479101
131000 1778.0795170828453138 6214.699386034413692 0.621469938603441 25272.136328284846968 463.11715464231201622 -8039.0988424274901263 7.8064967103437039597
132000 1673.1298329910136999 16.66098334764673794 0.00166609833476467 25401.430918688438396 435.7820447047321295 -8029.7662406303461466 7.7667612404057377873
133000 1739.9348185289090907 3524.0573282268883304 0.352405732822689 25328.863457929306605 453.18201727119492261 -8033.5789151638919066 7.7890130932168535338
134000 1731.5546207328152377 0.31039854193024540852 3.10398541930245e-05 25377.319327536999481 450.99931772295758492 -8033.5322067583492753 7.7741406239088766128
135000 1702.4243776645971593 2954.2791262902264862 0.295427912629023 25256.673235383292194 443.41207814554815059 -8054.0993983261869289 7.8112761435945810007
136000 1720.7355808096137935 2412.9789864613258032 0.241297898646133 25356.456235879148153 448.18139932445149043 -8033.0383095162142126 7.7805371253319792757
137000 1803.5609570877734313 280.16266106281472048 0.0280162661062815 25465.35357958901659 469.75402992145131975 -8021.7464620085811475 7.7472652595816526855
138000 1732.3710761241272849 -3714.8813409306280846 -0.371488134093063 25542.400467378742178 451.21197103462566247 -8009.7556288391606358 7.7238961687284044544
139000 1779.6814290798602087 -827.34600429420333967 -0.0827346004294203 25429.923128820562852 463.53438734699000179 -8034.4081149592529982 7.7580592009938733611
140000 1749.3883540549450117 -2234.1608812022077473 -0.223416088120221 25505.336933417514956 455.64427749750387875 -8014.6160908282035962 7.7351202858106447025
141000 1750.8069776627089595 7266.6433369326105094 0.726664333693261 25262.640157513316808 456.01377105638249532 -8036.3835333064525912 7.809431155256294943
142000 1729.1729856756767276 -2962.4637786583707566 -0.296246377865837 25474.062937902475824 450.37899897991962916 -8026.5472879222552365 7.7446165376538012026
143000 1773.1793134301001373 105.61488285443053314 0.0105614882854431 25410.838458197158616 461.84085155742502593 -8025.1304133350968186 7.7638858487359936333
144000 1770.7121114365445465 -3533.2884891394764963 -0.353328848913948 25504.41283870625557 461.19824611925099589 -8017.1716052711435623 7.7354005503982783409
145000 1724.3882308067982194 430.43658451037572377 0.0430436584510376 25414.786613928332372 449.13276559201614191 -8019.4385717489476519 7.7626797386523049838
146000 1783.2763532998105802 1654.3280638672608802 0.165432806386726 25389.174148925198097 464.47071840524858999 -8029.121637537137758 7.7705106890396846708
147000 1730.8730637843768818 -899.22039047145847235 -0.0899220390471459 25331.465112983049039 450.82179995074608314 -8050.4567760063737296 7.7882131266461378516
148000 1790.5616055247305667 1148.0918481675378189 0.114809184816754 25321.562536416360672 466.36822931454236141 -8046.2025745467853994 7.7912588856388298453
149000 1781.4801938389302904 -6933.0660363711103855 -0.693306603637111 25570.33100487554475 464.00289216305020545 -8019.7337009250368283 7.7154593373271627144
150000 1745.9681815763387931 5462.5873393500514794 0.546258733935005 25296.84858857436484 454.75346213662697892 -8033.7364510835341207 7.7988706150227873337
151000 1750.3179398096517616 -1155.1737849849116628 -0.115517378498491 25353.262643560759898 455.88639665223217889 -8043.8998916244909196 7.7815171910515568143
152000 1750.8343182843298109 -857.33384080829034701 -0.085733384080829 25372.638272935902933 456.02089217260339638 -8041.8412719439984357 7.7755748924443617298
153000 1719.7687431019901396 499.58995371223187476 0.0499589953712232 25361.262408642658556 447.92957755615947235 -8039.5893231454801935 7.7790626480360653972
154000 1780.7880087484334126 -744.81248207867372457 -0.0744812482078674 25385.598766848223022 463.8226061935438338 -8041.4095401729045989 7.7716051105225769646
155000 1744.4533104390709468 -3936.3144552577196009 -0.393631445525772 25457.347995795149473 454.35890002396496357 -8032.9570132979388291 7.749701545608742137
156000 1769.8594015674950697 1595.2724113050126107 0.159527241130501 25412.668309387532645 460.97614999559874605 -8021.4146106980879267 7.7633268064666314245
157000 1724.9211565636787782 1895.0401536132305864 0.189504015361323 25409.035238653374108 449.27157100414251545 -8022.4418755742681242 7.7644368334769202633
158000 1775.1607083974570287 3375.9567963378026434 0.33759567963378 25313.058534959836834 462.35692409000245107 -8042.0707588097557164 7.7938763835133011426
159000 1746.7927135555964924 -918.60921028848372316 -0.0918609210288484 25355.012989445112908 454.9682190698668478 -8043.9573062661529548 7.7809800055018962794
160000 1788.0006947156362003 -3748.3802123300570202 -0.374838021233006 25445.654278281221195 465.70121655397343829 -8035.5630146264047653 7.7532629718428847099
161000 1758.2039089999025236 2835.4069110525042561 0.28354069110525 25317.844654895419808 457.94036981704186928 -8039.3456314839568222 7.7924030184759898177
162000 1677.5664453934498397 -3127.9689794808118677 -0.312796897948081 25453.402168180316949 436.93760118706421736 -8029.1965900324512404 7.7509029168896157458
163000 1789.0881618816849823 5348.5045623044243257 0.534850456230442 25348.859652969524177 465.98445737355933716 -8021.6445071666530566 7.7828688079466274985
164000 1729.4086959280093652 -4547.7569080163084436 -0.454775690801631 25482.167543817922706 450.44039188182955513 -8028.5059123364262632 7.742153361595641492
165000 1770.7431795162158323 3331.6070117981334988 0.333160701179813 25358.988623984787409 461.206338086184644 -8033.3494264479213598 7.7797601487749155069
166000 1727.2560252282062265 -1815.522525158898361 -0.18155225251589 25403.127800623675284 449.87970901034003646 -8033.2480333755247557 7.7662424351252399291
167000 1765.7143526586328335 421.15679420716094228 0.0421156794207161 25407.273736623254081 459.89653390527058718 -8028.3360128078838898 7.7649751466933114585
168000 1793.2150246835583403 835.27671798786514046 0.0835276717987865 25451.026835342119739 467.05933672515232047 -8018.1209024789604882 7.7516263051577301013
169000 1764.7616594780088235 -2911.8937414551073743 -0.291189374145511 25484.42784897463207 459.64839620905462425 -8023.0775605882099626 7.7414666822920699119
170000 1787.0334123113727856 3874.4118258311596037 0.387441182583116 25275.194887200403173 465.44927896035386539 -8051.9614159213051607 7.8055520438349299539
171000 1771.6276857055174787 -3963.6957428030013943 -0.3963695742803 25429.719569385939394 461.43671585372391064 -8040.3785590304887592 7.7581213025888366985
172000 1690.8517290298905209 -3405.6016397124176365 -0.340560163971242 25458.888633488539199 440.39787543082729826 -8029.7551237144380138 7.7492325745359833533
173000 1793.8326176893260708 6556.7325495986988244 0.65567325495987 25277.39894261329755 467.22019450052749789 -8034.7505756127593486 7.8048714410058215307
174000 1753.3128750989415039 -2618.4192808264429004 -0.261841928082644 25428.095266426833405 456.66645507829701955 -8032.3428498568755458 7.7586168780244664234
175000 1729.2588452291097383 -1881.7527126173906709 -0.188175271261739 25428.881020957578585 450.40136188984729415 -8030.1229745034188454 7.7583771361200080108
176000 1764.9244055505832875 -1707.1056587213836337 -0.170710565872138 25378.497103495901683 459.6907849196470579 -8044.1898969626545295 7.7737798383237164401
177000 1745.1352369295875633 -9378.5252395753686869 -0.937852523957537 25599.286605469802453 454.53651404680766746 -8015.6891040910941229 7.70673230667135023
178000 1790.3518922141647636 8075.8445202569564572 0.807584452025696 25238.816210579359904 466.31360755508404736 -8038.3152953985218119 7.8168027955057777234
179000 1774.3929120318175592 -6763.0426813807916915 -0.676304268138079 25509.760612051781209 462.15694446885305524 -8030.2854554295372509 7.7337789291878920039
180000 1783.6144078757822626 1276.6452392510630034 0.127664523925106 25389.93984603528952 464.5587678270172205 -8031.9052526295336065 7.7702763498638294237
181000 1724.6911967194616864 645.09132326707106131 0.0645091323267071 25342.198007090602914 449.21167584888502233 -8040.9795915804861579 7.7849146729464244743
182000 1789.5331516461167212 -514.31038813366376417 -0.0514310388133664 25392.054139819672855 466.10035904812934859 -8032.7292935804516674 7.769629350337954321
183000 1702.0231327194271671 -1385.1813650645410689 -0.138518136506454 25401.074463356158958 443.30757021126487416 -8036.0412002934590419 7.7668702319943685453
184000 1798.6306074485801219 832.22635165087797304 0.0832226351650878 25371.672925601342286 468.46987503728672664 -8033.3040941695480797 7.7758707393330990243
185000 1790.5071550989027855 -2290.5989282241494038 -0.229059892822415 25424.243625415907445 466.35404720061768558 -8036.7920649211482669 7.7597922682305924269
186000 1756.1768709748309902 3125.5831313538728864 0.312558313135387 25284.027028024705942 457.41240913052371297 -8047.9545535571915025 7.8028254317020540043
187000 1767.5490594446926025 -2770.0572269660679012 -0.277005722696607 25496.476672137716378 460.37440015264570548 -8014.7142435040386772 7.7378083115972762229
188000 1745.2072237966933699 -2075.1585606399671633 -0.207515856063997 25411.384724030322104 454.55526368806124538 -8032.9433157817420579 7.7637189493081271152
189000 1746.1630092978025459 2516.184531356916068 0.251618453135692 25297.081719620840886 454.80420680757271157 -8047.2416062579559366 7.7987987427456619827
190000 1751.2594062543548716 -3944.6010347443543651 -0.394460103474435 25469.889653934045782 456.13161024187945713 -8030.6615235132358066 7.7458855060112368207
191000 1745.0805624732922752 4453.2452534728481623 0.445324525347285 25336.295297448381461 454.52227358208835994 -8026.1457904255785252 7.7867283592160392303
192000 1718.3596694874545392 452.17053480429939327 0.0452170534804299 25388.973186530198291 447.56257138080246705 -8030.6808436123428692 7.7705721952859967416
193000 1741.5705563808228362 7568.2798023140485384 0.756827980231405 25203.354944890073966 453.60806023071444315 -8047.4275049844000023 7.8278010820981105411
194000 1723.9730928927533569 -7205.4476797039296798 -0.720544767970393 25496.424546070316865 449.02463910628279109 -8032.5684911958996963 7.7378241311298090466
195000 1765.6505645286347317 1957.5121427168112405 0.195751214271681 25358.569683355908637 459.87991970046095958 -8029.536461658677581 7.7798886756457115155
196000 1741.4899440163596864 -2632.2853960899024059 -0.26322853960899 25481.21975168017525 453.58706399938705545 -8018.3867117654199319 7.7424413365103772477
197000 1732.1157198628357037 362.65409576681821591 0.0362654095766818 25351.04006537703026 451.14546114909285279 -8040.8144469333674351 7.7821994127789704265
198000 1725.1171875370785074 -3813.6682351393833414 -0.381366823513938 25427.780760979720071 449.32262907311547906 -8034.1285596674806584 7.7587128410694976566
199000 1784.6971693189912003 -161.39461834717974398 -0.016139461834718 25452.815733432838897 464.84078299783368493 -8021.5293845693977346 7.7510814982631810466
200000 1759.3353946533220551 -491.01752485111632041 -0.0491017524851116 25396.083338304164499 458.23507565628909788 -8030.4507991613872946 7.7683966650302860302
201000 1806.6891411808151133 1051.0385134002947325 0.105103851340029 25318.327553679027915 470.5687942232996761 -8050.80442724598106 7.7922543932585055515
202000 1858.9884999192074702 -3753.6825815339457222 -0.375368258153395 25484.848984766016656 484.19064295157187416 -8028.0304117646755913 7.7413387549616130556
203000 1825.6863873872162003 -1440.5024750810273417 -0.144050247508103 25388.260103930493642 475.51680162376845828 -8042.1016019965700252 7.7707904481241012462
204000 1728.492785464376766 -5221.0593478279570263 -0.522105934782796 25443.845033523568418 450.20183458236721208 -8039.6356804878314506 7.7538142859374339366
205000 1739.0762222676412421 4971.2397579802973269 0.49712397579803 25339.748127496699453 452.95838798258063207 -8025.8241682335919904 7.7856673285569533149
206000 1725.0866524798475439 -4471.3025796407564485 -0.447130257964076 25430.114961419381871 449.31467593677609784 -8039.136301660956633 7.758000677913637233
207000 1759.3106927330950384 4715.6869500958464414 0.471568695009585 25297.117964648678026 458.2286418141015929 -8038.7528507031238405 7.7987875688373167193
208000 1699.1906361186279355 -1673.3223503651779538 -0.167332235036518 25416.75573244124098 442.56982043478222977 -8029.1744285468375892 7.7620783386725404895
209000 1750.3930183473567013 842.73813387980862899 0.0842738133879809 25365.181331420091738 455.90595154751252949 -8035.1862345096797071 7.7778607821633105601
210000 1732.3491654812942215 2432.5710112260708229 0.243257101122607 25326.73536771810177 451.20626420629332642 -8042.4737374546020874 7.7896675685085945418
211000 1735.1863108260920399 -3924.1270984401903661 -0.392412709844019 25472.706533878401387 451.94522479088243472 -8029.0288153961046191 7.7450289331337476284
212000 1791.2357475211645124 6395.8785919860656577 0.639587859198607 25236.109418183572416 466.54381579434482319 -8050.1532643987702613 7.8176412156447794288
213000 1745.1235387534343317 -1540.7870255350251227 -0.154078702553503 25403.653581207003299 454.53346714929682548 -8037.2931437226106937 7.7660816968493548984
214000 1752.9786490764672635 -116.78735231036282016 -0.0116787352310363 25431.930256391668081 456.57940283847949559 -8026.8895753454853548 7.7574469228709155288
215000 1793.1437752033154993 2881.867084327536304 0.288186708432754 25368.543676886478352 467.04077914308538766 -8032.5319129410054302 7.776829904897662793
216000 1760.2305828474914051 -2200.9631750956464202 -0.220096317509565 25423.203036193124717 458.46823565018706859 -8036.336622352768245 7.7601098818764358001
217000 1875.0580636480779049 5352.5442859317618058 0.535254428593176 25216.791350460447575 488.37610853899815311 -8060.7674932840582187 7.8236301505707190884
218000 1737.1590069215876611 -1780.6339755013855211 -0.178063397550139 25383.423803008343384 452.45903162232201566 -8046.0421389016464673 7.7722710159663970231
219000 1761.3178592711626607 4785.9745693910435875 0.478597456939104 25289.809261283193337 458.75142678916739669 -8038.1864967099818386 7.8010414025599112975
220000 1729.3545821328127658 -1985.3771446354114687 -0.198537714463541 25418.738342746746639 450.42629744644716538 -8033.9535128199631799 7.7614729122230103897
221000 1739.0911887912282054 4913.3994728767829656 0.491339947287678 25286.909374230097455 452.9622861512237364 -8042.3982446079962756 7.8019360211401878047
222000 1751.4142529051935071 -3936.9922772898285075 -0.393699227728983 25414.853273479388008 456.17194147546786098 -8042.4728657924115396 7.762659378245703401
223000 1772.7614860842941198 2532.9936823205803194 0.253299368232058 25345.416273690712842 461.73202458446780838 -8037.6615574470579304 7.78392617346367377
224000 1757.9129081203275291 -6385.3907129973576957 -0.638539071299736 25482.437730337333051 457.86457596302551565 -8036.4631184682402818 7.7420712726883067489
225000 1786.0239961497691183 2739.1243227843770001 0.273912432278438 25325.170070334923366 465.18636724233419955 -8040.6307074250798905 7.790149032057583689
226000 1714.2733586031022242 -4875.3126192125555463 -0.487531261921256 25409.781098375180591 446.49825414888812247 -8049.6693665295260871 7.7642089220016430318
227000 1744.2753376067018962 154.44123692284841809 0.0154441236922848 25361.031199205990561 454.31254536381703701 -8040.3540543469262047 7.779133567577093622
228000 1785.4436384945365717 2817.8503268963941082 0.281785032689639 25340.48699037289407 465.03520775627976036 -8038.7264159933138217 7.7854403186909761914
229000 1730.0757137202785998 -3913.098040558430057 -0.391309804055843 25472.546487663159496 450.6141227971703529 -8026.7300161512757768 7.7450775958211739436
230000 1775.6228070902566287 2466.7933706888052257 0.246679337068881 25370.82152913515165 462.47728194223412856 -8027.4074120564227997 7.7761316827503792481
231000 1749.4924158104504386 -1075.0398086294242148 -0.107503980862942 25393.389986443038651 455.67138133827916135 -8036.8438307877931948 7.7692206206197873541
232000 1736.3162140360777812 44.905494793944917831 0.00449054947939449 25449.743924251826684 452.23951846819124967 -8017.7807870016586094 7.7520170614413412835
233000 1791.8976953480780594 -1692.4767898445220453 -0.169247678984452 25424.365079324423277 466.71622619060468651 -8030.8161710031190523 7.7597551991790227888
234000 1782.1430206845661814 602.80124878008120959 0.0602801248780081 25428.998313361917099 464.17553150781645854 -8024.8568275018951681 7.7583413502547191598
235000 1739.5789823550026085 -232.08915598056927365 -0.0232089155980569 25420.091641259630705 453.08933646879256685 -8030.0572030648354485 7.7610597119128721388
236000 1702.4911092458698931 -1257.9752193649653691 -0.125797521936497 25361.57450478285682 443.42945899929895859 -8047.5345001132609468 7.7789669199326558768
237000 1730.2290506869417186 3617.2258773502271652 0.361722587735023 25278.363906479244179 450.65406081963800489 -8047.9906976314887288 7.804573501671345781
238000 1754.1542225153518757 -1121.1025414555483621 -0.112110254145555 25392.482270031770895 456.8855917467137715 -8036.5064830425308173 7.7694983504212737913
239000 1732.4308155402973171 3191.3938693846457682 0.319139386938465 25397.580024682942167 451.22753071470231134 -8018.5852401256033772 7.7679388712774093406
240000 1774.4764583703993139 -4278.624103960899447 -0.42786241039609 25537.986158984127542 462.17870488070923329 -8013.9036696636012493 7.7252312645924439138
241000 1762.6935516942874074 -1263.5738990060110609 -0.126357389900601 25417.134679924474767 459.109738526375736 -8034.8265782066046086 7.7619626128014642674
242000 1704.0361619649863769 365.89835705569379343 0.0365898357055694 25388.632622638357134 443.83188218238785794 -8031.1439198821408354 7.7706764299782706829
243000 1689.6708805384193965 2937.5784679278335716 0.293757846792783 25386.426285782024934 440.09031258665766018 -8023.4623736310841196 7.7713517802466816065
244000 1690.6087225272451633 1419.0233882495795115 0.141902338824958 25425.268940212976304 440.33458215345501685 -8013.7844856953688577 7.7594793421469585581
245000 1723.1017338846465918 1921.4691049936827767 0.192146910499368 25337.532716987767344 448.79768564293692634 -8034.4615180152031826 7.7863480755504115294
246000 1737.2250987916636404 1688.2806897483201283 0.168828068974832 25312.65656798503187 452.47624585741129977 -8044.4289860393364506 7.7940001508825407228
247000 1769.9745079829269798 1042.9624215537428427 0.104296242155374 25386.615247865378478 461.00613051957628841 -8033.625588764602071 7.7712939351653842479
248000 1820.6271565708057096 -3064.5682249837982454 -0.30645682249838 25352.758847871238686 474.19907845229931809 -8056.9050845103110987 7.7816718209615522994
249000 1754.4116783104996102 790.71352753367432342 0.0790713527533674 25336.820336410226446 456.95264847513874429 -8044.2651309106458939 7.7865669997510549294
250000 1755.021737397001516 -547.24257394580001801 -0.05472425739458 25456.076422746798926 457.11154397198805555 -8018.2364355600348063 7.7500886559966319922
250000 1755.0217373970008339 -547.24257394581434255 -0.0547242573945814 25456.076422746798926 457.11154397198788502 -8018.2364355600357158 7.7500886559966319922
251000 1743.5502687153159513 4720.5731831341572615 0.472057318313416 25343.822620395552804 454.1236945060953758 -8024.9052213344748452 7.7844156371006878459
252000 1710.1078558322715253 -5709.9443482287415463 -0.570994434822874 25507.924994006465568 445.41331066219481727 -8027.632145308825784 7.7343354724647062071
253000 1805.4675144468956205 -57.551400668384765424 -0.00575514006683848 25382.68049265737136 470.25061031104360154 -8035.2971303126305429 7.7724986203558703579
254000 1814.2995966734156355 -5043.6460578400838131 -0.504364605784008 25527.510965253200993 472.55100731298620076 -8023.3203379659098573 7.7284013070702615167
255000 1744.5003344213130276 6000.6026667237138099 0.600060266672371 25277.152394658405683 454.37114785239259618 -8039.9408444265300204 7.8049475680577113934
256000 1722.0343166689742702 -5097.3774531340923204 -0.509737745313409 25423.385450932401 448.51966701722921016 -8041.1612938819316696 7.7600542024932321894
257000 1758.4246727700083284 3041.3698326463058947 0.304136983264631 25338.81839966878033 457.99786977026514023 -8037.4986242935628979 7.7859529990037792402
258000 1737.7758740107099129 -5520.4767955369452466 -0.552047679553694 25400.158126676065876 452.61970032603409209 -8053.1663485746603328 7.7671504297808393602
259000 1746.2283820470379396 161.27557721782523004 0.0161275577217825 25412.08922887180961 454.82123374102883417 -8024.8856233220940339 7.7635037140498814878
260000 1771.6312148887739113 -1441.2188085326217788 -0.144121880853262 25418.784701363729255 461.43763506194392221 -8029.959334025197677 7.7614587568983486321
261000 1786.0203749627094112 -5206.1504841861778914 -0.520615048418618 25502.522163485009514 465.18542407087790025 -8032.2020198931677442 7.7359740281920936766
262000 1768.9126519574072063 2342.7271259936474053 0.234272712599365 25407.876554100985231 460.72956035696324761 -8017.7609607070116908 7.7647909178884129133
263000 1706.8283097093242304 3652.9740053259815795 0.365297400532598 25310.579187141731381 444.55912272831130849 -8035.6873676355935459 7.7946398480813448018
264000 1829.9403489596793406 1547.0579484114937259 0.154705794841149 25392.193905774132872 476.62478501847573398 -8029.4107753219195729 7.7695865840584437123
265000 1735.9839865512624328 -346.50284095349593372 -0.0346502840953496 25374.580454398386792 452.1529867658779267 -8037.8148607558614458 7.7749797465485155357
266000 1761.0121967489590133 -1243.5952322203465883 -0.124359523222035 25390.981352743085154 458.67181417555605094 -8042.9975385658744926 7.7699576227210149781
267000 1771.5106797427104084 -100.59844694910954388 -0.010059844694911 25466.804036799116147 461.40624057517152323 -8010.1232077655449757 7.7468240154923639906
268000 1734.303715306877848 4863.5691780781971829 0.48635691780782 25332.198531102902052 451.71534467493063403 -8028.5309708245949878 7.7879876422050093865
269000 1704.5179868200480087 -7495.5614154571148902 -0.749556141545711 25474.753607567989093 443.95737789490704017 -8041.6946650670633971 7.7444065661739589501
270000 1748.7045123363334369 6314.8347522278490942 0.631483475222785 25241.971799386144994 455.46616463589879231 -8040.4260143034498469 7.8158255891447856456
271000 1744.6891666647745751 -1241.5699284669856297 -0.124156992846699 25338.958304273179237 454.4203309459811635 -8054.190662172138218 7.7859100102328477888
272000 1780.8557407686337228 -1483.1433279994832901 -0.148314332799948 25385.187791789005132 463.84024762080957771 -8042.3974633954803721 7.7717309294015510801
273000 1750.2143276434321706 6267.979174217027321 0.626797917421703 25279.71235489033279 455.859409911119144 -8037.071965197935242 7.8041571969053027402
274000 1725.4883809350726551 -8737.9187291440994159 -0.87379187291441 25615.141974119826045 449.41930980569770782 -8012.8183045674159075 7.7019619609932830073
275000 1765.4996322127265103 1763.6730030995006473 0.17636730030995 25349.471101738032303 459.84060799138637776 -8038.0426605085012852 7.7826810791561928937
276000 1749.0747636035889627 3610.2998192323966578 0.36102998192324 25297.072575638929266 455.56259998186993698 -8041.4303450167371921 7.7988015617309187633
277000 1681.6115276235657348 -6268.4936521462532255 -0.626849365214625 25470.319236119066773 437.99118003700164081 -8031.6346272949413105 7.7457548639729587592
278000 1775.1685158883249187 4640.1060584566457692 0.464010605845665 25283.49697434240079 462.35895762276680898 -8043.229216802666997 7.8029890133599497659
279000 1757.8415348800285756 -704.8603101470321235 -0.0704860310147032 25440.414552141664899 457.845986146514349 -8026.2098251320912823 7.7548598394795016375
280000 1742.2763186503327688 1307.1679582393094279 0.130716795823931 25296.742732283542864 453.79188250129857352 -8054.37543106639896 7.7989032500353117072
281000 1747.1510562757828211 151.85682208380708857 0.0151856822083807 25356.616900310931669 455.06155272528837941 -8040.0366269501992065 7.7804878263430357066
282000 1762.225943611735147 3600.6043512888095393 0.360060435128881 25341.265161420957156 458.98794570293966899 -8029.0695369063432736 7.7852012460079889067
283000 1725.7045233050305342 -3687.3560153084649755 -0.368735601530847 25489.928208271910989 449.47560607277176814 -8020.2898584515287439 7.7397961853062566817
284000 1802.6386394895225749 1723.6458978586474586 0.172364589785865 25346.515667404048145 469.51380382488213172 -8039.3380179875593967 7.7835885491679928094
285000 1751.862198504380558 -5882.0561890994040368 -0.58820561890994 25567.564205343740468 456.28861302437047698 -8015.8441423285476048 7.7162942674405963217
286000 1753.7502761810226275 7395.8171817212360111 0.739581718172124 25291.643524381586758 456.78038021079231612 -8024.1699765803232367 7.8004756361493594596
287000 1716.8428366676785117 -3905.4164658988379415 -0.390541646589884 25486.279786430728564 447.16749832989904689 -8017.0377608804319607 7.7409041556214770452
288000 1743.6739086715879239 4091.4162682886258153 0.409141626828863 25368.72652631503297 454.15589766922653325 -8024.4543403289899288 7.7767738520681053416
289000 1783.7693300743608233 -2395.8050245794170223 -0.239580502457942 25435.003334537526825 464.59911873770897728 -8032.8239825590926557 7.7565096617157749392
290000 1740.8168458701688905 -3107.5390056155501952 -0.310753900561555 25426.60334784841325 453.41174939997569027 -8036.5829009340468474 7.7590721187227549294
291000 1736.0009837157272159 8549.9495027145403583 0.854994950271454 25232.299593704992731 452.15741383360369809 -8036.9512072376746801 7.8188216011565119246
292000 1741.7185867922914895 -5356.5422641129835029 -0.535654226411298 25434.580200607699226 453.64661611210289038 -8043.9001738582519465 7.756638700307685319
293000 1773.5748423771369744 6653.8446407173141779 0.665384464071731 25265.117934046236769 461.94387070745210622 -8041.1485988438616914 7.8086652761773818199
294000 1742.3852953786820308 -8184.6796662605456731 -0.818467966626055 25500.363955398461258 453.82026649193034018 -8036.8086041863789433 7.7366287577376864348
295000 1723.9883675803150709 1829.1049032308610549 0.182910490323086 25337.47775460347475 449.02861753906586273 -8038.0427338593917739 7.7863649657973139639
296000 1747.8454610527614932 -1692.8642505999700916 -0.169286425059997 25449.675732848929329 455.24241683254274449 -8025.0554047399655246 7.7520378326654721945
297000 1702.24689127025772 3921.3286620092776502 0.392132866200928 25298.376263483998628 443.36585018265640201 -8040.8532974271765852 7.798399670214394952
298000 1746.7048900122520081 3810.5052168719030306 0.38105052168719 25401.847728111093602 454.94534462071339931 -8014.1543324418007614 7.7666337985242197561
299000 1725.6179178155541649 -4288.3509862778992101 -0.42883509862779 25396.634568434757966 449.45304887694481977 -8046.4940962614018645 7.7682280531499747767
300000 1740.7441568865963291 3007.770546780262066 0.300777054678026 25399.320801906276756 453.3928168860343817 -8016.4595791439269306 7.7674064849524029341
