step temp press pressGiga vol ke pe density
0 2100.0000000000013642 -27299.133900809738407 -2.72991339008097 48544.580608263000613 744.57721324350063696 -9632.59963787248671 5.5316024782829398276
1000 2082.8245548918084751 96095.477842195148696 9.60954778421952 32596.397298803869489 738.48747750308393734 -10953.898546275293484 8.2380061802022304107
2000 2066.493860870253684 101386.36661906164954 10.1386366619062 32342.007990272890311 732.69725719598795877 -10991.319859865436229 8.3028030442833316016
3000 2100.6164136320171565 99101.600839156060829 9.91016008391561 32254.006154929549666 744.79576921699185732 -11030.83236440429755 8.325456413383639287
4000 2097.0204514057149936 100542.53417055378668 10.0542534170554 32218.484289944735792 743.52078277252087446 -11032.536607558236938 8.3346354838821685718
5000 2126.0623323942518255 97699.192267214515596 9.76991922672145 32332.828577327942185 753.81788887432765023 -11010.076475831323478 8.3051602416303484944
6000 2112.699739186602983 101397.69448691238358 10.1397694486912 32134.568262073174992 749.08004010658589777 -11049.456166731788471 8.3564005033422308344
7000 2093.7918768558893134 95097.244858115242096 9.50972448581152 32261.800708219223452 742.37605751487421912 -11047.167140478712099 8.3234449567305563988
8000 2136.4251969017677766 98763.801546288901591 9.87638015462889 32184.102313580642658 757.49215210110196494 -11055.170740839319478 8.3435392972437494308
9000 2087.8492116330630779 95947.960790755329072 9.59479607907553 32324.441733967272739 740.26902270018319996 -11025.677518814532959 8.3073150840435623365
10000 2158.7361315079001542 105289.76479655744333 10.5289764796557 32198.932072894458543 765.40272996486010015 -11008.050887891222374 8.3396965399956712872
11000 2107.4140799965430233 91479.991780439915601 9.14799917804399 32403.081897334835958 747.20595373044795906 -11027.646884584471991 8.2871537729243041071
12000 2096.8969785383228555 105662.1250971773552 10.5662125097177 32192.851593786843296 743.47700416132374812 -11003.261454807421615 8.3412717142366847867
13000 2081.9437383624240283 101279.18922010195092 10.1279189220102 32239.017625659191253 738.17517468554683546 -11017.579945066961955 8.3293270755914647907
14000 2166.6614144446457431 100733.05877181598044 10.0733058771816 32264.667145011087996 768.21272286162593446 -11018.478107733322759 8.3227054905909607641
15000 2063.8572347747135609 93964.911170577528537 9.39649111705775 32336.979701412925351 731.76241352428212394 -11030.830634207091862 8.3040941015323248564
16000 2044.2318370235086604 114467.13959562039236 11.446713959562 31983.45740799192572 724.80402115933566165 -11016.086106608334376 8.395881626380214513
17000 2027.9232119563375818 97500.366606880503241 9.75003666068805 32295.535986077222333 719.02162563345598301 -11015.819532228415483 8.3147504508250928978
18000 2079.500379492151751 100485.83191513482598 10.0485831915135 32283.39365681255731 737.30885595288918921 -10998.484600112151384 8.3178777688140463908
19000 2096.3067159325905777 96377.155887468645233 9.63771558874686 32411.988430814846652 743.26772031081998193 -10983.603696256830517 8.2848765348989328317
20000 2138.3326791145732386 102388.76854736355017 10.2388768547364 32316.153712016752252 758.16847009649359279 -10985.687359912808461 8.3094456349247103333
21000 2146.311041389186812 90298.816206406831043 9.02988162064068 32525.779528867260524 760.99728283395972994 -10997.599065828500898 8.2558919813604649818
22000 2109.3725756732578702 105094.70545501867309 10.5094705455019 32291.383031611872866 747.90035908907543671 -10970.043661319345119 8.3158198005020391719
23000 2096.2191856853455647 96706.991180990793509 9.67069911809908 32473.461718333703175 743.23668553578750107 -10968.696998281653578 8.2691930022436945791
24000 2158.9875462706386315 104253.06152495187416 10.4253061524952 32369.611070546492556 765.49187172838776405 -10951.229452519943152 8.2957228560651969929
25000 2088.5517042638875864 93453.190487722225953 9.34531904877222 32571.209512352335878 740.51809889322294111 -10950.657836356194821 8.24437674928946862
26000 2125.0806981777327564 99415.485490085586207 9.94154854900856 32555.695085599414597 753.4698400793942028 -10921.66685441997106 8.2483056096275451097
27000 2141.8733455915626109 96610.601552182328305 9.66106015521823 32649.882289635243069 759.42385084814191032 -10916.926086792042042 8.2245111947959035348
28000 2079.3733440100600092 98547.925283236196265 9.85479252832362 32572.454511709711369 737.2638141789658448 -10923.130942929881712 8.2440616289244648129
29000 2080.5421468799290778 103526.36379397507699 10.3526363793975 32469.967625354151096 737.67822559976502816 -10917.000112835314212 8.2700828500424083956
30000 2088.4672213050262144 94698.168147113305167 9.46981681471133 32673.668853946415766 740.48814456652030458 -10911.503825600659184 8.2185237170707221566
31000 2197.7254139962769841 107285.08152403475833 10.7285081524035 32426.770054567710758 779.22679248941210517 -10917.249588290962492 8.2810999044305955152
32000 2151.3771233969564491 98459.382221209350973 9.84593822212094 32546.861531294893211 762.79351579748731638 -10933.160909446551159 8.2505442849435315367
33000 2112.637590319251558 98372.021346920577344 9.83720213469206 32644.879353725835244 749.05800456827216749 -10901.890377530082333 8.2257716283832955639
34000 2125.6904126196418474 97576.58056197501719 9.7576580561975 32631.57386048322951 753.68602078417086432 -10913.724583354449351 8.2291256789505347058
35000 2118.9992556617498849 96839.49721016685362 9.68394972101668 32684.412053653351904 751.31360030746509437 -10898.265668505164285 8.2158223302003161592
36000 2094.2683652757727941 104412.87899620196549 10.4412878996202 32402.155701558556757 742.54500152431216975 -10933.979674447327852 8.2873906561394985459
37000 2082.3658717746425282 98414.633497295653797 9.84146334972957 32627.49936278876703 738.3248465520642867 -10906.539337329313639 8.2301533260047428087
38000 2134.7972941200678179 106668.97852210780547 10.6668978522108 32439.939066467624798 756.91496195032607375 -10916.41088364436655 8.2777381871671202873
39000 2075.8473782360442783 93105.450863800244406 9.31054508638002 32674.304010334137274 736.01364571705698836 -10920.574516995609883 8.2183639570392639229
40000 2129.8812779769918961 106832.51678590166557 10.6832516785902 32455.829671711217088 755.17193642648248897 -10905.702951852239494 8.2736853476257330442
41000 2050.3483406455479781 95756.100302113758516 9.57561003021138 32595.214265114431328 726.97269221728413413 -10926.353760146983404 8.2383051762071559665
42000 2111.7581561587894612 100420.10780616135162 10.0420107806161 32532.367421318351262 748.74619188425879202 -10922.525133301411188 8.2542201408898154824
43000 2079.0409992076902199 104054.1445289622061 10.4054144528962 32491.660106783281663 737.14597781383042729 -10912.980256865030242 8.2645614756942737955
44000 2141.9175142527069511 94606.55747859562689 9.46065574785956 32708.045371276126389 759.43951131415497002 -10906.208569622027426 8.209885957773964904
45000 2072.1835232722069122 104139.91297611930349 10.4139912976119 32440.374534644677624 734.71458718434155344 -10927.314200562916085 8.2776270697213387706
46000 2098.288390619335587 92671.303353610419435 9.26713033536104 32736.191964568326512 743.97034403263512559 -10902.595287543801533 8.2028270939550171903
47000 2097.8589047953637419 109329.80695595165889 10.9329806955952 32400.239067617796536 743.81806529075868184 -10910.744262336953398 8.2878808961707139957
48000 2092.4496312353576286 95403.336831193024409 9.5403336831193 32634.721121049005887 741.90015013219624507 -10920.703451305582348 8.2283320701237858685
49000 2073.2621708395199676 101313.10087820207991 10.1313100878202 32578.290312727709534 735.0970330889805382 -10900.133386565741603 8.2425848570378885682
50000 2052.3071943560230466 106904.40291621175129 10.6904402916212 32466.355537386694778 727.66722452056853854 -10900.161673242117104 8.2710029492114731653
51000 2112.1618080767671017 96745.535452302356134 9.67455354523024 32647.222572279799351 748.88931094150086665 -10918.810684598420266 8.2251812326564426314
52000 2014.7985646022082165 105780.10799684656376 10.5780107996847 32471.48733338225793 714.36814308500777315 -10902.588071472015145 8.2696957993609512272
53000 2073.4870897900268574 95867.74810706351127 9.58677481070635 32637.13356539572851 735.17678048201582897 -10915.661610286251744 8.2277238551546076906
54000 2102.5158162195361911 99349.615952510284842 9.93496159525103 32580.954138306307868 745.46922249577391995 -10906.917783175897057 8.2419109415876921076
55000 2093.5037368340581452 103015.47417014329403 10.3015474170143 32473.782134042452526 742.27389442226512983 -10926.109702262387145 8.2691114109056229609
56000 2099.6008071842225036 96255.840959979163017 9.62558409599792 32615.393468421865691 744.43567520811041049 -10916.352504244368902 8.2332081217987731492
57000 2118.0302810191110439 102760.85801152135537 10.2760858011521 32466.669473710415332 750.97004009836052774 -10928.246174979125499 8.270922972783294469
58000 2055.9794298068495664 91563.797373835506733 9.15637973738355 32703.101286079036072 728.96925444359260382 -10918.628611567437474 8.211127135950876621
59000 2135.5054378216650548 106427.90596327173989 10.6427905963272 32440.92022421261936 757.16604179028377075 -10916.76544923711117 8.2774878315398066064
60000 2097.9464465847513566 95988.540220251263236 9.59885402202513 32623.788229308862356 743.84910415817989815 -10918.479558021259436 8.2310895507416788064
61000 2127.3035956932262707 105407.24319854920032 10.5407243198549 32551.031860625640547 754.25799190673330941 -10885.718850550303614 8.2494872528047835658
62000 2131.3205748408954605 92462.547983404932893 9.24625479834049 32679.879638049635105 755.68225435408032808 -10926.032587667134067 8.2169617934339385101
63000 2067.9062360802986404 102718.42940425757843 10.2718429404258 32501.783906373282662 733.19802976644007231 -10916.538168329132532 8.2619871934850195316
64000 2173.2711428970824272 100067.31350984581513 10.0067313509846 32618.696551328932401 770.55627200039339186 -10902.390858635972108 8.2323743984470567625
65000 2071.4070170434260945 100631.68857465292967 10.0631688574653 32571.491388655693299 734.4392686872502054 -10899.576874925376615 8.2443054017907062558
66000 2105.8292849247559388 97901.761543341985089 9.7901761543342 32637.623008041475259 746.64404787420346565 -10908.593321380671114 8.2276004699763678474
67000 2094.6502309073975994 99962.928384197453852 9.99629283841974 32533.809539374520682 742.68039602327814919 -10928.483906732315518 8.2538542581335896386
68000 2101.3561551789025543 102489.80428877925442 10.2489804288779 32502.228053502716648 745.05805240723009319 -10914.204174384041835 8.2618742923666914635
69000 2040.4365644947604324 103299.13432076244499 10.3299134320762 32465.710030514419486 723.45836713888093072 -10914.427162060939736 8.2711673993109560143
70000 2098.176271827328037 95367.393338647903875 9.53673933386479 32669.993916907245875 743.93059112896594343 -10910.805611418738408 8.2194481909868173375
71000 2063.8910523807990103 101948.97575459923246 10.1948975754599 32551.207612962218263 731.77440391423328947 -10898.608112485595484 8.2494427117027289142
72000 2100.447622793564733 102188.97987975907745 10.2188979879759 32528.272905652927875 744.73592263979378458 -10908.489489711573697 8.2552591457509318928
73000 2021.0412209145288216 95281.359074719046475 9.5281359074719 32630.379053550161188 716.5815429137052206 -10914.191822689597757 8.2294269998882469963
74000 2108.581952991838989 105863.70956773548096 10.5863709567735 32492.932958387751569 747.62003545438119545 -10901.963838323088567 8.2642377265163187161
75000 1995.878217765510044 96441.05672474943276 9.64410567247494 32604.137794227906852 707.65973397964148717 -10921.288448009017884 8.2360504085286017073
76000 2090.0730448952654115 105241.71256662078667 10.5241712566621 32481.87059652527023 741.05750630641603038 -10905.932074255269981 8.2670522808067392617
77000 2114.1011769654437558 100838.34073026120313 10.0838340730261 32476.062594020146207 749.5769346951112766 -10937.874313982139938 8.2685307562289942496
78000 2082.5794759979521587 99038.001085608455469 9.90380010856085 32616.313109049151535 738.40058218888759711 -10902.779227742177682 8.2329759805185371846
79000 2128.4305092008153224 102823.3991207289364 10.2823399120729 32573.407101950895594 754.65755101104139158 -10892.316233243447641 8.2438205361634011581
80000 2088.9939070221948896 96851.698545903229387 9.68516985459032 32653.30383404776876 740.67488655868442038 -10908.935213817916519 8.2236493974578053212
81000 2098.4572983957841643 106895.27483902411768 10.6895274839024 32423.297505780519714 744.0302320714366715 -10919.195448492984724 8.2819868137100911554
82000 2049.9744226732841526 100296.19175147272472 10.0296191751473 32543.578446279345371 726.84011564501281555 -10911.980345162661251 8.2513766223693849611
83000 2141.6326734816047974 100849.8724420536164 10.0849872442054 32526.557466837111861 759.33851800579054725 -10926.691263348364373 8.2556945251170912314
84000 2102.0613573654277388 98188.634220711188391 9.81886342207112 32557.826257175216597 745.30808930190448791 -10928.589871527878131 8.2477656916881567639
85000 2117.6358428003036352 95782.29665458863019 9.57822966545886 32626.358404539168987 750.83018785561944242 -10921.909362543357929 8.2304411381232860379
86000 2135.7862273570112848 103708.34335325266875 10.3708343353253 32438.629571739224048 757.2655986901580718 -10930.982307290993049 8.2780723459975735778
87000 2084.4459007674549866 99542.459173073963029 9.9542459173074 32548.010080676340294 739.0623428334614573 -10913.841248816530424 8.250253140953113018
88000 2077.3385141155326892 103189.43968124095409 10.3189439681241 32434.755627025904687 736.54234371596987785 -10928.252535569758038 8.2790610630075001097
89000 2078.597152447791359 97862.819791139743757 9.78628197911397 32622.413902479787794 736.98860725021484086 -10905.957812664768426 8.2314363125489418138
90000 2071.2022363217593011 100254.84469641912438 10.0254844696419 32487.339622553070512 734.36666151626707233 -10932.134706504974019 8.2656605779273331081
91000 2132.1091168222042143 98819.839817873114953 9.88198398178731 32554.301584098386229 755.96184025454147104 -10929.832165280937261 8.248658682053880753
92000 2127.4757048425485664 94772.965148137329379 9.47729651481373 32630.728015731441701 754.31901502615050958 -10922.629762310953083 8.2293389920817645589
93000 2075.703746866615802 105058.39173791579378 10.5058391737916 32480.206720698384743 735.96271969573160732 -10908.544013461265422 8.2674757802187937017
94000 2043.5831780047801658 95071.026051644483232 9.50710260516445 32615.034767258010106 724.57403224290226262 -10924.975021752052271 8.2332986708770317108
95000 2156.6853344180458407 104928.02725701435702 10.4928027257014 32438.807693666698469 764.6755981638641515 -10926.690001273029338 8.2780268909914589415
96000 2084.3555279337660977 96240.145237545802956 9.62401452375458 32597.358887529499043 739.03030018933714018 -10932.616253030197186 8.2377631674510478632
97000 2098.1906595993846167 100791.41819183282496 10.0791418191833 32554.650863283644867 743.93569246573861165 -10912.647681756614475 8.2485701821097094921
98000 2053.4757558180763226 100400.37578448656132 10.0400375784487 32474.247785147555987 728.0815503476729873 -10940.618602413236658 8.2689928393872857981
99000 2069.4669512138598293 101583.18113870330853 10.1583181138703 32563.818140940715239 733.75139782587530135 -10901.574142118366581 8.2462480670307609643
100000 2052.7707230917176275 104308.9890861214808 10.4308989086121 32501.085557285648974 727.83157353689318825 -10900.999182699168159 8.2621647183621025334
101000 2098.868169989452781 97070.275414349802304 9.70702754143498 32577.399492551579897 744.17591094106262517 -10929.552460011089352 8.2428102482909810789
102000 2090.7615327502539913 99613.565263172495179 9.96135652631725 32575.430385608207871 741.30161695804429201 -10914.581696981094865 8.2433085064782307683
103000 2191.0209921255559493 99045.792184703386738 9.90457921847034 32598.898614478934178 776.8496687975500663 -10916.595077289694018 8.2373740774360140193
104000 2077.8088773798776856 94434.089977774186991 9.44340899777742 32625.510244983699522 736.7091159867212582 -10929.986878038927898 8.2306551034297168457
105000 2163.7674680272120895 111051.1992356419214 11.1051199235642 32369.612795490949793 767.18664354792656468 -10911.813682652071293 8.2957224139943814833
106000 2112.5978916681669944 99658.339969893102534 9.96583399698931 32502.238736032122688 749.04392899160836805 -10940.243082586905075 8.2618715769317390141
107000 2102.0717450702336464 93819.458423853910062 9.38194584238539 32615.317009333080932 745.31177237252177292 -10933.391062834920376 8.2332274226564230446
108000 2140.8315901261057661 101180.86895771544368 10.1180868957715 32555.548857609817787 759.05448542845090287 -10910.281740011254442 8.2483426580936054506
109000 2103.1509038603171575 99444.82764582503296 9.9444827645825 32569.332215611382708 745.69439953660162246 -10916.233617706515361 8.2448519552746635242
110000 2149.9850607843291073 107016.88804896644433 10.7016888048966 32449.559035462119937 762.29994527331098197 -10915.100111024772559 8.2752841758624349211
111000 2088.8280269677952674 94276.85502251755679 9.42768550225176 32591.307580516353482 740.61607203076175665 -10939.491931973243481 8.2392926928898386763
112000 2167.5254178133272944 100877.54499141291308 10.0877544991413 32584.346551428712701 768.51906439519063952 -10906.870008551954015 8.2410528618717844296
113000 2094.3730913194390268 94736.163860139509779 9.47361638601395 32655.095164709280652 742.58213325085830547 -10921.400425423085835 8.223198280251105885
114000 2120.3300150012537415 107591.67111696915526 10.7591671116969 32439.717785877575807 751.78543510770589364 -10909.394293383436889 8.2777946519860332586
115000 2075.2615336731519164 92936.547473448692472 9.29365474734487 32652.201223889998801 735.80592833037496803 -10928.422855832783171 8.2239270963270918458
116000 2136.4000282160263851 103884.92860657241545 10.3884928606572 32518.752213336771092 757.483228277344665 -10905.945048383160611 8.2576760829630746485
117000 2077.5932905981803742 99399.035080126850517 9.93990350801269 32542.085684104724351 736.63267741285062584 -10922.273971130900463 8.2517551273930020983
118000 2093.8121182368736299 99829.444147936344962 9.98294441479363 32609.841195086544758 742.38323431061019164 -10901.280033906266908 8.2346099385584849983
119000 2143.7745946237237149 98772.333897866497864 9.87723338978665 32588.076977260749118 760.097958803403003 -10916.528494353136921 8.2401094911874519511
120000 2137.3475975721448776 101408.47704076486116 10.1408477040765 32524.689295826996386 757.81919901569403919 -10920.189933642217511 8.2561687202443660993
121000 2125.5623202977353685 93611.482976544095436 9.36114829765441 32642.948066643690254 753.64060429651226514 -10933.865165417195385 8.2262582978610065965
122000 2107.1136144233028062 100066.27817140438128 10.0066278171404 32602.948052829466178 747.09942048321033781 -10905.309795944951475 8.2363509571205515414
123000 2096.8929037350490034 104569.10691305967339 10.456910691306 32458.739204868332308 743.47555939672076875 -10923.782776575561002 8.2729437118616768743
124000 2080.0244145507681424 94922.950027693834272 9.49229500276938 32667.997723251301068 737.4946581260255698 -10920.069532320769213 8.219950444307427162
125000 2126.9612606790014979 106416.90655551131931 10.6416906555511 32459.134451354984776 754.1366134063108575 -10910.686240376468049 8.2728429743653872919
126000 2144.1596435000387828 94703.301805992887239 9.47033018059929 32687.381203297853062 760.23448195544551709 -10914.974692970499746 8.2150760481473348307
127000 2126.1549937765935283 103424.45324351114687 10.3424453243511 32494.66434393560121 753.85074294758442193 -10919.622750479637034 8.2637973901702590496
128000 2064.0204515878990605 100016.3446535950934 10.0016344653595 32628.154516503764171 731.82028377186122725 -10895.734418022493628 8.2299880694768621225
129000 2091.1376170211406134 106255.8102447410929 10.6255810244741 32520.6499506012442 741.43496161440691594 -10888.098599325561736 8.2571942076117395004
130000 2126.4169827266832726 96357.860058816542733 9.63578600588165 32585.997482122827932 753.94363390108844669 -10933.015261857479345 8.2406353387583983761
131000 2087.4123775241864678 100202.40338807144144 10.0202403388071 32626.50362566183685 740.11413854616557728 -10894.192563974540462 8.2304045042897655549
132000 2121.541418200908538 98980.035387405805523 9.89800353874058 32577.114061264426709 752.21495092604550337 -10915.556802266601153 8.2428824694194240408
133000 2005.0384433720635116 101245.04944338394853 10.1245049443384 32562.954114546238998 710.90758886288404028 -10902.793691441696865 8.246466873222614069
134000 2099.3745181090630467 102715.77968183009943 10.271577968183 32515.910441105686914 744.35544202288667748 -10907.475805288633637 8.2583977737989595624
135000 2047.3190315105077843 96739.164462542743422 9.67391644625427 32608.706941993958026 725.89861862022644345 -10919.441341275985906 8.2348963691675152177
136000 2125.5660626071762636 105678.75336352536397 10.5678753363525 32447.728475085885293 753.64193117190973226 -10916.749220421525024 8.2757510315724136518
137000 2053.2396185067213992 91165.28607228648616 9.11652860722865 32721.591409895223478 727.99782536613429329 -10920.01186349488853 8.2064872406746260936
138000 2086.3034759220040542 103599.48060801753309 10.3599480608018 32497.929590124302194 739.72096575344448866 -10913.881446606095778 8.2629670808775497193
139000 2105.6660122611224324 95581.0924856079655 9.5581092485608 32631.327956058754353 746.58615782425727048 -10920.737317480570709 8.2291876923144027245
140000 2068.8003424743446885 106159.14396069596114 10.6159143960696 32435.38133580309659 733.51504464606966849 -10915.311086362289643 8.2789013521929302186
141000 2083.7124759179287139 103352.63011371578614 10.3352630113716 32547.855396357994323 738.80229929508823261 -10900.638567574234912 8.2502923504422724932
142000 2056.0463435313072296 98002.556760661813314 9.80025567606618 32674.889883476047544 728.99297941239467491 -10897.406155502058027 8.2182165986631527943
143000 2093.3285645690916681 105449.31469588313485 10.5449314695883 32551.923686842223105 742.21178524279548583 -10882.806956242864544 8.2492612413076997768
144000 2090.6486315368301803 98144.909691594541073 9.81449096915945 32612.950099144596606 741.26158663858575437 -10913.986534711897548 8.2338249555325209172
145000 2119.969305778175567 103302.59031849827443 10.3302590318498 32518.953746153929387 751.65754183717695014 -10913.511079666830483 8.2576249068785916307
146000 2054.3926452429973324 96575.100544776127208 9.65751005447761 32637.045637235736649 728.40664319189215803 -10911.381616285059863 8.2277460216407387605
147000 2174.6524468885199894 101465.19537689369463 10.1465195376894 32596.412988578271325 771.04602794162519785 -10900.102321896978538 8.2380022149665919073
148000 2032.457071207781155 99382.615218836130225 9.93826152188361 32538.333358389485511 720.62915338901700579 -10920.14540154995484 8.2527067210907905093
149000 2157.9946071678127737 97592.32573706182302 9.75923257370618 32671.983906137720624 765.13981466643417662 -10903.099080406263965 8.2189475598213661556
150000 2094.9392255351676795 99844.105473681775038 9.98441054736818 32595.218655832824879 742.78286212546265688 -10903.168690690326912 8.2383040664714481949
151000 2103.2393634147792909 93453.578581081528682 9.34535785810815 32614.598070828720665 745.72576380733789847 -10937.178860089892623 8.233408911454672463
152000 2132.7498983293367019 104225.56990430221776 10.4225569904302 32489.348002504510077 756.1890361159122449 -10917.14072779761409 8.2651496231679821847
153000 2081.2283669365610876 96512.349987607449293 9.65123499876075 32636.179358766308724 737.92153217949771715 -10913.114544770160137 8.2279644148280084437
154000 2139.1345177695657185 100192.55569658301829 10.0192555696583 32492.238598565076245 758.45277047325794229 -10940.001077987755707 8.26441433345046228
155000 2107.3412414499516672 94923.668704734387575 9.49236687047344 32717.771575968588877 747.18012805328714876 -10896.869318131510227 8.2074453566119416337
156000 2090.1091775131349095 103367.04423318318732 10.3367044233183 32477.754112228154554 741.07031750828286931 -10923.82411524022973 8.2681001116013117525
157000 2062.3747114629277348 92232.069441198371351 9.22320694411984 32728.407169752856134 731.23676920234970567 -10910.131051169470084 8.2047782223891623232
158000 2143.6925468891245146 105411.9496197476401 10.5411949619748 32423.62194451506366 760.06886791122167324 -10933.279042082380329 8.2819039421133915369
159000 2088.9776018675506748 97937.73304484844266 9.79377330448484 32581.701263010105322 740.66910539363368571 -10924.324957744822314 8.2417219479184780084
160000 2091.5335574298906067 98867.565384438596084 9.88675653844386 32569.638652758207172 741.5753464744818757 -10920.943961986700742 8.2447743821417187604
161000 2145.5283140180195005 100117.91869633986789 10.011791869634 32637.103645650637191 760.71975856502956503 -10894.958573617761431 8.227731397839862737
162000 2093.884752973983268 100337.84819388706819 10.0337848193887 32550.595131854977808 742.40898772496336733 -10912.077620217085496 8.2495979355253883369
163000 2112.9120214304134606 99966.112315195743577 9.99661123151957 32611.532554175857513 749.15530702159423981 -10899.161676606760011 8.2341828601210220739
164000 2079.9797957191881324 104806.07375481221243 10.4806073754812 32483.393518239663535 737.47883804732271074 -10910.361073542759186 8.2666646958881440099
165000 2099.9814711350832113 94490.604840611005784 9.4490604840611 32638.248457430101553 744.57064363845040589 -10923.62603716812373 8.2274428038047133782
166000 2138.2667612606510374 107860.76964474326815 10.7860769644743 32481.780203445669031 758.14509822412389894 -10898.410554827991291 8.2670752870677937096
167000 2081.8086270683124894 91420.813473004687694 9.14208134730047 32713.635236984526273 738.12726954704817217 -10915.868676558624429 8.2084831127629218628
168000 2088.9593366982967382 111007.71808231477917 11.1007718082315 32370.97732744055611 740.6626292846706292 -10907.592025532328989 8.2953727248835313901
169000 2161.5524954533079836 96708.678150944047957 9.67086781509441 32674.026276807180693 766.40130159245597952 -10902.43248417376526 8.2184338142153681162
170000 2049.6910179090145903 103298.9754431827314 10.3298975443183 32491.03710505802519 726.73963148806058143 -10911.739378401704016 8.2647199451220476618
171000 2102.4186628444194866 101051.34801019908627 10.1051348010199 32539.426906955512095 745.43477573896370814 -10909.748225122453732 8.2524293733788436356
172000 2088.5839015661263147 98132.479206396877998 9.81324792063969 32629.894503347411955 740.52951478730619783 -10907.505176065225896 8.2295492059383121841
173000 2128.8322896272848084 101076.5318452805368 10.1076531845281 32540.366024769322394 754.80000651117302368 -10912.866295138697751 8.2521912075442660495
174000 2087.6213275503432669 92413.938931999146007 9.24139389319991 32626.11894479399416 740.18822398815746055 -10944.760296993219526 8.2305015455330963192
175000 2141.3860909988979984 105934.0973179886787 10.5934097317989 32551.342568267547904 759.25108957826262213 -10889.185770540789235 8.2494085101622669498
176000 2105.1149247492789982 93618.406535872782115 9.36184065358728 32722.183108530825848 746.39076391767548557 -10912.441669564088443 8.2063388469294000771
177000 2078.7209303449426443 103678.57401638684678 10.3678574016387 32481.959353014302906 737.03249401293965093 -10915.797610516672648 8.2670296912047032123
178000 2054.8451890952051144 102250.34398842234805 10.2250343988422 32540.282792164893181 728.56709740158134991 -10904.51098521545282 8.2522123152700608273
179000 2172.2004049385504914 99003.936897913023131 9.9003936897913 32566.082714507989294 770.17663053121350458 -10927.248164707458272 8.245674641127328286
180000 2062.8031022247268993 99992.501048018835718 9.99925010480188 32563.768300668762095 731.38865967834954063 -10918.476684099499835 8.2462606882741766867
181000 2052.3937162336851543 105336.0631642160879 10.5336063164216 32417.47198510697126 727.697901767499161 -10928.758636130274681 8.2834751125331305133
182000 2098.3403891100247165 101090.79498891488765 10.1090794988915 32588.827467849332606 743.98878064753512263 -10899.392640888134338 8.2399197290787000725
183000 2102.823215198006892 102199.07725840070634 10.2199077258401 32508.320024824759457 745.57821405517563562 -10922.735482963071263 8.2603260394512219023
184000 2106.8308161386307802 97307.795541091938503 9.73077955410919 32582.25744227249379 746.99915136001459359 -10921.736336577389011 8.2415812616924881695
185000 2115.4618911573124933 94350.438713166469825 9.43504387131665 32691.818228101172281 750.05939030511251531 -10912.706970038329018 8.2139610751001796984
186000 2108.1102501408677199 105138.13295875952463 10.513813295876 32451.018510099285777 747.45278821902149957 -10920.751875949277746 8.2749119974863916127
187000 2062.3511242898202909 99095.349947396040079 9.9095349947396 32535.886979607723333 731.2284061206255501 -10924.808933406427968 8.2533272434889415337
188000 2135.7096789792030904 103773.74690467640175 10.3773746904676 32491.248799612501898 757.2384576530977256 -10920.086073385275085 8.2646660968930234503
189000 2113.1722278720840222 95737.887436640376109 9.57378874366404 32587.287632380131981 749.24756596788324714 -10933.825923619417154 8.2403090870640998133
190000 2075.1249552075646534 103825.27421960668289 10.3825274219607 32478.571718697174219 735.75750299071023619 -10910.229690900125206 8.2678919727645343585
191000 2141.7952524861570964 104000.24194649331912 10.4000241946493 32505.107113822919928 759.39616211157215275 -10907.134254618929845 8.2611425170686629826
192000 2123.505570899401846 93831.706466561576235 9.38317064665616 32734.16337302676402 752.911362041583061 -10904.606965700284491 8.2033354370420248358
193000 2050.8588211435103403 102299.3973841725383 10.2299397384173 32464.272006207429513 727.15368847756417381 -10924.157908535031311 8.2715337756081090959
194000 2074.5103137935434461 102291.95321596221766 10.2291953215962 32569.0947728857318 735.53957537585495174 -10900.76750301611537 8.244912063795776902
195000 2054.2655619049346569 103878.45511472848011 10.3878455114728 32439.633995359370601 728.36158445012813445 -10925.105572340258732 8.2778160332600503324
196000 2058.5201652905680021 93674.58966157969553 9.36745896615797 32698.255489118884725 729.87009908457162055 -10902.851768606864425 8.2123440037720989437
197000 2160.4003511267869726 108393.71482436711085 10.8393714824367 32356.061819885610021 765.99279663441052435 -10930.000265039958322 8.2991967284114593895
198000 2053.8950689966068239 96276.035645605210448 9.62760356456052 32549.349269096528587 728.23022227050466881 -10939.470253514224169 8.2499136981157583648
199000 2117.4094928623221676 97894.239246473967796 9.7894239246474 32580.432239787929575 750.74993309083845361 -10926.857807237965972 8.242042966880585908
200000 2155.4565980882402982 96782.872281774296425 9.67828722817743 32602.324328492959467 764.23993670088430008 -10928.169849550609797 8.2365085290925428296
200000 2155.4565980882402982 96782.872281774296425 9.67828722817743 32602.324328492959467 764.23993670088430008 -10928.169849550609797 8.2365085290925428296
201000 2104.2854062215824342 104228.81064073715243 10.4228810640737 32465.200306481627194 746.09664934925353919 -10921.895527481399768 8.2712972618333768793
202000 2105.5401272563444763 92190.579407554236241 9.21905794075542 32695.812398167119682 746.54152396423501159 -10923.77922297025907 8.2129576451486787647
203000 2157.4776360397704593 104486.24277054921549 10.4486242770549 32566.699063049447432 764.95651708460320606 -10893.502084725894747 8.2455185857184414289
204000 2154.9495324079734928 97127.601521486009005 9.7127601521486 32680.029362493602093 764.06015120033930543 -10902.767870103332825 8.2169241471998439863
205000 2118.7469632106403878 98039.285903808646253 9.80392859038087 32591.559480132789758 751.22414735024153742 -10918.050448051915737 8.2392290115348441049
206000 2088.6663413951418988 104233.80024887746549 10.4233800248877 32582.349874844916485 740.55874470071034921 -10889.108772744975795 8.2415578812254626229
207000 2122.8590137499031698 97748.939773805512232 9.77489397738055 32603.643019264556642 752.68211836511807178 -10922.351820327050518 8.2361753943020197255
208000 2166.27142621811754 100181.4770241065271 10.0181477024107 32641.600802172746626 768.07444841071833252 -10901.326918759416003 8.2265978322361963393
209000 2085.6026451604561771 103727.37174594857788 10.3727371745949 32474.862745506408828 739.47247879373560409 -10923.610415621616994 8.268836253573708106
210000 2103.8782989282726703 93396.895184452514513 9.33968951844525 32678.639488735479972 745.95230515213745548 -10922.106039420801608 8.217273625863072084
211000 2139.1357960460891263 100707.73653414296859 10.0707736534143 32496.997517623483873 758.45322369972063825 -10931.946372508007698 8.2632040776766260137
212000 2084.8958822668951143 95135.367476621191599 9.51353674766212 32695.845001537811186 739.22188853387297058 -10904.941236962040421 8.2129494554199045098
213000 2120.6702943631808012 104212.58639108561329 10.4212586391086 32527.173795623195474 751.90608475486203588 -10900.338792065689631 8.2555380952281343099
214000 2088.4423988612788889 96417.852570083428873 9.64178525700834 32627.416787771093368 740.47934350652440116 -10916.388774727438431 8.2301741552680809377
215000 2121.5165318936551557 107875.57808124610165 10.7875578081246 32428.66169753685972 752.20612722256805682 -10907.849013998613373 8.2806168476656534239
216000 2049.9482693306263172 95890.325224949803669 9.58903252249498 32622.648984767700313 726.83084270073038624 -10915.655076509599894 8.231376995940960839
217000 2109.9888825905727572 102724.52405216103944 10.2724524052161 32612.880411590711446 748.11887722574067539 -10885.639690324285766 8.2338425496583091956
218000 2136.6676001635441935 95155.501893455759273 9.51555018934558 32630.442802720106556 757.57809874164229313 -10928.504563057653286 8.2294109222902953604
219000 2110.2901299190366444 98466.685666798817692 9.84666856667988 32486.743321338220994 748.22568765256198731 -10948.10873471974628 8.2658122959187423362
220000 2098.654729167732512 102310.31451161818404 10.2310314511618 32556.683761008847796 744.10023324000133016 -10899.153388992079272 8.2480551265935364569
221000 2113.129476826609789 94643.184953050935292 9.46431849530509 32619.828230036771856 749.23240813250117753 -10932.391178810232304 8.2320887929326431731
222000 2123.2768726257017988 105730.61386334542476 10.5730613863345 32464.913586918937654 752.83027464953295294 -10916.996143503283747 8.2713703112418528463
223000 2077.5026961519574797 95827.324189297520206 9.58273241892975 32631.626271974513656 736.600556193658349 -10917.922043045880855 8.2291124616886914822
224000 2131.9983524477574974 107253.16167638165643 10.7253161676382 32421.808046351972735 755.92256757394511624 -10918.736039140763751 8.2823672885845702751
225000 2035.1092992921740006 98477.848026502528228 9.84778480265025 32599.082314129831502 721.56952891090429603 -10909.443785918920184 8.23732765886730256
226000 2092.9904560336512986 103825.68969036731869 10.3825689690367 32522.538943411520449 742.09190528513261143 -10898.012608484761586 8.2567146085091476237
227000 2048.503438356834522 98031.607652930353652 9.80316076529304 32675.682486284444167 726.31856259593325831 -10884.345147929569066 8.2180172522054668605
228000 2120.9267578072040124 111624.06876902353542 11.1624068769024 32335.405360853495949 751.99701658174274144 -10914.03765615634984 8.3044984098132150763
229000 2114.0450783985179442 95259.533785673120292 9.52595337856731 32641.017345628231851 749.55704435481197834 -10917.968508878260764 8.226744882258977043
230000 2135.5038793042140242 101280.5899706397031 10.128058997064 32555.45010586445278 757.1654892014358893 -10912.158321058792353 8.2483676781203953965
231000 2113.9809265701114782 96602.037517696255236 9.66020375176963 32570.208529564217315 749.53429864546944827 -10932.043202996155742 8.2446301243704827044
232000 2084.5025764232791516 102289.82017187934252 10.2289820171879 32496.048388007377071 739.08243778673397628 -10916.912089124958584 8.2634454255359237607
233000 2116.4376018365028358 102469.18834098707885 10.2469188340987 32496.14834810319735 750.40533884722844959 -10921.841206924176731 8.2634200066835816756
234000 2084.1651840045092285 98432.565071100980276 9.8432565071101 32620.531050916888489 738.9628117358114423 -10905.391972801640804 8.2319114296677220466
235000 2081.9338696788386187 99730.272834530987893 9.9730272834531 32562.132940277446323 738.17167563939335651 -10914.137767697433446 8.2466748382971744036
236000 2096.747735450017899 98199.694161485269433 9.81996941614853 32597.160140020405379 743.4240884457113907 -10915.320025995813921 8.2378133937561308642
237000 2170.5024244187316071 99500.396430384964333 9.9500396430385 32595.723501103861054 769.57459357712377823 -10915.110545376232039 8.2381764709342863995
238000 2129.8257771262478855 96351.032269000366796 9.63510322690004 32568.447190387309092 755.15225801277790652 -10934.184163236224776 8.245076003474029136
239000 2093.2670553268453659 106693.85243076428014 10.6693852430764 32533.256198607054102 742.18997649032860409 -10882.759783153422177 8.2539946435294400118
240000 2145.8571805614556069 98051.464954443465103 9.80514649544435 32546.988335925663705 760.83636167666804795 -10934.281270407640477 8.250512140426476293
241000 2121.948397021864821 98466.882318839037907 9.8466882318839 32624.729463666990341 752.35924957192969487 -10905.172458396504226 8.2308520810548078117
242000 2107.8611658668082782 98037.628126762137981 9.80376281267621 32590.679200905760808 747.36447275490627362 -10914.140837698980249 8.2394515543698947369
243000 2065.9277269031181277 101889.13471843555453 10.1889134718436 32559.905949333540775 732.49652840952501265 -10901.193513806243573 8.2472388838509544939
244000 2154.7791293819545899 104133.6879351411626 10.4133687935141 32530.122899225374567 763.999733004986183 -10905.112798845264479 8.2547896677718348712
245000 2047.1775333026239423 97249.01425708446186 9.72490142570845 32604.18224862693387 725.84844893389060871 -10910.755582381483691 8.2360391790283955515
246000 2130.2747378924054829 103720.24473365998711 10.372024473366 32484.84124554364098 755.31144180140711342 -10918.774490646777849 8.2662962817068148524
247000 2151.262081590256912 99252.977791476834682 9.92529777914768 32651.9404977064587 762.75272650804026853 -10896.961546966935202 8.2239927644954402552
248000 2060.0686823031910535 100798.15274104847049 10.0798152741048 32548.670399928363622 730.41914217119972363 -10911.762380396232402 8.2500857669585361265
249000 2074.2255904210414883 101570.82703052932629 10.1570827030529 32511.712442146163085 735.43862369240605403 -10922.053788807326782 8.259464120129484499
250000 2088.774094975283333 96722.207691306481138 9.67222076913065 32627.342485484892677 740.59694987233831398 -10908.95380780096275 8.2301928978535627834
