step temp press pressGiga vol ke pe density
150000 1027.504235089955273 -2105.4131097316726482 -0.210541310973167 23883.826644694956485 271.87301411322800959 -8679.5256522427589516 8.3913850732159307455
151000 983.13502243771415579 -75.801283785096842394 -0.00758012837850968 23845.107734733737743 260.13311936083363207 -8682.6970327721646754 8.4050107312215143196
152000 1007.0490477874182034 -1406.0424653975485398 -0.140604246539755 23865.940351828492567 266.46066325736558156 -8680.636636235696642 8.3976739840554870398
153000 993.56319078528281352 622.60064264928223565 0.0622600642649282 23853.746820627173292 262.89236595419237119 -8675.3754981606216461 8.4019666975026900957
154000 994.76893525216667058 776.62362307674095518 0.0776623623076741 23846.2387417922655 263.21140053455434327 -8677.3853120019684866 8.4046120886277311257
155000 989.19682473450382076 -2013.4581524197519684 -0.201345815241975 23885.990519967945147 261.7370450723830686 -8676.2577425485342246 8.3906248823981854912
156000 1027.730871349082463 1606.7435177417730756 0.160674351774177 23842.289069216592907 271.93298105134078924 -8676.8084760781166551 8.4060043822023633453
157000 973.40548113578574885 7859.6104267620075916 0.785961042676201 23729.364018070940801 257.55872635167702356 -8682.7356876351623214 8.4460074970801120031
158000 1001.3087428435197808 -2729.4051230479740298 -0.272940512304797 23887.681463162243745 264.941804304059076 -8680.5949831372345216 8.3900309331669600255
159000 971.51470228357254655 1600.4416614768633735 0.160044166147686 23848.119705291963328 257.0584347440927786 -8673.7170068685845763 8.4039491949168976248
160000 1033.1559209298416135 386.49950863061388873 0.0386499508630614 23867.491005951087573 273.36842484890877358 -8673.7070138806884643 8.3971283930765139303
161000 986.35997690038675501 -1751.2484925272542569 -0.175124849252725 23865.494624887804093 260.9864278535893618 -8682.3008897638719645 8.3978308242799464267
162000 989.34074257663121443 -3418.1735689259239734 -0.341817356892592 23922.172362160228658 261.77512508819967252 -8671.5817080951928801 8.3779342178216769099
163000 1000.1324401737655307 4518.7108784292959172 0.45187108784293 23802.41127091074668 264.63055989122460687 -8677.9659176610384748 8.4200875330015101383
164000 1004.712487413415829 -2196.3931649574660696 -0.219639316495747 23877.597242844592984 265.84241985763696903 -8682.9747010273677006 8.393574293059559821
165000 967.7938994536723385 -6925.1398230619652168 -0.692513982306197 23980.113895786762441 256.0739269963486322 -8668.8711305842771253 8.3576911798064124071
166000 973.53735627936111996 5927.860706435188149 0.592786070643519 23817.503709380602231 257.59361992344639702 -8663.7743968037593731 8.4147519758183033645
167000 982.51860142566374634 31.897717443587485064 0.00318977174435875 23847.285373794940824 259.97001712457455369 -8679.6391406860002462 8.4042432191382197004
168000 1007.0256642947878163 -1374.5622597934582245 -0.137456225979346 23883.499894486645644 266.45447609004810374 -8675.3814568095076538 8.3914998757713696875
169000 1012.8773413830300569 4823.0902043046717154 0.482309020430467 23825.375156219215569 268.00280361344607627 -8665.7411586133421224 8.411971903210696766
170000 997.34534913126583433 378.18789758937998613 0.037818789758938 23833.289265498446184 263.89310809642392996 -8680.1692156920180423 8.4091786142041211605
171000 1007.2128123192642306 -6592.0435736579056538 -0.659204357365791 23960.309830381454958 266.50399461830534165 -8673.734961162575928 8.3645991148011571426
172000 1001.8636948083930065 303.71204179186247529 0.0303712041791862 23846.667760727123095 265.08864210601223022 -8680.051715239909754 8.4044608835301328753
173000 1015.5994412119765684 -636.96371737539345759 -0.0636963717375394 23881.47634342791207 268.72305902450818849 -8675.4861326821082912 8.3922109134063038738
174000 1004.481270173611847 1508.1709205768893298 0.150817092057689 23852.312279140267492 265.78124081257453781 -8670.196107873793153 8.4024720141218143254
175000 1002.2806080908594595 -182.55912490321881592 -0.0182559124903219 23859.259253695774532 265.19895549145348923 -8678.3629888304822089 8.4000255107050563197
176000 1015.9575785586077927 -7481.1896722424280597 -0.748118967224243 23953.306990326429514 268.81782056083085308 -8682.2956404058641056 8.3670445370449009204
177000 1014.1581609980891017 130.13491239950292311 0.0130134912399503 23836.776138857418118 268.3417027414394056 -8683.4403589959165402 8.4079485090628107713
178000 982.37571286635932211 7295.0486597267336037 0.729504865972673 23746.450970269495883 259.93220945237845854 -8682.8467683142498572 8.4399301035971046048
179000 994.73792794816301921 -20.35219629937682484 -0.00203521962993768 23848.380476766746142 263.20319614092647953 -8679.9144954084058554 8.4038573014557176322
180000 1016.2390416271333606 -2815.4550604809110155 -0.281545506048091 23939.363641986241419 268.8922944269116897 -8665.2729342616257782 8.3719178752966030288
181000 990.59638316632106125 33.706806926302839145 0.00337068069263028 23855.979925307528902 262.1073619589625423 -8677.8984348749036144 8.4011802082779709622
182000 1005.7328133729155297 4077.9080224261665535 0.407790802242617 23833.063208720508555 266.11239353221054671 -8667.9346376327903272 8.4092583753244607436
183000 994.81109305407233023 -3102.5972802297155795 -0.310259728022972 23887.491792188880936 263.222555299937369 -8681.4429593015483988 8.3900975515188349618
184000 1006.2148579268842923 -2311.9515242099537318 -0.231195152420995 23905.972105922715855 266.23994036009577258 -8671.4250284298359475 8.3836116560981199797
185000 991.71926532576560476 2858.3888605404463306 0.285838886054045 23802.451264475785138 262.40447154426311727 -8682.1933399649878993 8.4200733853276155116
186000 1000.8834334403258026 502.81076905713729275 0.0502810769057137 23874.664676711872744 264.82926934271472419 -8667.7067591186932987 8.3946052902290535513
187000 989.94338090313965495 -2326.2317940804996397 -0.23262317940805 23898.463518127115094 261.93458048765467083 -8673.079525439588906 8.386245678327886921
188000 987.72525546867848334 2132.1126308426446485 0.213211263084264 23852.569893165276881 261.34767444196290853 -8670.3102850160739763 8.4023812652152898295
189000 992.61807389042792238 5247.5811108316493119 0.524758111083165 23775.733527777229028 262.64229226094767 -8683.0253989541561168 8.4295353564347887954
190000 975.85977336926089265 -4696.2620022747278199 -0.469626200227473 23928.809704257328121 258.20812107360842447 -8674.0872842850294546 8.3756103573305811238
191000 1003.8217890894097764 -463.06541525110242219 -0.0463065415251102 23912.369912323993049 265.60674507427034996 -8662.9790084925571136 8.3813686026276403851
192000 996.68032450570831315 -328.79854017222794482 -0.0328798540172228 23855.492897820306098 263.71714556192983991 -8677.2223238710885198 8.401351724570007562
193000 977.82678423241293331 2652.6389936196583221 0.265263899361966 23836.928234022623656 258.72858332952483806 -8672.3811937151986058 8.4078948608617931626
194000 976.80378902732229562 -1634.3042444215375326 -0.163430424442154 23870.725803611014271 258.45790338453463164 -8678.8921218596005929 8.3959904716115563161
195000 1000.6974093105858401 -5861.2022446134506026 -0.586120224461345 23960.356940738667618 264.78004819196610242 -8672.6108051237242762 8.3645826684997430789
196000 981.63439113325614471 551.00897762973488625 0.0551008977629735 23854.694931054302288 259.73605904528182009 -8676.2428270609852916 8.4016327593719655198
197000 1010.2584069674875309 2239.9138761272565716 0.223991387612726 23842.982141177209996 267.30984530826100354 -8673.1623589946466382 8.4057600350018493174
198000 991.55941263985778278 -824.13394101822348148 -0.0824133941018223 23875.429000460982934 262.36217524022106318 -8677.1532888980145799 8.3943365538562915162
199000 1042.6282906322189774 -2731.0806067497669574 -0.273108060674977 23906.941645751401666 275.87477140577203727 -8677.4211123910554306 8.3832716608980124562
200000 1009.5888898846363873 -3041.9085948043466487 -0.304190859480435 23888.095787595619186 267.13269408970751329 -8682.3177360847475938 8.3898854132040749931
