step temp press pressGiga vol ke pe density
150000 300.17329199437159559 278.87018088856558506 0.0278870180888566 23135.916808367059275 79.424507329310671366 -8886.2823630500461149 8.6626515844442035785
150100 298.41915417173760261 279.6180694073427162 0.0279618069407343 23133.818532163775672 78.960370325566088923 -8887.1718955614760489 8.6634373014952696934
150200 296.04013180549856088 -1151.6139260426837154 -0.115161392604268 23155.297831591808063 78.330891673056626701 -8885.376313113305514 8.6554009305002512775
150300 303.76434549223131398 1347.8405171866866112 0.134784051718669 23125.766930026828049 80.374683985487166638 -8884.6671681805055414 8.6664536144461479239
150400 303.57111173964989348 -1025.9418549126694415 -0.102594185491267 23154.371651741283131 80.323555200856787906 -8884.1539210447936057 8.6557471484007244555
150500 301.15650908754832926 -52.87839202285255169 -0.00528783920228526 23141.618409575261467 79.684662164221109037 -8884.7055371427231876 8.66051729185213226
150600 303.85381260483524102 1729.1840414579544358 0.172918404145795 23116.222092686330143 80.398356582384550961 -8885.8380056243458966 8.6700320490942139884
150700 300.80821078522200196 -2690.22916203880186 -0.26902291620388 23173.022541854348674 79.592503994911282916 -8885.3241961720013933 8.6487805393353891503
150800 292.98645247482465948 2362.0449261569888222 0.236204492615699 23114.330650545394747 77.522901812369681807 -8883.3863731195433502 8.6707415164903860472
150900 297.65621807484831152 -207.01099779244333376 -0.0207010997792443 23143.584680290274264 78.758500854712849559 -8884.5180286206450546 8.6597814973862767829
151000 297.8565186079488285 -1578.3208896195374109 -0.157832088961954 23160.428466678426048 78.811499477786895795 -8884.5984793806001107 8.6534835348973739855
151100 307.18070614593500522 2728.56081167223374 0.272856081167223 23106.649475810478179 81.278637698280334689 -8886.506006647254253 8.6736238677693631161
151200 301.69610302516366573 -3017.9434578201994555 -0.30179434578202 23183.770566258303006 79.827436301014671471 -8884.4139546602200426 8.6447709540940440576
151300 301.66489820156164114 1358.0552949911175347 0.135805529499112 23129.840666373977001 79.819179644586583322 -8882.8833671817574213 8.6649272378662445249
151400 299.51110119440505741 1777.6679889357487809 0.177766798893575 23123.625120670425531 79.249294612363385681 -8882.9325120746943867 8.6672563385580190243
151500 300.54021447299464853 -3830.6625511908860062 -0.383066255119089 23183.727565136407065 79.521593372172972636 -8885.9993137372985075 8.6447869883943315727
151600 294.37882350080627702 3560.8216227889924994 0.356082162278899 23091.987689537028928 77.891316943587511901 -8885.7431813056464307 8.6791310082145809446
151700 301.9304103683256244 -1478.9017911712885507 -0.147890179117129 23154.155289920214273 79.889432973572169772 -8886.6718942749630514 8.6558280312138649037
151800 300.15896337979000918 -1454.4126549209090626 -0.145441265492091 23163.343268200191233 79.420716042130209189 -8882.6267250114888157 8.6523946080233891109
151900 311.38158785608493417 3945.567020297574345 0.394556702029757 23094.462346166463249 82.390172165456135644 -8884.025415947964575 8.6782010073873134814
152000 301.91489135973080238 -4707.0090826442046819 -0.47070090826442 23201.424051641191909 79.88532671347256553 -8883.4904362720662903 8.638193326042555853
152100 300.88809666444490176 2823.0055236631637854 0.282300552366316 23101.961197380438534 79.613641440410489736 -8885.3684373829819378 8.6753840803912307678
152200 293.84188792686370562 574.85777618456063465 0.0574857776184561 23133.94735043503897 77.749246197903829625 -8885.3243263206586562 8.663389060311027734
152300 295.39022567316345658 -3138.9778736331172695 -0.313897787363312 23182.375809893088444 78.158929424090175075 -8884.8784393316054775 8.6452910625338734718
152400 306.04157716546740176 4069.077750768707574 0.406907775076871 23095.110887388356787 80.977229276974568961 -8884.04758195265822 8.677957312039298543
152500 302.42648245540823382 -2831.1603759451663791 -0.283116037594517 23183.259481710247201 80.020691423831280531 -8882.3220455473874608 8.6449615316467642856
152600 300.97682458964885654 364.06920914589699123 0.0364069209145897 23143.364334740108461 79.63711845163575731 -8883.1328415097596007 8.6598639462597741812
152700 303.29758212524376404 2046.5272280741853592 0.204652722807419 23115.742598299326346 80.251180491168796038 -8885.1633360075975361 8.6702118932711851329
152800 292.03399164318653902 -2636.2212463091086647 -0.263622124630911 23177.558063811862667 77.270884946376341418 -8883.3185140409113956 8.6470880946898454056
152900 300.83648515514312294 2354.7141573418944063 0.235471415734189 23105.380507147627213 79.599985266433179731 -8886.4381951085069886 8.6741002311375474676
153000 293.89641670336510515 -692.50600391865873462 -0.0692506003918659 23141.764461308819591 77.763674267703507326 -8886.1372337268876436 8.660462633808831967
153100 293.91117001166247746 -914.65926145184971574 -0.091465926145185 23147.079710785459611 77.767577926937178745 -8886.1805819059081841 8.6584739371759535942
153200 296.78274306110847647 2026.5004265580803349 0.202650042655808 23117.000942546219449 78.527383282027358291 -8884.0625586635778745 8.6697399414257727557
153300 303.88411282932725044 -1853.3782932382312083 -0.185337829323823 23163.273319553838519 80.406373885943622781 -8884.1833481426383514 8.652420736596937445
153400 293.38300729502941522 1077.4536193412286593 0.107745361934123 23134.173821745927853 77.627828439967231589 -8881.9219927327285404 8.6633042503198716133
153500 303.59259981203427969 763.66028128380980888 0.076366028128381 23128.550502924714237 80.329240848474697145 -8886.5630367168814701 8.6654105873269635651
153600 295.53274976161287668 -2553.1685013160131348 -0.255316850131601 23163.033150747101899 78.196640658932039969 -8887.3925898264133139 8.652510450303694256
153700 286.21948676996134964 2856.9357051926631357 0.285693570519266 23105.34389402501256 75.732393024421995165 -8884.1733093766870297 8.6741139762649410727
153800 302.93010478706497679 -938.90971348795028462 -0.093890971348795 23147.3470500368785 80.153947634955571289 -8886.1175714139790216 8.6583739365177443403
153900 295.32403328844389989 -1194.3461862166823266 -0.119434618621668 23158.113123077342607 78.141415215846095066 -8883.1511544844979653 8.6543487084813843779
154000 301.24624053985348837 2838.7958383588675133 0.283879583835887 23105.284597177029354 79.708404704218352776 -8884.4814017606931884 8.6741362373029176069
154100 303.46963173882824094 -2549.5313163777059344 -0.254953131637771 23169.683483112905378 80.296704047592996289 -8885.8840453756856732 8.6500269433393004448
154200 293.06640777619452365 737.4173494291874249 0.0737417349429187 23129.224582187638589 77.544057626657732385 -8885.7307190278988855 8.6651580421730667325
154300 292.27315795146273558 963.71297048954784259 0.0963712970489548 23118.185359357092238 77.334167279319416366 -8887.8751584316269145 8.6692957635816689788
154400 292.33388054089130037 -2283.1920593954801006 -0.228319205939548 23166.533844962308649 77.35023420425162044 -8885.744892465929297 8.6512029697162606823
154500 296.04478941582033258 2443.1197907332007162 0.24431197907332 23111.135315272204025 78.332124055866842127 -8884.5124978994317644 8.6719403293498338314
154600 298.34561220014967375 -962.64292248046081113 -0.0962642922480461 23155.660444939021545 78.940911449586181448 -8884.6375703149515175 8.6552653885272494705
154700 294.13541486541112135 -467.49794960735789573 -0.0467497949607358 23152.519626531506219 77.826912109907908643 -8883.0459906098512874 8.6564395422389281975
154800 303.0413492475631756 2025.9402343030596967 0.202594023430306 23116.495581911196496 80.183382420473904517 -8884.244131714292962 8.6699294747080450918
154900 303.34882044956555092 -2164.7637846861334765 -0.216476378468613 23172.864582082154811 80.264737922073450704 -8883.9849265023585758 8.6488394944722877256
155000 302.62510027576695393 1077.0947040541932438 0.107709470405419 23127.768967596202856 80.073244808657776161 -8884.9976325188217743 8.665703409540794766
155100 292.56871993294981849 352.89388242912207261 0.0352893882429122 23136.302410626693018 77.412371654561866308 -8885.0175060150595527 8.6625072079588818497
155200 291.22709610485401299 -803.3645203977574738 -0.0803364520397757 23148.100398159102042 77.057384004395530042 -8885.6285992295106553 8.6580921522834266568
155300 302.27405223076601715 1853.4997042293230152 0.185349970422932 23119.782737887220719 79.980359069763849789 -8885.5275869264387438 8.6686967896604567585
155400 305.1361077166371274 -2296.7704148881098263 -0.229677041488811 23172.90679647433717 80.73764612020111997 -8884.5810572908831091 8.6488237387664739231
155500 305.34291722841368255 386.92488131519331773 0.0386924881315193 23137.524793700154987 80.792366989851899461 -8884.8642370415873302 8.662049557355407714
155600 302.65454471300552086 840.41354350365782011 0.0840413543503658 23128.820577381382463 80.081035674746232189 -8885.4238171650849836 8.6653094016202238947
155700 294.72835520287651434 -1978.0752683460032131 -0.1978075268346 23162.068368165608263 77.98380146494001508 -8885.7219165301285102 8.6528708581582929327
155800 289.22468963016854104 2282.035678239214576 0.228203567823921 23108.738846090418519 76.527556228352423773 -8886.0692613424507726 8.6728396444480733152
155900 299.50463069531815563 -406.43150386628553861 -0.0406431503866286 23142.978605681906629 79.247582547313427881 -8886.2430000721178658 8.6600082820957560159
156000 312.74928756747436864 -1954.2654455087338192 -0.195426544550873 23162.487881383469357 82.752059377438953902 -8886.316249679939574 8.652714139514076308
156100 307.29251571914119268 1846.5838254620650787 0.184658382546207 23117.23733539404202 81.308222010087689569 -8884.9619603775063297 8.6696512861732060173
156200 292.4680045960571988 -1360.2063028232244051 -0.136020630282322 23164.580919968961098 77.385722827945556901 -8883.4855233602975204 8.6519323224535487071
156300 296.57541305767341555 659.79312043047673342 0.0659793120430477 23133.752192091811594 78.472524692617213304 -8885.870288182686636 8.6634621454137690222
156400 296.24989735270020219 555.51997006443934879 0.0555519970064439 23136.719765560021187 78.386394696428425277 -8885.6971589509812475 8.6623509481193341486
156500 307.04904869185071448 -1579.9249081558164107 -0.157992490815582 23163.494697509064281 81.243801726174353917 -8884.4771058349488158 8.6523380437547974253
156600 309.81788528891473788 1355.468243475905183 0.135546824347591 23124.634244587094145 81.976423476550792202 -8884.2528278677400522 8.6668781126552598693
156700 297.80716975159765525 -734.61473472250031591 -0.07346147347225 23151.797986304303777 78.798441991636423154 -8883.1111126767555106 8.6567093629673976807
156800 300.35699111493454438 -360.97263940973414265 -0.0360972639409734 23137.008365718938876 79.473113293054481687 -8886.2320768181180028 8.6622428980282979438
156900 299.99832772958529858 630.23766294927270337 0.0630237662949273 23125.544520748779178 79.378212569245377495 -8886.3797579625897924 8.6665369638215494774
157000 295.51946483959522993 -1018.2580040876102885 -0.101825800408761 23152.116985520890012 78.193125528124937773 -8884.8081479444135766 8.6565900873302386032
157100 301.54686431789883727 1167.5533784073425068 0.116755337840734 23124.719530177433626 79.787948408137140177 -8885.4086484977051441 8.6668461485998573579
157200 309.11847617587193326 -1117.4656068166557361 -0.111746560681666 23154.248428883547604 81.791362960820109151 -8886.2014602507515519 8.6557932127721404214
157300 301.3595851548839164 -915.48098533258530551 -0.0915480985332585 23154.047519565683615 79.738395181210520946 -8884.8713877319023595 8.6558683197057533221
157400 295.90014718532319193 2290.0012789661445822 0.229000127896614 23108.628819969111646 78.293852370135169849 -8886.2382173544847319 8.6728809380667559736
157500 293.53788649844705105 -2352.2697470623984373 -0.23522697470624 23165.0289031802713 77.668808782839420246 -8886.9046496412447596 8.6517650047073857422
157600 302.76959215363643807 1078.0365469235305227 0.107803654692353 23125.918637044505886 80.111476711758214719 -8887.0840771123876038 8.6663967621389019769
157700 302.14025329388164209 267.9004865235735906 0.0267900486523574 23143.450072699626617 79.944956470909630752 -8884.1786750348474015 8.6598318646530074716
157800 306.06823644983774102 -2651.0199027599637702 -0.265101990275996 23179.14224608227596 80.984283204100449893 -8884.9291436596140557 8.6464971080387922342
157900 301.96958440591771478 3814.1856434086571426 0.381418564340866 23093.375819545555714 79.899798248294573 -8885.2026077614209498 8.6786093104647772378
158000 298.33626693597045687 -3094.2374317675389648 -0.309423743176754 23171.125498328809044 78.938438734580913092 -8886.6744921338613494 8.6494886237625845382
158100 286.16905008208584604 822.46534634497686511 0.0822465346344977 23122.394945653308241 75.71904770292712783 -8885.9113644705212209 8.6677174604374656042
158200 288.49991755776477476 2335.8970466372948067 0.233589704663729 23098.471725061575853 76.335784787281681929 -8889.2293782926863059 8.6766946654794718796
158300 293.33606714525387815 -4317.9857047756750035 -0.431798570477567 23187.389570890078176 77.615408286778006186 -8887.3510221392461972 8.6434217092371419255
158400 306.32895411767594851 2938.0188543112253683 0.293801885431123 23098.003828909284493 81.053267930164906829 -8887.6610758244714816 8.6768704292415126389
158500 299.98899646982249578 -1507.7507769489332077 -0.150775077694893 23159.63201867729731 79.375743559745913558 -8884.5486365476390347 8.6537811238080539766
158600 302.75459707526022157 -1480.0241762055750314 -0.148002417620557 23161.983806967986311 80.107509081245581228 -8883.7383807333335426 8.6529024485923731191
158700 300.50512509423566598 3357.3946751421108274 0.335739467514211 23103.898643346507015 79.512308879865528866 -8883.2270685642579338 8.6746565803207840162
158800 298.69993957808077312 -2677.3026133538496651 -0.267730261335385 23174.124549945183389 79.034664885271567414 -8884.4044112113970186 8.6483692605356381478
158900 292.87851589477787684 1145.716813274484366 0.114571681327448 23123.693885883418261 77.494342277188962953 -8885.8152222750595683 8.6672305638815725359
159000 296.89211589929732327 988.50621008167240689 0.0988506210081672 23122.304457698439364 78.556322844673459826 -8886.819803584156034 8.6677513811060489246
159100 294.48579177736314705 -2397.9117166936412104 -0.239791171669364 23169.513927266136307 77.919620270005893303 -8884.1668707045482734 8.650090244738180445
159200 305.11265600889231564 3077.4234646624659035 0.307742346466247 23102.539461782038416 80.731440903470186754 -8884.4454327702133014 8.6751669325840730096
159300 300.86683318677324905 -2350.1638119868916874 -0.235016381198689 23174.576491553161759 79.60801521954667237 -8884.0630029123058193 8.6482006033905367559
159400 298.54671563482742158 435.85889178904540131 0.0435858891789045 23137.408836260652606 78.994122516818009672 -8884.7679817754196847 8.6620929688322334528
159500 301.54152442951243529 1925.2473724122860403 0.192524737241229 23108.779059487522318 79.786535497609804679 -8887.1067701889187447 8.6728245521602573831
159600 292.93532983942230885 -3435.6504771275963321 -0.34356504771276 23177.268311275744054 77.509374992234455704 -8886.2529463072733051 8.6471961969766137912
159700 298.59039662470240728 3274.7247957204926934 0.327472479572049 23098.374698759173043 79.005680310908971364 -8885.5046564510412281 8.6767311125287314155
159800 300.24418928945328844 -930.84222479574236786 -0.0930842224795742 23156.822845932962082 79.443266435743595366 -8883.0271728079878812 8.6548309209339446824
159900 307.64711509321870153 -1442.5574617091026539 -0.14425574617091 23160.783021534152795 81.402047414733999631 -8884.4558371985094709 8.6533510637886301708
160000 305.36989647431624917 2181.1004336219607467 0.218110043362196 23111.535267400311568 80.799505577364769238 -8885.8041846868018183 8.6717902587920185908
160100 295.38541967617879891 -2523.5280577048033592 -0.25235280577048 23168.712022430059733 78.157657778834206397 -8885.7710367448398756 8.6503896376950706326
160200 294.82438285044179338 1525.3372040924550674 0.152533720409246 23119.682782763280557 78.009209949976082044 -8885.887166064207122 8.6687342677119580969
160300 296.51798084935171573 441.84440100731887924 0.0441844401007319 23131.833347626510658 78.457328387774495582 -8884.9879208726288198 8.6641808016542078974
160400 294.60412070101619975 -1736.5258067401748576 -0.173652580674017 23164.044724182716891 77.950929572714031224 -8883.1843168557388708 8.6521325953208041426
160500 304.71072772207918433 2585.9670808900277734 0.258596708089003 23112.297825065186771 80.625092480698299369 -8883.7723653148350422 8.6715041453047270181
160600 297.86631080928242454 -1603.2093286703118338 -0.160320932867031 23166.475941711210908 78.814090450359515216 -8882.4128279018077592 8.6512245928918840576
160700 295.47453920187012955 616.50489145099288635 0.0616504891450993 23128.116504317982617 78.181238405792811363 -8886.3121421553805703 8.6655731935694984003
160800 295.28511308079339415 672.361515505354987 0.0672361515505355 23126.696257224706642 78.13111710338826299 -8886.6680474183031038 8.6661053601618576181
160900 294.35169149776686481 -998.95841408005765061 -0.0998958414080058 23153.320881445481064 77.884137937221083803 -8884.2387453818664653 8.6561399733452795147
161000 303.95422987368465328 1418.6041105686933861 0.141860411056869 23123.040840669731551 80.424926541532911983 -8884.6536285589099862 8.6674753454167809963
161100 299.86824390037105559 -1049.1539667596796335 -0.104915396675968 23157.839001289030421 79.343792971225170163 -8883.6669302527698164 8.6544511509219130829
161200 303.66440300003586117 399.2196592077438595 0.0399219659207744 23137.837806844552688 80.348239650112944332 -8884.7253615539157181 8.6619323754738726251
161300 290.47346816604135711 190.24804285539212856 0.0190248042855392 23138.055305802889052 76.857977430439177624 -8885.0910566162892792 8.6618509528459135538
161400 287.32084742270825473 -130.51036286858303015 -0.0130510362868583 23141.379825820997212 76.023808115535260299 -8885.8673798595536937 8.6606065803364362665
161500 297.48804453152627048 732.14677222430930215 0.0732146772224309 23126.334428532121819 78.714002889102943072 -8886.2445106503819261 8.6662409478219757375
161600 294.55802920571056802 -611.41954731573241588 -0.0611419547315732 23147.769523070750438 77.938733969692862047 -8883.5866687062480196 8.6582159113783578874
161700 306.63993436328593134 563.97217536486630252 0.0563972175364866 23129.528475554670877 81.135551908971336843 -8885.6732527076928818 8.6650441927248991192
161800 296.66694843173496565 -392.55465344439409137 -0.0392554653444394 23148.523620982199645 78.496744542223879648 -8883.4280275227429229 8.6579338569958608218
161900 299.63025624703664107 -69.439757098349218722 -0.00694397570983492 23140.990102990486776 79.280822505095557062 -8885.9350908153792261 8.6607524356388854159
162000 292.28594985192609101 842.96700602030023219 0.08429670060203 23125.99004867991971 77.33755195883357203 -8887.2161131763205049 8.6663700008385369244
162100 292.61728724550931702 -1107.9727184372345619 -0.110797271843723 23151.545589573441248 77.42522234772886236 -8886.2711101398508617 8.6568037378822282335
162200 297.79437468095414943 947.87690504376655554 0.0947876905043767 23130.148846466738178 78.795056473306829048 -8884.8129275817263988 8.6648117886273450239
162300 303.58213159820326155 -35.333479601928466707 -0.00353334796019285 23141.106904207019397 80.326471006025940369 -8885.3433489680246566 8.6607087218085681002
162400 299.57957964498001502 -1454.9530250252516907 -0.145495302502525 23157.67413783505981 79.267413703383951429 -8884.4647419514767535 8.6545127634439840136
162500 302.42460834770150768 1939.4334038603292356 0.193943340386033 23113.10096087979764 80.020195543334054378 -8885.6711323089202779 8.6712028272099619386
162600 294.0764363372175012 -1531.5231034893208744 -0.153152310348932 23158.367689141730807 77.81130665575952321 -8885.3151181312223343 8.6542535764098964535
162700 298.98691944004366405 -237.43731409407422461 -0.0237437314094074 23140.623316122189863 79.11059847016313995 -8887.3180019879891915 8.6608897115549030588
162800 297.58271015207486698 2163.1422033499111421 0.216314220334991 23113.54435136651955 78.739050987896604283 -8885.2993618313848856 8.671036486263563603
162900 303.73493950891264603 -2785.8164222271839208 -0.278581642222718 23181.450941294380755 80.36690329413352174 -8883.9218842889622465 8.645635983058937768
163000 310.41180654018387486 1950.3474285856918868 0.195034742858569 23122.03384664171972 82.133572376977767249 -8884.7746220059270854 8.6678528250091311236
163100 304.98847377278775639 -1023.6036224510938837 -0.102360362245109 23157.174031974780519 80.698582840528857218 -8885.0493509335083218 8.6546996676208447496
163200 302.59840844807246185 -1351.1715656213332295 -0.135117156562133 23153.758756389033806 80.066182270714207903 -8885.982171177807686 8.6559762717691306477
163300 292.66370633318638284 2787.9273702642221906 0.278792737026422 23107.974174072696769 77.437504630222846913 -8883.5144880229090631 8.6731266396532920027
163400 291.48486907184923211 -1566.6259020637794492 -0.156662590206378 23163.570257749557641 77.125589575818565891 -8883.1653181584988488 8.6523098195762209173
163500 308.45714685527497068 397.47941660225416172 0.0397479416602254 23132.981971502500528 81.616378187451843473 -8886.8531394913770782 8.6637505983649418795
163600 308.05975989681098781 544.28925101758647997 0.0544289251017586 23137.816542357846629 81.511231379801529329 -8884.7232630194539524 8.6619403361016829024
163700 305.81629354042399882 -1819.8519789333815879 -0.181985197893338 23173.672283383617469 80.917620239776240965 -8881.9622629134973977 8.6485380455335771899
163800 301.93564284801107078 2025.3575125675652089 0.202535751256757 23123.009956254667486 79.890817464238764956 -8883.0878713259535289 8.6674869221927544061
163900 300.80409404252486638 -430.24964301676510559 -0.0430249643016765 23145.380195998430281 79.591414723249741314 -8885.5866255184337206 8.65910971003277119
164000 293.74164668952306556 -967.90449232451987882 -0.096790449232452 23153.202674300133367 77.722722815903495075 -8884.2194761718274094 8.6561841666955636754
164100 295.42642885038117129 2323.166191188920493 0.232316619118892 23114.329116849738057 78.168508622476451819 -8884.0948857868188497 8.6707420918165638568
164200 299.63511245826396134 -1481.2012420383689459 -0.148120124203837 23163.615160162229586 79.282107436815010715 -8882.9347395457225502 8.6522930471690049359
164300 307.09894091597493571 153.41639987848634519 0.0153416399878486 23142.642887775145937 81.257002985001548723 -8882.4567932287591248 8.6601339081907138251
164400 303.48047771071713896 1538.674025133052055 0.153867402513305 23123.974847785830207 80.299573843130303885 -8882.9448050239552686 8.6671252549282495892
164500 296.02046342624669251 -1584.4707502472572287 -0.158447075024726 23154.848584990399104 78.325687508083561283 -8885.0739934506618738 8.6555688611795478238
164600 306.02059460715457817 832.01893343040705986 0.0832018933430407 23125.717445889804367 80.971677386113682928 -8887.4513701155265153 8.666472158821221683
164700 304.64317195169394381 -487.24710596811934238 -0.0487247105968119 23146.270532912731142 80.60721752671938134 -8885.7763178502864321 8.6587766315349252721
164800 296.23280656493932383 -480.28000770947221554 -0.0480280007709472 23153.671122688450851 78.381872550608051142 -8882.1966422363220772 8.6560090335384760607
164900 303.31700573336087245 1989.2737392455499048 0.198927373924555 23122.549284555396298 80.25631989079694506 -8883.4128223012921808 8.6676596049657366194
165000 292.54869592775486353 -1288.08047549779576 -0.12880804754978 23161.910342150495126 77.407073392558601199 -8883.3353328818011505 8.6529298938198948576
165100 292.59965048277535971 710.31168371090541314 0.0710311683710905 23132.928482621806324 77.420555739378329463 -8885.5266975895883661 8.6637706310349287264
165200 290.57055450254500784 1479.5813333418732327 0.147958133334187 23125.115230791678187 76.883666039822031735 -8884.3244113840064529 8.6666978476590692537
165300 291.56878218644339995 -1420.7890201725961106 -0.14207890201726 23164.80932657073572 77.147792609742168679 -8882.4279706389643252 8.6518470138100500577
165400 310.00392157769124424 1874.6149215714794991 0.187461492157148 23123.749706721871917 82.025647844525963137 -8883.2911025022040121 8.6672096411470125332
165500 305.86299226425802544 -1281.5040439761005473 -0.12815040439761 23163.955244407603459 80.929976512743706962 -8882.54732471846728 8.6521660175438537266
165600 304.74392881952832113 -537.80848571229068966 -0.0537808485712291 23151.658108428080595 80.633877342236687014 -8884.3213261112796317 8.6567616651444208031
165700 294.67600946076271384 2290.5502562061869867 0.229055025620619 23113.542801600906387 77.96995101625235236 -8883.905080771077337 8.6710370676575241333
165800 297.37270276795413793 -2455.2103722335546081 -0.245521037223355 23168.57597317904947 78.683483975560221779 -8885.4024394984371611 8.650440434042351967
165900 300.65820699465132293 1123.6439391368382985 0.112364393913684 23122.669836888060672 79.552813664421023532 -8885.9927414578414755 8.667614415262665517
166000 301.5592519663814528 1134.6514040131592083 0.113465140401316 23130.247882507414033 79.791226124389524443 -8882.8981947606935137 8.6647746887805521254
166100 302.40822625980240446 -2493.6042240318624863 -0.249360422403186 23183.597620916734741 80.015860916319880403 -8881.4086781548830913 8.6448354424832007936
166200 301.63767985949783679 2865.7722004637639657 0.286577220046376 23115.073846754698025 79.811977793301366546 -8883.0960353704722365 8.6704627346759899353
166300 291.69999147505200199 -604.70011851501340061 -0.0604700118515013 23154.325489046605071 77.182509999272497225 -8883.1642061152779206 8.655764405332394773
166400 298.44205997893686799 -949.29317289346226971 -0.0949293172893462 23151.201976663869573 78.966431099460038467 -8885.2263683567070984 8.6569322231990160077
166500 302.48013991953831692 2144.9108713233335948 0.214491087132333 23111.830331261648098 80.034888948283764876 -8886.0197409060638165 8.6716795478754971072
166600 304.87420872024142682 -2761.6462475973794426 -0.276164624759738 23175.934290188833984 80.66834881989647954 -8885.0315190367691685 8.6476939349286201519
166700 313.89061404236116459 682.180987544940308 0.068218098754494 23136.621362940495601 83.054049245916260702 -8884.5696678215208522 8.6623877900597019419
166800 304.14852992698621392 1178.5234083344846567 0.117852340833448 23132.630861887988431 80.476337464553424184 -8883.0823109809825837 8.6638820977240502685
166900 293.28474083325210131 -2075.424478311549592 -0.207542447831155 23171.576365321161575 77.601827574727678893 -8883.6473847496417875 8.6493203240811258325
167000 294.98211892665739242 2638.9986169170265384 0.263899861691703 23107.427162683983624 78.050946208582715258 -8884.4827148334006779 8.6733319545511502469
167100 299.66526260527302838 -1144.5738840915530545 -0.114457388409155 23147.293411074111646 79.290085030544929623 -8885.7778345376718789 8.6583940004703165982
167200 294.98624551105933733 -128.20720995727080549 -0.0128207209957271 23143.063933956862456 78.052038084315228161 -8883.7288825427422125 8.6599763527207205271
167300 309.88998660056478229 1488.3592238081637333 0.148835922380816 23121.097105626387929 81.995501160369883564 -8884.7199990106801124 8.6682039992297568176
167400 305.00749361815007887 -2367.4748273811173931 -0.236747482738112 23176.956140739257535 80.703615406342251504 -8882.4096382885618368 8.6473126661048080877
167500 304.13692604007218279 1983.8281748425242768 0.198382817484252 23117.040736808190559 80.473267128098342482 -8884.6451007943032891 8.6697250171148994013
167600 297.88600450823400934 -322.80611108603517323 -0.0322806111086035 23148.471374670487421 78.819301314811610837 -8884.7345166471459379 8.6579533980318004183
167700 303.15117659261278504 -1520.342316478702287 -0.15203423164787 23156.550816861130443 80.212442243597720903 -8886.289172870639959 8.6549325926224831562
167800 297.68304160225227406 2348.4138018507369452 0.234841380185074 23113.355887412541051 78.765598239809094139 -8884.1652587754688284 8.6711071890134920892
167900 298.95679729886882114 -1357.176201980412543 -0.135717620198041 23170.39031184751002 79.102628286651409439 -8882.4395887663849862 8.6497630683023949416
168000 305.11233661315912968 341.00466217205661223 0.0341004662172057 23151.483135348833457 80.731356392791099097 -8881.7425303926593187 8.6568270907690347826
168100 308.39523115336891124 1130.7766448420579763 0.113077664484206 23137.990073695516912 81.59999557030704409 -8882.5873747780096892 8.6618753728923216784
168200 295.7261581713133296 -937.69832311717834727 -0.0937698323117178 23157.452201900323416 78.247815657053095606 -8883.7684118862016476 8.6545957063931098219
168300 295.37393935015916213 947.55412834900482721 0.0947554128349005 23128.99218983589526 78.154620136037834754 -8884.9536515354702715 8.6652451067731632861
168400 292.63785318754628406 456.3384300677366241 0.0456338430067737 23137.048264630935591 77.430664003790923289 -8884.3459393527409702 8.6622279603377538848
168500 297.41077401669707569 -846.79084632199635507 -0.0846790846321996 23154.097459476750373 78.693557457297146129 -8883.9760965894420224 8.6558496502976787212
168600 310.31528456206831379 1248.4443237984989992 0.12484443237985 23129.306330190098379 82.108033094294270882 -8884.7028039304132108 8.6651274161200912971
168700 305.37293795637879157 -1633.9544422716778627 -0.163395444227168 23165.460492890575551 80.800310339882983612 -8884.4845301204622956 8.6516038159085209003
168800 301.47706181149101212 599.72994257549578379 0.0599729942575496 23131.975523009532481 79.769478977879174408 -8885.3501232460239407 8.6641275492537452863
168900 289.99263584748803169 1069.6514247709553729 0.106965142477096 23131.415294331567566 76.730751354610205794 -8883.1499923199371551 8.664337389104046494
169000 296.01191057915531246 -1220.1810683646658617 -0.122018106836467 23161.986462638589728 78.323424463087178538 -8884.2521884104826313 8.6529014564814978883
169100 310.63400600046139743 1380.9137434628382834 0.138091374346284 23121.367648510142317 82.192365358005901044 -8886.6318484680632537 8.6681025726644005402
169200 303.0774661530063554 -1546.9933640788920002 -0.154699336407889 23161.831112015024701 80.192938791735400628 -8884.0785369476798223 8.6529594930689519572
169300 307.40285672574964337 -257.39347419462825428 -0.0257393474194628 23139.85815268094666 81.337417745757136345 -8886.2504078556885361 8.6611761003534954995
169400 295.79427496534674447 1310.8227777849224367 0.131082277778492 23122.274793356831651 78.265839055374144095 -8885.9211682526911318 8.6677625012549199823
169500 286.27010436398677484 -955.99264275491395892 -0.0955992642754914 23152.127088506869768 75.745786212873085219 -8883.8742382625823666 8.6565863098195183767
169600 301.96727920492020303 1276.4573977766931421 0.127645739777669 23126.596340789976239 79.899188302445281806 -8885.2252758484009973 8.666142801311337962
169700 300.36370553793153704 -205.4812822543471782 -0.0205481282254347 23149.790484616634785 79.474889899277485483 -8882.4906157774603344 8.6574600548005413714
169800 304.45188493745905589 -1285.93306015481744 -0.128593306015482 23159.897740900556528 80.556603840327909438 -8884.4121752548471704 8.6536818357202758278
169900 303.3557617075113626 2369.3496837341840546 0.236934968373418 23112.602638321739505 80.266574547806968098 -8885.7312659127164807 8.671389783912411886
170000 297.48792414682520757 -2317.674133029222503 -0.231767413302922 23168.858869537292776 78.713971035850747171 -8886.0863282804475602 8.6503348104503672289
170100 297.15267634313670442 684.33005066054738563 0.0684330050660547 23128.916780206614931 78.625265969972687685 -8886.2863324082536565 8.6652733589791495206
170200 302.17713580061791845 1504.1272446915297678 0.150412724469153 23120.229017166617268 79.954715416840954845 -8884.8267854609021015 8.668529461743689879
170300 307.67248068935651872 -3296.9816844503120592 -0.329698168445031 23190.576847472268128 81.408759037753412713 -8882.5606592993262893 8.6422337708867917883
170400 306.09115329237243941 2948.0113383951243122 0.294801133839512 23109.28747455075063 80.990346897894681888 -8883.9038724127967726 8.6726337459898843463
170500 292.50942698504144346 -888.69586983752196829 -0.0888695869837522 23157.647748708386644 77.396683006366558288 -8883.1268509195087972 8.6545226256301646117
170600 298.28506032936297743 -608.98156436189481155 -0.0608981564361895 23144.731196976968931 78.924889696041262255 -8885.8703431822250423 8.6593525192354654507
170700 307.94947371845540829 1668.1215460686605638 0.166812154606866 23110.392226110590855 81.482050151441981711 -8888.1358448909559229 8.6722191660223497678
170800 296.53808173256055625 -2841.8791885738655765 -0.284187918857387 23178.75255833562187 78.462646991355583737 -8883.2402925375645282 8.6466424753947794812
170900 306.18550220544108242 2652.1698133851627972 0.265216981338516 23117.607164568464214 81.015311197309017643 -8881.8371379766085738 8.6695125914564528102
171000 313.14785910995198037 -1200.3265869417252816 -0.120032658694173 23157.560648226059129 82.85751962070855825 -8884.5178616697303369 8.6545551771197821722
171100 298.68282150903689853 -1396.7206976319721434 -0.139672069763197 23157.831305197592883 79.030135520946032557 -8883.5522585261169297 8.6544540270741094901
171200 292.93111133421962222 3481.6798559648618721 0.348167985596486 23095.858820609926624 77.508258794670155112 -8883.3538128509590024 8.6776762862233951523
171300 301.44768729147318709 -2670.4896786949734633 -0.267048967869497 23168.24140074117895 79.761706611573870873 -8885.8912840135544684 8.650565355001807788
171400 300.65012066172278082 812.76814906571053143 0.0812768149065711 23130.598929237559787 79.55067405698066807 -8885.3826187383237993 8.6646431858812427151
171500 301.65854898720129995 994.34668581282687683 0.0994346685812827 23132.183667967390647 79.817499670931539413 -8883.7253068771424296 8.6640495888463107121
171600 305.31318867465097355 -2396.6408978528083935 -0.239664089785281 23177.762965839301614 80.78450094780488655 -8882.9953184301193687 8.6470116504754219733
171700 297.42718757566632348 3013.2212970216146459 0.301322129702161 23109.996942792349728 78.697900411415389499 -8882.8497588434947829 8.6723674993854800164
171800 299.75306937465762758 -1111.9866546320038196 -0.1111986654632 23152.41208121591626 79.313318308070094531 -8886.0698203043211834 8.6564797522835323917
171900 296.96146750437526407 -983.29380933559718869 -0.0983293809335597 23151.145966971940652 78.574672968461015898 -8885.7585317792145361 8.656953166961693924
172000 303.79837069704097985 1708.754393609114004 0.170875439360911 23117.559309213316737 80.383686902138521191 -8886.76480811255351 8.6695305381003198164
172100 300.44170928197655712 -2079.047937827748683 -0.207904793782775 23166.676164233933378 79.495529340246577021 -8884.9838608451264008 8.651149822993934535
172200 299.94190306795820788 774.75873617347065192 0.0774758736173471 23133.494762249629275 79.363282856741051319 -8884.3152044091402786 8.6635585525375411464
172300 303.60132866845941635 914.36302274793183642 0.0914363022747932 23127.909891741725005 80.331550464751714458 -8885.1479711878419039 8.6656506072402823548
172400 301.06762796283010175 -2152.2722182513657572 -0.215227221825137 23165.569506976225966 79.661144617091196096 -8884.981959136435762 8.6515631026129078407
172500 304.83484335545978183 1896.8871770014673075 0.189688717700147 23119.43829703405936 80.657932920857462022 -8886.0381686167456792 8.6688259387029056313
172600 295.58172359332087353 -983.29368909539266497 -0.0983293689095393 23157.346979480465961 78.209598915243233819 -8883.6654402527092316 8.6546350311699900004
172700 301.94066201891013179 -797.95874395857697436 -0.0797958743958577 23150.747298957216117 79.89214551435678402 -8884.7750688442756655 8.6571022442371727834
172800 297.59968359163036666 3236.5724782518482243 0.323657247825185 23103.470941633881012 78.743542083907925644 -8883.2179649633526424 8.6748171694151761102
172900 300.46644036794759813 -3451.8635288301534274 -0.345186352883015 23183.599770937107678 79.502073074720485124 -8884.932690528465173 8.6448346407711067485
173000 300.66122027107223857 1901.8800865230596173 0.190188008652306 23111.813003881365148 79.553610963852932514 -8886.6992132747764117 8.6716860492040250818
173100 295.95174067375580762 173.43578555205448311 0.0173435785552054 23131.216097164291568 78.307503775871282414 -8887.1033032198920409 8.6644120030567677304
173200 302.74960124760798408 -3351.6628145598633637 -0.335166281455986 23178.764060903795325 80.106187207646016191 -8886.3472198152994679 8.6466381844587196781
173300 309.04073220739883254 3795.1784090041860509 0.379517840900419 23092.8543193377227 81.770792255302723106 -8885.035071390811936 8.6788052973487062047
173400 298.16722809458599386 -2751.2731507521179992 -0.275127315075212 23182.210539591338602 78.893711814982978581 -8882.8552261978329625 8.6453526964259559406
173500 300.92248436392640087 230.00610399875307621 0.0230006103998753 23138.548993409542163 79.622740271526879496 -8885.0263994082342833 8.6616661422742868837
173600 302.76358313233293984 2604.6114516809784618 0.260461145168098 23104.700002753281296 80.109886751660866366 -8887.0820501623093151 8.6743557100367993939
173700 293.95369280831664582 -5027.6793655268074872 -0.502767936552681 23196.420220900781715 77.778829268294302324 -8886.8028838224417996 8.6400567194840807161
173800 282.76525050203514411 4404.5950510617822147 0.440459505106178 23079.320662497619196 74.818417593908932872 -8886.2827359670081933 8.6838945274172179012
173900 290.60870346524086472 -108.21195139410025376 -0.01082119513941 23139.915932272091595 76.893760084322494208 -8885.8792592772770149 8.6611544736883256945
174000 298.30298875736406217 -2916.2032035541983532 -0.29162032035542 23179.102906182579318 78.929633477713892376 -8885.3039840228611865 8.646511782995382589
174100 303.75333555140525732 4391.3447660752472075 0.439134476607525 23089.12275837119887 80.37177080450419453 -8884.8854182720169774 8.6802079271247514214
174200 305.86813780569337951 -3978.3262623062419152 -0.397832626230624 23191.023213368211145 80.931337999939088945 -8884.6441831532902142 8.6420674307307496775
174300 298.20456629036181084 1309.2743100069408229 0.130927431000694 23125.789716966588458 78.903591334191219175 -8883.9085312531751697 8.6664450749774903926
174400 298.47537927776255628 1757.8663509738823905 0.175786635097388 23111.741884927803767 78.975247236552732488 -8887.3649991700149258 8.6717127335292687462
174500 294.28485138542691857 -3575.6127906130336669 -0.357561279061303 23180.325817175104021 77.866452343152516846 -8886.7914217495745106 8.6460556239927086608
174600 294.91040318003143739 3101.7708016657161352 0.310177080166572 23103.929787169981864 78.031970543540452923 -8885.4178374669500045 8.6746448869865435682
174700 293.987497875387362 -661.448109521192805 -0.0661448109521193 23151.970373599793675 77.787773937486846876 -8883.711469994399522 8.6566449059604622107
174800 294.26174078199170481 -741.82861105309393679 -0.0741828611053094 23154.326515523251146 77.860337381092676878 -8883.2728502124100487 8.6557640216054050342
174900 302.18275115535993791 2776.4951355901857823 0.277649513559019 23107.473672290274408 79.956201214531020582 -8884.704352337099408 8.6733144972877482815
175000 299.11864580096892041 -3167.9321856759756884 -0.316793218567598 23178.311495985853981 79.14545267471031309 -8885.2221889022657706 8.6468070131976499937
175100 289.31963308332996121 2315.1053933604835038 0.231510539336048 23107.606032799503737 76.552677840409870669 -8885.7570103476828081 8.673264816489055562
175200 294.7296653936436428 -151.6975890279537964 -0.0151697589027954 23133.289673822346231 77.984148135543179592 -8887.16872946130934 8.6636353594086461527
175300 297.92491085408778417 -1852.7567822949952188 -0.1852756782295 23161.893534548180469 78.829595759500179497 -8885.2463993329001823 8.6529361728835763046
175400 299.67456551885783256 2932.607838257198182 0.29326078382572 23107.453074921519146 79.292546539772786218 -8884.2851522147611831 8.6733222284494839727
175500 304.95424288165349935 -2179.7437583874479969 -0.217974375838745 23166.009331310797279 80.68952550019815817 -8885.4941867570341856 8.6513988460968107574
175600 295.1100392608325933 4.4356835378870584918 0.000443568353788706 23142.520380468526128 78.084793355514946711 -8883.9696568166637007 8.6601797514982976622
175700 298.50996603188133349 1532.7360354119787189 0.153273603541198 23118.816449997510063 78.984398736633750104 -8885.9467381032936828 8.6690591116999762278
175800 290.77582909381607124 -2108.1252483697116986 -0.210812524836971 23163.908940690078452 76.937980776388386062 -8885.6593463763929321 8.6521833128739409347
175900 296.46258771293582868 2245.7182986111915852 0.224571829861119 23106.220508083213645 78.442671612216543053 -8886.2619368631712859 8.6737848938755757189
176000 296.15190727536111126 -907.99360051593691878 -0.0907993600515937 23156.517393314592482 78.360466961272138064 -8883.1077179689145851 8.6549450849388964713
176100 299.95829440045906722 -511.69464105318553493 -0.0511694641053186 23155.884857709290372 79.367619929835399262 -8882.5138915395582444 8.6551815069526440993
176200 302.19403288325361245 2182.6069116120802391 0.218260691161208 23114.951968385543296 79.959186309153608363 -8883.9805016026584781 8.6705084514855847999
176300 301.44237159604256249 -2518.8209785466483481 -0.251882097854665 23167.833004926527792 79.760300102394168675 -8885.7874460640487086 8.6507178446491828083
176400 293.86374472463927532 1544.8687946541658675 0.154486879465417 23120.966540743505902 77.755029408607171604 -8884.4687607638115878 8.6682529488719772814
176500 307.86929905917799033 -88.739891686662474513 -0.00887398916866625 23137.162246006762871 81.460836296035012083 -8887.2820203589071753 8.6621852873145819274
176600 302.13316767558916354 -2422.3738998705075574 -0.242237389987051 23166.855907796936663 79.943081648075576595 -8885.4010778999690956 8.6510827017367617486
176700 301.36414321470539335 3236.3876060428005985 0.32363876060428 23099.691472968126618 79.739601223404662278 -8884.1384786202052055 8.6762365043751827898
176800 302.83294101863145897 -2589.3296618471108559 -0.258932966184711 23182.616070672553178 80.128238537431215605 -8882.1849598111311934 8.6452014641743506473
176900 313.40233782685328379 583.44864952901377819 0.0583448649529014 23143.230089084227075 82.92485354832548694 -8883.6086005348461185 8.6599141790540237196
177000 302.99453329695086268 1203.0384579272838437 0.120303845792728 23130.169773019391869 80.170995129826451375 -8884.0770145940805378 8.6648039493143667045
177100 300.94543380793550114 -2429.4519181702285096 -0.242945191817023 23168.065673480828991 79.628812591525075959 -8885.5608011276272009 8.6506309685999269732
177200 297.42560960447957541 2284.1704764317892113 0.228417047643179 23112.173313505973056 78.697482887313711331 -8885.2633288801262097 8.6715508610543547974
177300 295.37410568563183233 -1062.4774848662455042 -0.106247748486625 23159.696217922566575 78.154664147658195361 -8884.187304303595738 8.6537571353147821895
177400 306.25777095504730596 -236.31619776946712363 -0.0236316197769467 23147.633394569875236 81.03443318446065291 -8883.9195180404603889 8.6582668293245763635
177500 310.83084961897003495 1324.0965835157976471 0.13240965835158 23130.804443898003228 82.244449296976938513 -8883.7184480399773747 8.6645662014768944914
177600 304.63561474844175336 -2536.7378365185863913 -0.253673783651859 23173.592780374299764 80.605217924619196879 -8884.376638609362999 8.6485677165823151569
177700 297.576594260014474 2300.8404563855328888 0.230084045638553 23108.360064357937517 78.737432750276099114 -8885.0220816562032269 8.6729818056926148984
177800 297.2379801789471685 -385.6195430107248967 -0.0385619543010725 23145.292483192137297 78.647836982495263669 -8884.7834824783421936 8.6591425251209024339
177900 300.54084173087670706 -1651.3423451027349529 -0.165134234510274 23159.321798276501795 79.521759341796453668 -8884.6671496657236275 8.6538970416864788859
178000 298.50941480298132547 2801.4075159443341363 0.280140751594433 23112.117964897333877 78.98425288393806909 -8882.8415042181804893 8.6715716275750018838
178100 312.5441837498117934 -1997.5044712846847688 -0.199750447128468 23167.814849622827751 82.697789826803784763 -8885.067029546287813 8.6507246237265658095
178200 299.00650892699007954 -538.97906066807718162 -0.0538979060668077 23153.419001906957419 79.115781760585861093 -8884.0071885437118908 8.6561032900179188943
178300 292.51161098612919886 2747.118005376338715 0.274711800537634 23109.339909418173193 77.39726088326310105 -8885.3006994881834544 8.6726140678682916985
178400 304.53490328421139566 -3098.1795054018080009 -0.309817950540181 23172.872808583932056 80.578570122691971278 -8888.0391786518866866 8.6488364240850259534
178500 296.35677761462079616 1202.6345276206980088 0.12026345276207 23127.964876701014873 78.414674734568620806 -8884.6312438345139526 8.66563000532185157
178600 306.06823878183564602 1188.5768914749974101 0.1188576891475 23127.425371074055874 80.9842838211366427 -8884.9491392476247711 8.6658321530349660122
178700 297.78561227338781237 -1914.6284648407877285 -0.191462846484079 23168.714385657658568 78.792737979548263638 -8883.0902850018064782 8.650388755348334513
178800 309.03603919911387266 1806.8197850011320043 0.180681978500113 23113.569692356399173 81.769550506350142882 -8886.4999035212640592 8.671026979612243224
178900 299.69449899019059558 -1891.6780998661929516 -0.189167809986619 23160.341436328297277 79.297820846921993621 -8885.2267198185181769 8.6535160523671166288
179000 297.40807130405289627 550.30428059045891587 0.0550304280590459 23130.387000192193227 78.692842331648265031 -8885.3568259454968938 8.6647225745036120514
179100 300.39396917725906633 669.32768301780060938 0.0669327683017801 23128.914181128769997 79.482897522566062776 -8886.0717395328010753 8.6652743327265486784
179200 299.25065738593724518 -1319.4624089532201197 -0.131946240895322 23160.581577917797404 79.180382348260579306 -8884.3484732908782462 8.6534263279751542086
179300 306.50820344524822758 1382.0255067876041721 0.13820255067876 23127.168358387531043 81.100696498632629527 -8884.6317134950040781 8.6659284566017547036
179400 304.61757033249512006 -761.42680049594957836 -0.076142680049595 23157.029294267365913 80.600443453056172416 -8883.9680279172462178 8.654753761838732018
179500 294.12682018154788466 -111.35156726539827332 -0.0111351567265398 23146.846184789781546 77.824637995089247511 -8884.2343623678007134 8.6585612915710647997
179600 300.27623912382074423 453.78988233302408162 0.0453789882333024 23131.815577228928305 79.451746678231884857 -8887.6386041526602639 8.6641874576789827955
179700 299.17445969573458342 -768.19944539658615668 -0.0768199445396586 23152.969671419792576 79.160220781041289229 -8886.355663202386495 8.6562712793153373525
179800 290.96742430083577347 919.72253423400036354 0.0919722534234 23134.704651209311123 76.988676009209044082 -8882.8142715901849442 8.6631054694313469611
179900 293.86864778727687053 482.9682218609125357 0.0482968221860913 23141.245168232624565 77.756326736999739069 -8882.8009697826473712 8.6606569759131435404
180000 300.92332053100091116 -881.3589135144222837 -0.0881358913514422 23153.504507043235208 79.622961517586105629 -8885.0646448133447848 8.6560713233110551101
180100 300.1502594498293206 1206.5924131556921566 0.120659241315569 23128.8595639017949 79.418413021283939202 -8884.8908362772508553 8.665294795181850418
180200 297.72528456909299166 -828.6499383179157121 -0.0828649938317916 23151.859573621233721 78.776775539452117414 -8884.70397123103794 8.6566863348602414163
180300 295.89722200854168932 367.85127094383386748 0.0367851270943834 23132.87075777534119 78.293078381472895444 -8885.5142686465042061 8.663792250263892214
180400 292.23510034401209623 791.21803479221784983 0.0791218034792218 23127.029991560753842 77.324097407007272409 -8885.2717126285242557 8.6659803040297234134
180500 301.65690798864721955 -969.76779204407080215 -0.0969767792044071 23149.976798550829699 79.817065470071028699 -8885.8912549998694885 8.6573903784696764063
180600 304.47127696890566995 524.01569292614919959 0.0524015692926149 23135.534140062452934 80.561734884910620735 -8884.5562445455634588 8.6627948671613932419
180700 306.92034452017736612 -350.59262958429974333 -0.03505926295843 23149.782210838820902 81.209747179354195623 -8883.8102334532959503 8.6574631489938376205
180800 300.05522291968571835 -254.18597914034921814 -0.0254185979140349 23145.369612270795187 79.393266781474295612 -8883.6262012426705041 8.6591136696005062134
180900 302.00071037575838773 695.88959262850107734 0.0695889592628501 23127.435939708662772 79.908034040370935713 -8887.5319936792620865 8.6658281929758480544
181000 293.63363091319024534 -1092.1981986159360076 -0.109219819861594 23152.81157753552543 77.694142325740543242 -8885.7380464066391141 8.6563303867608940578
181100 295.87708100137598421 979.35485762887503824 0.0979354857628875 23130.145550817334879 78.287749161272714105 -8884.0516766989549069 8.6648130232145526008
181200 300.85854111111643761 -27.597950884733087662 -0.00275979508847331 23145.704796140547842 79.605821173502789634 -8883.0448112253379804 8.658988272890663751
181300 301.80305308728048885 -700.03769090999867331 -0.0700037690909999 23151.918383413241827 79.855734807973874467 -8883.705695312937678 8.6566643454114888812
181400 301.18211597343230324 1362.4700216470714622 0.136247002164707 23123.071705718662997 79.69143763142560033 -8884.9017048325258656 8.6674637759309423046
181500 301.346007369455549 -1466.495049218414124 -0.146649504921841 23153.182382455841434 79.734802560057900678 -8886.0641159310125659 8.6561917531231387102
181600 297.62381542611183249 -160.00792859536781521 -0.0160007928595368 23142.574748086499312 78.749927259124248735 -8885.6410982517827506 8.6601594065993641181
181700 306.43455854467595145 861.08168807984316118 0.0861081688079843 23126.811519868115283 81.081210388104921094 -8886.3163984766233625 8.6660621688118091299
181800 305.73950088123530122 -2257.4698792946919639 -0.225746987929469 23177.181784884047374 80.897301246430615151 -8881.8016491281487106 8.6472284791881506294
181900 295.96846378291593282 3031.135440198296692 0.30311354401983 23116.50409329366812 78.311928635582262359 -8880.4671248223839939 8.6699262824828942087
182000 303.85974804757290713 -1068.0346136019852565 -0.106803461360199 23154.790999548731634 80.399927073923251442 -8885.5508032980869757 8.6555903873835955409
182100 300.16954520745463242 -1343.2775513061756101 -0.134327755130618 23155.902502517703397 79.423515946289981571 -8886.2684184927093156 8.6551749117003335954
182200 298.08119380447953972 2861.1674141171515657 0.286116741411715 23105.496384298494377 78.870947527528457499 -8885.9249226462634397 8.6740567293661765547
182300 304.67572217857821215 -3054.4651788222699906 -0.305446517882227 23179.68573928864862 80.615830170824267498 -8885.956639285406709 8.6462943739512816421
182400 306.46596414103777306 1134.5871071021613261 0.113458710710216 23134.0290100257007 81.089520168105153175 -8882.9196770754133468 8.6633584798702365504
182500 299.70020226770509453 1114.9669138071460566 0.111496691380715 23138.074205181703292 79.299329908583473525 -8882.0131750578111678 8.6618438777712576382
182600 298.89212532182307314 -2149.1081251538612378 -0.214910812515386 23171.657388686857303 79.085516371461537233 -8883.8118585304855515 8.6492900803643362195
182700 303.46807318261363662 2372.3454592239086196 0.237234545922391 23109.906401235362864 80.296291660605916718 -8886.0351486620202195 8.6724014765744197319
182800 297.4928856280786249 -1762.0494697199728762 -0.176204946971997 23160.369273670730763 78.715283821547160414 -8884.8512874765401648 8.6535056513719190718
182900 297.08998274308044074 285.37418445743992379 0.028537418445744 23133.348743021455448 78.608677524464809494 -8884.2251793475315935 8.6636132374924574862
183000 306.09718283095128299 1445.1831407928873432 0.144518314079289 23123.068245721089625 80.991942286771106296 -8884.8023797288751666 8.667465072878357546
183100 314.77991983971372747 -3292.71801504931409 -0.329271801504931 23185.927829239048151 83.289355572973335029 -8884.3125800009056547 8.643966628104001515
183200 301.1708205957655764 2813.4759629882642002 0.281347596298826 23108.9663917099424 79.688448925134252931 -8882.6882410771358991 8.672754246138323353
183300 298.39029335879149585 -503.76588349213687934 -0.0503765883492137 23142.93186604510629 78.952733883848907226 -8884.5628653291714727 8.6600257719126965128
183400 295.97286692967020372 -1869.1911438452627863 -0.186919114384526 23159.100192706733651 78.313093688473315979 -8884.868540414601739 8.6539798493849069416
183500 294.4272191702963255 3509.6024545444938667 0.350960245454449 23097.2892768513193 77.904122220767845874 -8884.1904432695391733 8.6771388622834848547
183600 302.19157047266304517 -2709.6994922223734648 -0.270969949222237 23179.391235222657997 79.958534766350780387 -8883.6084926918865676 8.6464042288142959336
183700 306.55362436233809831 707.49713807742591598 0.0707497138077426 23144.636346246395988 81.112714669664242706 -8881.8105876737499784 8.6593880067627040376
183800 319.22854938358852905 2376.1897174514442668 0.237618971745144 23122.964980710137752 84.466443006253371095 -8882.2000597978094447 8.667503780971218319
183900 301.07840888699882953 -4773.3188445732148466 -0.477331884457321 23215.48570041718267 79.663997201293355488 -8880.6713671105389949 8.6329611615219690179
184000 307.12592105559360789 5414.1040330968717171 0.541410403309687 23077.652407193276304 81.264141808987687909 -8884.4403724511939799 8.6845222755456710217
184100 292.45423302247195352 -2214.645408569724168 -0.221464540856972 23172.909102149958926 77.382078931315419368 -8883.6698720532240259 8.6488228782192724253
184200 303.35933217619196967 -2333.8208723236284641 -0.233382087232363 23161.292526549528702 80.267519277812780842 -8887.4334839280436427 8.6531607062875632863
184300 299.3816134056876308 5752.6824540064080793 0.575268245400641 23065.726518993920763 79.215032723986468 -8885.869390881358413 8.689012515280269966
184400 298.68443097345954129 -6214.0033595282156966 -0.621400335952822 23222.786151285774395 79.030561378016727758 -8883.4271134749997145 8.6302472533629934759
184500 298.42976644811642473 4046.794617010732054 0.404679461701073 23103.587468093610369 78.963178286319120502 -8881.0808718978405523 8.6747734166544869794
184600 306.43810612334226562 1565.9188881384234264 0.156591888813842 23127.343687610005873 81.082149061515579547 -8883.9494534640907659 8.665862759887128064
184700 303.24559797935222605 -5740.0393919701400591 -0.574003939197014 23212.118404737058881 80.237425719220439646 -8885.6704969111597165 8.634213513087603431
184800 307.80855565763215509 5311.9033484359533759 0.531190334843595 23070.227695323665102 81.444763864309891233 -8886.9955263435840607 8.6873172230629958079
184900 301.09737043721372629 -3261.6274712809386074 -0.326162747128094 23179.858043399559392 79.66901434247208158 -8885.5482183691747196 8.6462301029768013905
185000 295.0820711334176849 -238.38079230474946257 -0.0238380792304749 23146.598945842375542 78.07739311438726304 -8883.8957706252276694 8.6586537774513789856
185100 308.25840696332573998 2550.150537204995544 0.2550150537205 23103.864580938949075 81.563792503029787895 -8886.585296237066359 8.6746693695096581678
185200 298.9919269258578538 -3095.837033445135603 -0.309583703344514 23179.814835825523915 79.111923428460087848 -8883.8580463648286241 8.6462462196986109575
185300 300.37094164959535192 1800.0414412406496467 0.180004144124065 23120.346382595758769 79.476804541982900787 -8884.6576635955279926 8.6684854578320074125
185400 294.83295169218769161 153.74437625334499558 0.0153744376253345 23138.976140860278974 78.011477227086345465 -8884.7897524034578964 8.6615062471869119776
185500 293.67715451412601624 -1504.4964087981832108 -0.150449640879818 23157.212342835617164 77.7056584754237889 -8885.7765317204302846 8.6546853494468933832
185600 290.72523588935769112 2484.0889077114434258 0.248408890771144 23107.023050970608892 76.924594041307400971 -8885.3867482872883556 8.6734836398214287811
185700 300.52335688748718212 -1508.5677988685688433 -0.150856779886857 23160.009753343845659 79.517132930623375842 -8885.2105788272638165 8.6536399825407563924
185800 309.172674245364135 -815.20903082376446491 -0.0815209030823764 23155.152362279477529 81.805703527027773703 -8885.1468363236672303 8.6554553069604711624
185900 306.17867959691454871 1599.4373724203171605 0.159943737242032 23125.147187809692696 81.013505965679911469 -8884.3191370644399285 8.6666858710079797135
186000 297.87920933426909187 -2014.5845524753833615 -0.201458455247538 23166.06853491167567 78.817503342244521036 -8885.0085366093662742 8.6513767364339848598
186100 296.88416742370924339 1618.6235213090458274 0.161862352130905 23117.530344608538144 78.554219713667350788 -8885.7934624462959619 8.6695414003992734564
186200 294.8621577041845967 61.427985517079143563 0.00614279855170791 23139.656919027955155 78.019205006924764234 -8884.673358923089836 8.6612514221316860841
186300 305.11310424080454595 -1402.346584511488345 -0.140234658451149 23156.622011466613912 80.731559503624666263 -8885.9500457502581412 8.6549059831925276853
186400 300.22644639117231691 1522.3306487525919692 0.152233064875259 23123.183503130116151 79.4385717444031485 -8883.3871985220303031 8.6674218699358664963
186500 306.97323964008575103 -717.17118351368958429 -0.071717118351369 23153.001884459088615 81.223742990943350151 -8882.693632833123047 8.6562592357449918978
186600 305.92207260737569641 -68.358018543120252275 -0.00683580185431203 23152.151713176026533 80.945608906664546112 -8881.0494195246828895 8.6565771026591402659
186700 307.49910478802826219 697.88493876964105311 0.0697884938769641 23133.802851112926874 81.362884551538186884 -8884.9591378587756481 8.6634431739323147781
186800 298.62465925832970015 -1326.5847528677545597 -0.132658475286775 23162.10003193713419 79.014746050161036806 -8884.8001502533079474 8.6528590292427143282
186900 301.50358564301808428 636.11644888343278126 0.0636116448883433 23134.261531348282006 79.776497064789992919 -8885.9919512096730614 8.6632714048810903762
187000 297.63068522098348012 42.499116661079384016 0.00424991166610794 23141.967921810224652 78.751744976048712488 -8884.6614993635921564 8.6603864923987394775
187100 307.86527157923603681 -615.46925851789785611 -0.0615469258517898 23148.998642275008024 81.459770642898305937 -8885.5186352519867796 8.6577561947566703537
187200 304.62735408357985989 593.29500308667320496 0.0593295003086673 23142.786564885220287 80.603032189730825507 -8882.9411823913360422 8.6600801435755805358
187300 303.67522944954907871 -973.30666631103076725 -0.0973306666311031 23159.153089538656786 80.351104280117155554 -8883.9163773843138188 8.6539600831993404029
187400 301.97126506961353698 351.43124796982010594 0.035143124796982 23128.468323855824565 79.900242944373758291 -8887.0219359374950727 8.6654413768874150037
187500 300.55779315190056877 -304.31032397043549054 -0.0304310323970435 23137.301181590475608 79.526244611803008411 -8886.7783919808607607 8.6621332723557209476
187600 300.79090152697904159 -732.37229318975676051 -0.0732372293189757 23146.38477522082394 79.587924042780798572 -8885.4639831991880783 8.6587338948986314335
187700 300.54900700131207714 986.31119177947789467 0.0986311191779478 23131.769748923634324 79.523919835747236107 -8883.3069498774639214 8.6642046230334823775
187800 307.97369837073722465 -649.0004287474711191 -0.0649000428747471 23157.070657498581568 81.488459885832156715 -8882.0383614160818979 8.6547383026908004666
187900 310.23726364687797741 222.13504349360601964 0.0222135043493606 23153.894383594928513 82.087389109917097585 -8880.3811952645410202 8.6559255681658147097
188000 311.33323381672823871 90.080952194893370688 0.00900809521948934 23142.692037868400803 82.377377903422456029 -8884.9279215969218058 8.6601155159315723608
188100 296.89394300274040006 -1227.139757374482997 -0.122713975737448 23158.286188392870827 78.556806288053266485 -8884.140441213035956 8.6542840332468813358
188200 296.02424951841396705 2270.7999163724834943 0.227079991637248 23111.083201123881736 78.326689291097267187 -8884.7862245934720704 8.6719598840708567167
188300 301.25061472005381802 -1924.4106313383588258 -0.192441063133836 23157.124190764254308 79.709562092689097312 -8887.0836942499408906 8.6547182951803218742
188400 300.43487868330487345 16.431432810471452655 0.00164314328104715 23137.289673399016465 79.493721994460898372 -8886.2847287044642144 8.6621375807898353116
188500 300.0837972806596099 1631.7326446554525319 0.163173264465545 23123.873788384440559 79.400827429283836523 -8883.968282784368057 8.6671631332914529366
188600 301.83470504195571493 -2196.4411511585390144 -0.219644115115854 23175.605641790811205 79.864109773279366777 -8882.2722737028525444 8.6478165660607775322
188700 302.33769003506489526 2208.7999440186949869 0.22087999440187 23118.939935230657284 79.997197347481289853 -8883.1963989507094084 8.6690128076398167423
188800 296.09385822573398173 -104.34540256496042332 -0.010434540256496 23141.045715482599917 78.345107442985437274 -8885.8687038348398346 8.6607316221444374804
188900 294.33159413135138038 -2424.3854501150135548 -0.242438545011501 23169.651368905797426 77.878820264167757159 -8885.3412780860380735 8.6500389326762281428
189000 304.58087734651223855 3528.2121869843981585 0.35282121869844 23096.334811127038847 80.590734653466540749 -8886.262548490853078 8.6774974486867648693
189100 303.38920686055030274 -3193.5495148780169075 -0.319354951487802 23185.677979639778641 80.275423985360262691 -8884.1382066799505992 8.6440597757617947394
189200 309.4825723086910898 375.6518359375147611 0.0375651835937515 23143.447255177376064 81.887701165253744762 -8883.9499130851545488 8.6598329189155247576
189300 306.17411215286256265 2095.030091571198227 0.20950300915712 23120.835611481496016 81.012297440460457665 -8884.8601715907170728 8.6683020356775131177
189400 286.21360737310322975 -3553.432435155334133 -0.355343243515533 23189.674378453008103 75.730837362371758559 -8883.1713798115542886 8.6425700993797303084
189500 294.6025608702180989 4055.8972057032624434 0.405589720570326 23092.226942282413802 77.950516848477860776 -8884.7802469163107162 8.6790410859248652287
189600 295.91887490897096313 -906.7284886023397803 -0.090672848860234 23155.796499210340698 78.298807641852519623 -8883.6934044128138339 8.6552145336224928229
189700 300.43409858777914678 -1495.6840961364941904 -0.149568409613649 23166.907012759023928 79.493515584682100439 -8882.802759998716283 8.6510636179094202447
189800 309.72614318746303752 3094.4154058000276564 0.309441540580003 23103.790403053226328 81.952148927803492029 -8884.7730753069918137 8.674697220724629787
189900 289.72578778109863151 -2858.1494362776970775 -0.28581494362777 23172.656462902323256 76.660144552572816679 -8883.2559476811729837 8.6489171717720374488
190000 289.22860427688181062 2416.5575699514020016 0.24165575699514 23108.949783168947761 76.528592026322669994 -8884.5327218654238095 8.6727604792988852722
190100 294.9189562102809532 866.78881741617374246 0.0866788817416174 23129.750588209313719 78.034233636999658756 -8885.3521942926745396 8.6649609831822420603
190200 303.42613695205176327 -3041.4628307873317681 -0.304146283078733 23184.520626750829251 80.285195522007114732 -8884.2661884800472762 8.6444912803727707029
190300 301.24220762159779952 3427.6919036565072929 0.342769190365651 23103.064024602492282 79.707337612128213777 -8883.1049878740905115 8.6749699600080880657
190400 296.46236695323824506 -1082.5824459196753651 -0.108258244591968 23156.619108736314956 78.442613200190265843 -8883.3360902625900053 8.6549070681029682817
190500 296.30194551999625219 -512.12119585443542746 -0.0512121195854435 23150.808626290290704 78.400166408153395992 -8884.1737225823744666 8.6570793112588333429
190600 300.45350039181607826 2022.6454963003134253 0.202264549630031 23117.334666719692905 79.498649215048388328 -8885.8243564905133098 8.6696147841860700112
190700 294.02506747497460537 -2029.9951252923517586 -0.202999512529235 23165.620945301106985 77.797714685106171828 -8885.379424709455634 8.6515438921667620065
190800 299.80184347372812681 540.04293442618836707 0.0540042934426188 23126.659296104648092 79.326223716020834331 -8887.8315271288720396 8.6661192103663573505
190900 293.04389682983645571 1096.2187944936085842 0.109621879449361 23128.537547983250988 77.538101331172128994 -8884.4441212595684192 8.6654154410660595431
191000 299.88414286055467528 -1454.2958809377944362 -0.145429588093779 23162.287780972710607 79.347999764811774526 -8883.9506749786123692 8.6527888908369980925
191100 303.25468016764847334 1228.5507120216911972 0.122855071202169 23130.040177411305194 80.239828825526487321 -8883.3792704176757979 8.6648524974590355185
191200 307.63841869196573953 -609.05665781415348192 -0.0609056657814153 23150.318534269510565 81.39974638595003853 -8884.5592877904437046 8.657262581544614477
191300 299.12203735306331964 -711.97661901875551393 -0.0711976619018756 23144.88046102415683 79.146350064189533668 -8886.5037932818995614 8.6592966740560015637
191400 290.64941485046938396 1321.831820402957419 0.132183182040296 23120.016205075760809 76.904532134337301841 -8885.3543834728006914 8.6686092526860090146
191500 298.05851774159947354 -614.3279175782679431 -0.0614327917578268 23147.009404162010469 78.864947542951369996 -8885.3546952268006862 8.6585002363861924835
191600 298.45473476170189997 -39.477652727881881844 -0.00394776527278819 23143.990985164313315 78.969784790156268173 -8883.7098208570641873 8.6596294703900351664
191700 312.14610377841228228 235.52497203280842086 0.0235524972032808 23138.198613590106106 82.592459651037628987 -8886.3653571251852554 8.6617973051651251382
191800 305.95739607994619291 -1618.5347532273708566 -0.161853475322737 23163.438360664287757 80.95495533914503028 -8885.7136749523615435 8.6523590874969968922
191900 306.30675763432498115 805.27768019237214503 0.0805277680192372 23130.946021098869096 81.047394840181183895 -8885.9565929967211559 8.664513168409055055
192000 302.6420198414861602 -619.40960771824882158 -0.0619409607718249 23147.454336923514347 80.07772164989353314 -8885.6406329144883784 8.6583338055396481536
192100 301.33741657827249583 -749.41816637579881899 -0.0749418166375799 23143.923226600953058 79.73252947522497891 -8886.6581264218439173 8.6596548232244021648
192200 289.79686828079326233 896.82116209963658093 0.0896821162099637 23127.139251654560212 76.678952134124983786 -8885.486412159189058 8.6659393631329422192
192300 286.66189418693284097 281.81378575187602564 0.0281813785751876 23133.5454347370287 75.849452043558358127 -8885.2953481464537617 8.6635395755907165238
192400 294.96505381445797411 196.07115863167473435 0.0196071158631675 23138.616516443344153 78.046430856400803577 -8884.1189117470603378 8.6616408658289429923
192500 299.48596361232392837 385.92252625788171372 0.0385922526257882 23138.851056759514904 79.242643320841153809 -8883.513697959278943 8.6615530695947100526
192600 295.00870814291749866 0.95646625974285892635 9.56466259742859e-05 23145.129125570903852 78.057981596000772129 -8882.4385549268190516 8.6592036410869077656
192700 302.60848440501706591 758.46782371072958995 0.075846782371073 23130.748928149110725 80.068848323749364226 -8885.2112814250067458 8.6645869971667792697
192800 292.00788507583894216 -728.97697889317612407 -0.0728976978893176 23146.213651828762522 77.263977265696738073 -8885.7543717614826164 8.6587979102031358281
192900 294.51879110263746497 311.94389330529060089 0.0311943893305291 23132.939123166815989 77.928351743531393936 -8886.9922555756493239 8.6637666459277671294
193000 296.45720124050194499 645.38451820330033115 0.06453845182033 23135.163244001567364 78.441246375759078546 -8885.3486586326926044 8.662933746513944655
193100 302.91406559182803448 -1101.1134326201904514 -0.110111343262019 23159.344976973417943 80.1497037358025608 -8884.4084987408441521 8.6538883805582447195
193200 304.38068699929090144 756.28588649017808621 0.0756285886490178 23130.698806284060993 80.537765185082136554 -8885.1997902535367757 8.6646057724430392
193300 293.00148158821298239 36.213160015631387978 0.00362131600156314 23141.551941237812571 77.526878448393929943 -8884.0873518854932627 8.6605421670284954416
193400 291.19787508143821242 -77.376552769176839774 -0.00773765527691768 23142.602685938811192 77.049652252602967906 -8884.7655657785398944 8.6601489520166285985
193500 301.54651005056871327 502.34030320285290827 0.0502340303202853 23128.401163671871473 79.787854670589837269 -8886.2724284166724829 8.6654665395708541098
193600 303.47059607821910276 -1201.023832628861328 -0.120102383262886 23157.271395697156549 80.296959207472511366 -8883.5402961339932517 8.6546632793192497246
193700 304.19633775894834571 1425.3713811482573419 0.142537138114826 23130.112475945225015 80.488987202559243883 -8883.2868278571877454 8.6648254134518634118
193800 304.85460383581130372 -773.91522781089599903 -0.0773915227810896 23150.695010852588894 80.663161455368580732 -8885.080919710742819 8.657121797147688369
193900 302.5368617650577221 -383.07973823928773527 -0.0383079738239288 23142.028404643417161 80.049897294313680618 -8885.5398686069893301 8.6603638580512889433
194000 296.65324793122277924 860.84891756445369992 0.0860848917564454 23131.210832531429332 78.493119451210233706 -8884.3331066882892628 8.6644139750654307619
194100 292.92577982775873124 -790.89341598838552727 -0.0790893415988386 23156.414656221368205 77.506848101962731334 -8883.1912947967939544 8.654983483970578817
194200 293.5527288084596762 2061.4835496160385446 0.206148354961604 23125.770602226755727 77.672735991527943611 -8881.942936811112304 8.6664522382779374254
194300 305.83596065612601933 -875.78212449207569534 -0.0875782124492076 23163.564173526381637 80.922824070419679288 -8882.5627168500195694 8.6523120922223277773
194400 315.3687004622259451 -537.65251664433822043 -0.0537652516644338 23155.112659825965238 83.445144286077621132 -8884.0689718214107415 8.6554701478648112811
194500 303.85393932508719672 727.64672145399504188 0.0727646721453995 23135.653954686029465 80.398390111995112761 -8884.499192142744505 8.6627500043920857564
194600 304.85630322431421746 -1137.9836721441515692 -0.113798367214415 23153.184908236857154 80.663611105947779834 -8886.1498666392144514 8.6561908088191525934
194700 300.38551881615023831 196.37518709063164124 0.0196375187090632 23137.835368341722642 79.480661594901192757 -8886.2136272897041636 8.6619332883573054715
194800 302.41598216121082032 969.11848785764311742 0.0969118487857643 23124.146216915120021 80.017913093061409313 -8887.0298584406482405 8.6670610243316055232
194900 293.41142214633543972 -2236.5655227348415792 -0.223656552273484 23171.067361804991378 77.635346882233776 -8884.3270616037734726 8.6495103254474283716
195000 301.58239488145335372 1888.385251709830527 0.188838525170983 23122.110223218835017 79.797349635963570336 -8883.6164707702846499 8.6678241934991469009
195100 304.67107800363220349 -345.2124897793549394 -0.0345212489779355 23149.667773814115208 80.614601342954259167 -8882.7578231864208647 8.6575059459071219692
195200 302.393736838248401 -2190.4093698560800476 -0.219040936985608 23169.167785725112481 80.012027080335457185 -8883.9016751168310293 8.6502194749114433847
195300 296.06768528382309569 3836.1920501668851102 0.383619205016689 23096.174781620531576 78.338182199893950042 -8884.6138409296563623 8.6775575736056129728
195400 296.11719944283294126 -2913.4547452351785068 -0.291345474523518 23175.77789469882191 78.351283424386821252 -8884.8883305528543133 8.6477522915601241493
195500 295.82578222388139011 1036.6962062640368458 0.103669620626404 23130.849502105029387 78.274175734729553255 -8883.9483994965085003 8.6645493231595782646
195600 302.05508850085311678 2563.8568235352972806 0.25638568235353 23111.61341922162319 79.922422248483812268 -8883.8965220398604288 8.6717609351705782217
195700 301.53981989040227063 -4419.7286513442204523 -0.441972865134422 23208.138293459760462 79.786084484203016132 -8880.8464730740597588 8.6356942492905481856
195800 314.73484230653059512 4417.7411552950816258 0.441774115529508 23097.772457565479272 83.277428259784002762 -8883.2812415854386927 8.6769573458121431742
195900 297.79934199679638596 -1541.0350009574194701 -0.154103500095742 23163.834744444011449 78.7963708028092924 -8883.3397202941014257 8.6522110267446876719
196000 294.97456019364449276 -2005.8385032626481461 -0.200583850326265 23163.57042371281932 78.0489462017146991 -8884.7221065803041711 8.6523097575838114892
196100 299.20510092010931658 5349.4650459067070187 0.534946504590671 23071.041274516206613 79.168328311640564721 -8885.9788650590235193 8.6870108727579715691
196200 292.64171028768959104 -4904.0453703754410526 -0.490404537037544 23206.981109786105662 77.431684575196740639 -8883.1854760805617843 8.6361248561130672385
196300 304.88114292553154883 2815.536056448216641 0.281553605644822 23111.380506672081538 80.670183579528909945 -8883.8010631963916239 8.6718483276977291752
196400 297.63666971753457346 986.2895701991246824 0.0986289570199125 23139.445350834441342 78.753328447006538227 -8881.6246420357128954 8.6613306135422476473
196500 307.29179787973384919 -3444.6175996118276998 -0.344461759961183 23182.397785332519561 81.308032072998713602 -8886.2875591269712459 8.6452828673475146104
196600 299.36291808149576354 3037.579646953473457 0.303757964695347 23098.06631066029513 79.210086025019890599 -8887.2503585795730032 8.6768469577504170331
196700 296.38249572569685597 -2141.1110093407360182 -0.214111100934074 23163.641259245872789 78.421479631460300652 -8886.2065170685400517 8.6522832984029349745
196800 293.07230497332017194 535.20292276302120626 0.0535202922763021 23135.927581518921215 77.54561799857896176 -8882.9472511264648347 8.6626475507152456146
196900 307.01267091121746944 1016.086161248014605 0.101608616124801 23128.066697869599011 81.234176328507118114 -8884.8594392606028123 8.665591854940101868
197000 296.1303690475533017 -1345.6172982085572585 -0.134561729820856 23164.875172107429535 78.35476804275405982 -8882.34197581117769 8.651822421166842858
197100 303.02828660104773917 1403.5324779738582492 0.140353247797386 23121.901371816606115 80.179926102768177998 -8884.9312472153269482 8.6679024866813545458
197200 298.89995108596991713 -683.19786062192304144 -0.0683197860621923 23152.781504790356848 79.087587033570443396 -8884.349712831683064 8.656341630317861302
197300 300.68009574394540095 157.77674951927676261 0.0157776749519277 23137.493812099051866 79.558605329352928948 -8885.2504063898704771 8.6620611560257874117
197400 293.18287998282147555 604.89309978825042435 0.060489309978825 23134.072808951023035 77.57487565036477406 -8884.4625595000125031 8.6633420778387293382
197500 299.39881381966779372 -896.4525189962425884 -0.0896452518996243 23142.352790458407981 79.219583876412983159 -8888.3546630501841719 8.6602424659346954883
197600 291.50810806819225718 434.23233814264079911 0.0434232338142641 23131.695865211077034 77.131738510066213621 -8886.4202172950190288 8.6642322969060607818
197700 299.61217039031430431 22.097284385172965671 0.0022097284385173 23139.88452106281693 79.276037068489060289 -8885.2145773255833774 8.6611662307623724644
197800 297.3719587305447476 -228.44893194186809637 -0.0228448931941868 23148.59654769152985 78.683287106597347815 -8883.6208071867877152 8.6579065812763804644
197900 298.59458333460395352 747.19890191102899735 0.0747198901911029 23136.854352652029775 79.006788095579125297 -8883.3625815806044557 8.6623005592200357228
198000 302.03364627820604937 -318.64960779664795609 -0.0318649607796648 23145.422522951204883 79.916748732500849428 -8884.912863142648348 8.6590938747751771132
198100 301.34531460323768215 -417.69608179010452886 -0.0417696081790105 23134.562944336834335 79.734619257222448141 -8888.3459024975527427 8.6631585338261647422
198200 290.82321342531190567 -80.420339937318644274 -0.00804203399373186 23134.07262943722526 76.950518458069467442 -8886.4438384673940163 8.6633421450637904115
198300 302.00253197485068313 32.97080348307210329 0.00329708034830721 23132.317123274598998 79.908516027324196784 -8886.9692269530405611 8.6639996040828552992
198400 296.86130100700603407 -582.28839495215243005 -0.0582288394952152 23151.560360365503584 78.548169362322056486 -8884.2921999343561765 8.6567982148053417291
198500 300.53743485537887636 535.77155172185825904 0.0535771551721858 23134.32640108180567 79.520857897813385762 -8884.4642507563912659 8.6632471126627770275
198600 306.92576608059039245 -109.36444479920349693 -0.0109364444799204 23142.88731596569778 81.211181699933618461 -8885.286596410385755 8.660042442470286872
198700 285.69951956408993965 -25.095551212366867588 -0.00250955512123669 23148.961694634526793 75.594812032857589656 -8882.2615751274825016 8.6577700132452690696
198800 292.63582515163562903 1621.4158735990317837 0.162141587359903 23117.182395778210775 77.430127394581020894 -8886.3572021246582153 8.6696718902114877636
198900 297.92475525473082598 -1688.3169598190593206 -0.168831695981906 23158.75618382005996 78.82955458860790543 -8886.988879064025241 8.6541083988609521782
199000 301.03496879496651673 815.16375636962993667 0.081516375636963 23131.525053842578927 79.652503147691575691 -8885.0755811511171487 8.664296276664082086
199100 310.89071845808780381 -94.50349450829747866 -0.00945034945082975 23137.005533497078432 82.260290323404419155 -8886.8079724651670404 8.6622439583813175545
199200 294.7436073599563997 -1831.1371801591265012 -0.183113718015913 23165.230551626384113 77.987837117325113923 -8883.0756016377090418 8.651689692917786445
199300 302.5850546090912303 2558.7504267630533832 0.255875042676305 23108.764016067751072 80.062648904787508286 -8885.3855079289878631 8.6728301980243216462
199400 300.4576481086208446 -2293.3575650109260096 -0.229335756501093 23165.797706282246509 79.499746682319951674 -8886.4888022848899709 8.6514778786667676513
199500 295.3389383597568667 376.31731006210776513 0.0376317310062108 23130.463645219217142 78.145359030893303043 -8886.8799842852713482 8.6646938631078498361
199600 290.40691632307510872 1916.2960272065715799 0.191629602720657 23108.462207335822313 76.840368111154532471 -8886.1949567557767296 8.6729434697713045921
199700 300.68799909993754227 -3047.9814469481730157 -0.304798144694817 23176.712590146958973 79.560696521916241863 -8885.4253978137276135 8.6474035356840648348
199800 294.74460184327097068 3317.5403227346528183 0.331754032273465 23109.623259737832996 77.988100253151699803 -8881.8324459338618908 8.6725077317354699602
199900 299.72631610662057255 -812.95275793126018016 -0.081295275793126 23157.299272218861006 79.306239513287337672 -8883.4867132050312648 8.6546528609234805174
200000 304.74899196138835578 -1679.3785066506566181 -0.167937850665066 23157.308688817069196 80.63521702687384618 -8886.4761451755512098 8.6546493416290015688
