step temp press pressGiga vol ke pe density
0 4000.0000000000027285 -20231.924918155295018 -2.02319249181553 26980.744790434488095 1041.8367687000009028 -7765.3548960395255563 7.3121350297215474967
1000 3833.0204222367315197 1004524.6462371009402 100.45246462371 18124.89033339353773 998.34540276605662257 -6734.0766701442298654 10.884857534648327615
2000 4044.7366872050411075 997441.24127913580742 99.7441241279136 18140.743416051780514 1053.4888501100108442 -6748.7201463806495667 10.875345325459187862
3000 3955.622452418229841 1001431.784726860933 100.143178472686 18102.657677556122508 1030.2782285061446146 -6763.6992569396552426 10.898225698357634883
4000 3928.7870556888142346 1008545.292695539305 100.854529269554 18081.305409033357137 1023.2887027523054257 -6742.8762695534351224 10.911095446214268634
5000 4092.6201159595880199 996030.76750626927242 99.6030767506269 18161.162038427257357 1065.9605292819892384 -6746.6677502520842609 10.863118158005168112
6000 4003.9392288451813329 995676.03487107728142 99.5676034871077 18113.283683063065837 1042.8627770628083908 -6780.6982448936150831 10.891832345925633874
7000 3930.3949674541604509 993943.17945956182666 99.3943179459562 18135.039022102242598 1023.7074981517961305 -6763.638348329350265 10.878766175780937076
8000 3857.0443638992928754 1009794.1849385852693 100.979418493859 18101.593931533359864 1004.6026592043466508 -6713.3899699108251298 10.898866136116080128
9000 4122.1969431616344082 996758.64279940049164 99.67586427994 18096.102603824358084 1073.6640858021337408 -6806.6170272726612893 10.902173436418262753
10000 3939.0634449837430111 983077.65624822501559 98.3077656248225 18129.80591417830874 1025.9652828065384256 -6827.5904069468733724 10.881906295302712806
11000 3897.9887231000298016 1042552.1710742430296 104.255217107424 17937.120591873019293 1015.2669939258936438 -6700.3423582887626253 10.998802628304808593
12000 3976.2747124423040077 985336.86159051640425 98.5336861590516 18112.651213986569928 1035.6572994686030142 -6836.157986863185215 10.892212673855752314
13000 3979.1244573405551819 1003738.9852742152289 100.373898527422 18077.318514577840688 1036.3995417227063172 -6776.1208218244746604 10.913501853221095672
14000 4011.1923151875121221 987736.66675172641408 98.7736666751726 18072.820915012238402 1044.7519100723075098 -6854.1874749742546555 10.916217785693676845
15000 4046.2749384587064014 1001515.9382694103988 100.151593826941 18027.139351758258272 1053.8895017889026349 -6829.713400392703079 10.943879961235841947
16000 3973.1382230097010506 1010636.3665750891669 101.063636657509 17995.48523369679242 1034.8403719647217258 -6811.4110925575751025 10.963130282293858997
17000 4017.223232966499836 988519.20278086618055 98.8519202780866 18046.918601577657682 1046.3227180450965079 -6871.5768700945664023 10.931885573688269631
18000 4035.4893865407339035 1025891.604749269085 102.589160474927 17945.966548710744974 1051.0803056491859024 -6781.7659463595118723 10.993381079509843445
19000 3889.1732441628560082 977121.07340593228582 97.7121073405932 18095.603216897627135 1012.9709214032816362 -6882.9820920494730672 10.902474305243792685
20000 3914.4322204812560813 1010084.5191598441452 101.008451915984 17993.90177171027608 1019.5498539703395409 -6806.1370418784936192 10.964095036924371485
21000 3982.1803715780019957 1011356.8383045023074 101.13568383045 17940.036585127763828 1037.195482676347865 -6858.3456195724384088 10.997014870842765077
22000 3904.5918414855304945 997189.71699604706373 99.7189716996047 17999.323227491673606 1016.9868368064170454 -6866.741982610591549 10.960792615179149934
23000 3977.8354710685339342 1014446.1280577556463 101.444612805776 17865.547236617407179 1036.0638133995710177 -6906.2144958742210292 11.042866277600058567
24000 4071.2901806814684278 987698.1441800694447 98.7698144180069 17932.81761607502267 1060.4049515703052293 -6983.9450024603702332 11.001441788671561639
25000 4024.3412207953679172 1018001.7387029533274 101.800173870295 17805.279652448065463 1048.1766634049149616 -6947.2705444943112525 11.080244341064764413
26000 3965.7983849181337064 1002127.8036131826229 100.212780361318 17876.687687056248251 1032.9286436646968923 -6958.17958535582693 11.035984549473353056
27000 3950.50989745480274 990569.05949251155835 99.0569059492512 17882.275701856658998 1028.9466165704200193 -7000.2532240201817331 11.032535925482326533
28000 4053.742199346189409 1019954.7348561977269 101.99547348562 17814.895790547223442 1055.8344185274163465 -6931.724354533760561 11.074263438284933869
29000 3930.063314873021227 986812.14934276114218 98.6812149342761 17912.411221910140739 1023.6211161884298235 -6996.9290294774764334 11.013974984495417786
30000 4089.4106182388422894 1011392.5069822858786 101.139250698229 17847.634136905671767 1065.1245860983563034 -6943.4654369408253842 11.053949649391334731
31000 3905.3320687744349016 999875.46334785933141 99.9875463347859 17896.746922625334264 1017.179635808110902 -6944.8058356869114505 11.023615071669830456
32000 3960.2026467484929526 992356.09823613264598 99.2356098236133 17885.752651605274878 1031.4711822214094354 -6992.3074504513642751 11.03039122552142004
33000 4053.1429587900965998 1013214.8687806690577 101.321486878067 17839.824772377502086 1055.6783408162580145 -6937.3434239381913358 11.058788504222565763
34000 3901.0142161213079817 985160.68451603024732 98.516068451603 17920.416059504834266 1016.0550113941468453 -6993.8593624346649449 11.009055172325311389
35000 4011.7770071552886293 1017879.6358608312439 101.787963586083 17839.922424562530068 1044.9041984699058503 -6911.5788899638282601 11.058727970615104041
36000 3909.9672085713859815 994438.75716864550486 99.4438757168646 17879.17313222287703 1018.3869005752429757 -6982.5267256340421227 11.034450399417607969
37000 4038.1383425332560364 1002583.2494386377512 100.258324943864 17877.674544958583283 1051.7702505871054655 -6955.2426931041882199 11.035375356788067691
38000 4001.2012773004889823 995653.14403616508935 99.5653144036165 17875.550735096636345 1042.1496524152635175 -6988.8048599213097987 11.036686479413623019
39000 4081.5944864641446657 1006628.2869674023241 100.66282869674 17861.506903680950927 1063.0888027303851686 -6955.9861977716409456 11.045364211093289697
40000 3965.9665058780205982 976698.17588457185775 97.6698175884572 17943.28837064479012 1032.9724323140967499 -7020.1247594166125054 10.995021928805115863
41000 3965.7699525407642795 1043567.0136156169465 104.356701361562 17743.644294846344565 1032.9212381906556857 -6873.4968506413588329 11.118733323988882589
42000 4084.3335950515283912 981383.77591631119139 98.1383775916311 17937.93223499605665 1063.80222874033484 -7011.2247975447662611 10.998304962107949834
43000 4048.5564973519331033 1004193.1100690879393 100.419311006909 17846.252402859347058 1054.4837547751321836 -6974.2743906847372273 11.054805493981680442
44000 4055.5927838003094621 995381.74781171313953 99.5381747811713 17899.223243257281865 1056.3164202593882237 -6972.5891172179790374 11.022089977252623072
45000 3999.1446770838738303 1003723.1097553200088 100.372310975532 17841.982643792998715 1041.6139919842171366 -6977.4140920260069834 11.057451015890707779
46000 3908.6403487732309259 1002584.2656274987385 100.25842656275 17860.536195714139467 1018.0413077440861116 -6962.1084249411605924 11.045964519108599333
47000 4046.269573161360313 999681.03951917134691 99.9681039519171 17864.082770187927963 1053.888104347890021 -6982.5094776978239679 11.0437715525675344
48000 3958.2433908520156365 1012839.7172733129701 101.283971727331 17825.485729362990241 1030.9608760133487522 -6947.3157044824165496 11.067684331604663583
49000 4108.1416660078257337 980465.91003891848959 98.0465910038918 17952.650580383167835 1070.0032596688570266 -7006.1471494598208665 10.98928808460675377
50000 4026.3149723430688027 1009293.5206595162163 100.929352065952 17850.10002325246387 1048.6907451385832246 -6948.6422930097432982 11.052422611252442408
51000 4059.8930501594645648 1006112.4093717029318 100.61124093717 17843.662606330151903 1057.4364641614308766 -6968.6869026115164161 11.056409968216083684
52000 3997.9826171359641194 983231.33914489799645 98.3231339144898 17940.309372614774475 1041.3113227889255086 -6994.5356323798359881 10.996847658115887825
53000 4023.0320898273389503 1025297.9725469136611 102.529797254691 17783.118372683162306 1047.8356882105308614 -6928.2194323743115092 11.094052515174599449
54000 4099.7413145386308315 991162.86871347285341 99.1162868713473 17932.038854881939187 1067.8153109112045058 -6966.2613372154537501 11.001919564567671728
55000 3979.2243785465311703 993565.72532474377658 99.3565725324744 17900.381100991678977 1036.4255671192959198 -6974.6795453025806637 11.02137703086017595
56000 4068.4490881286133117 1007431.0012298608199 100.743100122986 17856.975601674355858 1059.6649628990940073 -6951.9249851540098462 11.048167030682099821
57000 4116.5024374161512242 994619.301735471352 99.4619301735471 17890.25098625928149 1072.1808994358293603 -6987.32071062007617 11.027617737819367605
58000 3951.2244952023020232 994968.38577819208149 99.4968385778192 17873.01780345816951 1029.1327401224639289 -6991.1796347750587302 11.038250578586742634
59000 4029.4863712833575846 1008180.7613724849652 100.818076137248 17870.289989776545553 1049.5167651446354284 -6931.0916499076838591 11.039935514363760305
60000 4009.1514977645292674 1014952.0348369793501 101.495203483698 17814.566121579253377 1044.2203604149406146 -6949.5409762910257996 11.074468374008532123
61000 3873.1890264639528141 992323.70412745070644 99.2323704127451 17873.251995861039177 1008.8076849738758938 -6996.3281090808450244 11.038105944894615718
62000 3978.6678765686319821 1005245.8846704221796 100.524588467042 17859.723327082356263 1036.2806210636886135 -6952.858070764970762 11.04646726587017902
63000 3958.8807188439545826 993028.44330675760284 99.3028443306758 17871.117324714370625 1031.1268739472798188 -6998.8045341824818024 11.03942442576216898
64000 3987.4896187216331782 1001447.7843066243222 100.144778430662 17866.389228203996026 1038.5783248984353122 -6965.6573584142515756 11.042345859043248169
65000 3868.8734526283969899 997608.15772780496627 99.7608157727805 17867.938575531235983 1007.6836540988955448 -6977.0266200505811867 11.041388365879116762
66000 4008.1587648853824248 1014563.9688285574084 101.456396882856 17826.568305770142615 1043.9617940111925236 -6941.2444123890290939 11.067012210435086317
67000 4177.7853520495582416 966354.33466039237101 96.6354334660392 18007.324312554432254 1088.1425978753759409 -7028.2318163799100148 10.955922472755593944
68000 4036.3211258683140841 1021658.069924798212 102.16580699248 17799.672441437189264 1051.2969398025477403 -6930.909150006937125 11.083734813615697234
69000 3906.3375147737701809 992326.91046904120594 99.2326910469041 17893.341167227132246 1017.4415134608733524 -6978.0534335785296207 11.025713267651628513
70000 3873.6183040655546392 1007113.9935932748485 100.711399359327 17820.543905764588999 1008.9194942712080092 -6972.7522505094239023 11.070753516467863875
71000 4076.4907236855146948 1003792.4633953662124 100.379246339537 17889.48015391833178 1061.7594808000103512 -6944.0740324886610324 11.028092902235705708
72000 4056.1474446529359739 998820.8836708990857 99.8820883670899 17852.269775969220063 1056.4608867769943572 -6999.5272094763195128 11.051079307331516333
73000 4052.8075238661876938 1006900.7465414114995 100.690074654141 17843.663481713650981 1055.5909737069493985 -6964.2168312571211573 11.056409425805112434
74000 3989.0700729228165073 976944.7974976823898 97.6944797497682 17946.897043584227504 1038.9899687229451501 -7014.335734135108396 10.99281110439314979
75000 3889.1620180095633259 1013891.2763312932802 101.389127633129 17822.176903750889323 1012.9679974484637341 -6940.0591197602316242 11.069739133191518476
76000 3987.4271186593832681 1006179.1268158981111 100.61791268159 17826.10340975330837 1038.5620461827109011 -6980.7800634217401239 11.06730083267499154
77000 3946.7650889974615893 989910.46252221718896 98.9910462522217 17927.720961824154074 1027.9712467847709831 -6967.4254484104185394 11.004569377793307794
78000 4046.8760959196420117 1005571.404337243177 100.557140433724 17832.698377395863645 1054.0460787755478123 -6979.4912757528354632 11.063207874372368522
79000 3835.8832075462178182 1006375.5844582340214 100.637558445823 17851.411222443799488 999.09104151513588477 -6945.0797580085782101 11.05161080273996177
80000 4037.2411418980650524 1003601.7781737903133 100.360177817379 17892.01367612811373 1051.5365664344446941 -6937.8184721289908339 11.026531316222801138
81000 3955.3235689080734119 992536.24655513325706 99.2536246555133 17913.68113986366734 1030.2003815485347786 -6967.5025225625231542 11.013194193296595103
82000 4034.7116402341775938 1018509.750001471024 101.850975000147 17817.9148510684754 1050.8777344744632956 -6930.1640881959119724 11.072387019420665055
83000 4022.4044193054010066 967524.04050617606845 96.7524040506176 17951.33318473444524 1047.6722056534347303 -7057.1724988794940145 10.99009455620171849
84000 4098.8824706146288008 1006260.3596350870794 100.626035963509 17846.747998089005705 1067.5916171165545165 -6966.4254154545214988 11.054498507584595401
85000 4030.0704594761173212 999118.39867549727205 99.9118398675497 17867.579880007018801 1049.6688962834807626 -6983.0141424156208814 11.041610024134717705
86000 3961.6313880733982842 1003491.7779823072487 100.349177798231 17851.038215480621147 1031.8433110327214308 -6974.9553996379099772 11.05184173204132847
87000 4007.3687637501984682 992879.33847565960605 99.287933847566 17901.700979407287377 1043.756030953705249 -6979.638770363927506 11.020564433349466782
88000 3938.3714345636640246 998377.26213682303205 99.8377262136823 17871.018925738244434 1025.7850423315478565 -6974.4477889769968897 11.03948520954092416
89000 4030.7905177508196175 1007079.1317787161097 100.707913177872 17856.893834760594473 1049.8564420800285006 -6951.6015866955895035 11.048217620360752278
90000 3930.6165465592707733 968569.37437291222159 96.8569374372912 17971.848380734067177 1023.7652104665160095 -7029.2861612613596662 10.977549160808969475
91000 4031.865962622061943 1021182.8284344179556 102.118282843442 17810.25422013165371 1050.1365515824211343 -6927.0366323823200219 11.077149526990577755
92000 4130.7723945790294238 997753.55709966353606 99.7753557099663 17881.655142482119118 1075.8976409508443339 -6980.78118322418959 11.032918795162954595
93000 3995.8999326654475226 992914.84482832415961 99.2914844828324 17876.492470669221802 1040.7688684741794987 -6998.430877835670799 11.036105065566459871
94000 3989.5737374353798259 1012876.7986635578563 101.287679866356 17841.720610127940745 1039.121152775014707 -6935.173931554552837 11.057613411910644174
95000 3887.4768394824918687 991012.29938311839942 99.1012299383118 17905.692565536843176 1012.5290772106320674 -6978.0172189412569423 11.018107698879632039
96000 4008.1006042335807251 1011156.9667435971787 101.11569667436 17839.63245766354521 1043.9466455348078853 -6946.1712753069723476 11.058907720117453266
97000 4111.0615832128532929 994883.46728209673893 99.4883467282097 17903.234588097100641 1070.7637789452962807 -6979.3802373549569893 11.019620400956970485
98000 3934.8621433271291608 1002871.2340637096204 100.287123406371 17850.376896968260553 1024.8710151709731235 -6967.7257822824685718 11.052251179280188964
99000 3958.8470807928374597 1021658.5017508757301 102.165850175088 17809.634922448829457 1031.118112607659441 -6917.7153678882968961 11.077534714731045895
100000 3882.529176619183545 976000.93334628513549 97.6000933346285 17927.841849552176427 1011.240412938100576 -7025.1628227189248719 11.00449517380372022
100000 3882.5291766191830902 976000.93334628501907 97.6000933346285 17927.841849552176427 1011.2404129381003486 -7025.1628227189248719 11.00449517380372022
101000 4032.2299767253648497 1010306.2496655803407 101.030624966558 17847.841571728120471 1050.2313624017076563 -6943.8601150638232866 11.053821175924465336
102000 3874.6052293047287094 1008019.1795240846695 100.801917952408 17833.257462685534847 1009.1765480217403592 -6956.1736812634826492 11.062861034946532612
103000 3933.6131686043640912 990003.30020367028192 99.000330020367 17888.706489740601683 1024.5457082236348469 -7000.7461324674968637 11.028569853458089156
104000 3926.3012371332210932 1000316.1828791124281 100.031618287911 17882.31742622267484 1022.641248459421945 -6957.8989880050339707 11.032510183540940929
105000 3895.5137629321502573 1025499.1992836326826 102.549919928363 17801.465200070331775 1014.6223677999023494 -6902.9610908941349408 11.082618587448285652
106000 3946.9409972194848706 970868.633339028107 97.0868633339028 17967.294147251475806 1028.0170636981761163 -7021.7438842953215499 10.980331678951946728
107000 4128.8806101164882421 1003678.8060454387451 100.367880604544 17866.179182098952879 1075.4049082979618106 -6967.6633406142991589 11.04247567984682199
108000 3924.7699514112750876 1001487.362749534077 100.148736274953 17857.743073282341356 1022.2424110172947849 -6969.8215466593519523 11.047692213988774768
109000 4084.990851623913386 1004397.1798912936356 100.439717989129 17872.594016404171271 1063.9734172562298227 -6952.876000195652523 11.038512312708252949
110000 3906.4042601147375535 1011087.3650854649022 101.108736508546 17840.712090888664534 1017.4588978984631922 -6937.8404388243425274 11.058238488746679806
111000 3934.4182354645158739 983750.15244405320846 98.3750152444053 17909.474226472557348 1024.7553952876767198 -7014.021432962257677 11.015781179019615621
112000 4086.8368259158969522 1011610.0419631900731 101.161004196319 17827.42389152222313 1064.4542182290956589 -6960.6214348307930777 11.066481074920332617
113000 3997.7257006395184362 1002029.219366242527 100.202921936624 17858.768882440646848 1041.244406525804834 -6975.0796202232140786 11.047057633636351071
114000 3956.5834132242430314 991529.42728605866432 99.1529427286059 17880.886259488575888 1030.528519581390583 -6996.6505454684029246 11.033393213684925982
115000 4116.7029921554849352 1012978.1772367837839 101.297817723678 17836.370459262925579 1072.2331357612231386 -6950.6829745473951334 11.060930224605012739
116000 3965.2238806670402482 973022.06563906325027 97.3022065639063 17972.405099598378001 1032.7790087515559208 -7009.3756954272239454 10.977209116798841038
117000 4010.0165448296856994 1010377.2847358620493 101.037728473586 17828.504743152923766 1044.4456698747246719 -6960.6206488797542988 11.065810170417220704
118000 3999.2861607936392829 1006730.8281676374609 100.673082816764 17829.450070236842294 1041.6508427169685547 -6979.547092632688873 11.065223455178198719
119000 4014.8216460625480977 990165.14659268979449 99.016514659269 17941.74859432140147 1045.6972026601551988 -6962.6904620814020745 10.995965531060610587
120000 4014.5779522463126341 1021102.3458096939139 102.110234580969 17782.308829870264162 1045.6337303656403037 -6947.9325611155854858 11.094557573913906623
121000 3974.9806344658172748 976697.66245848487597 97.6697662458485 17939.595563611372199 1035.320244964235826 -7022.6558758462933838 10.997285218084257963
122000 4123.0566359580952849 1009129.5916800460545 100.912959168005 17842.874801938829478 1073.8880006934186895 -6958.5615623874873563 11.056898134412501022
123000 3945.7560509829486364 987564.67161342897452 98.7564671613429 17902.914969045639737 1027.7084335586368979 -7000.1145432886223716 11.019817133200078274
124000 4118.3841590010752043 1006392.0450500621228 100.639204505006 17853.732491780941928 1072.6710111197369315 -6963.302533014324581 11.050173917467134288
125000 4008.4761249920566115 986922.74103745957837 98.692274103746 17904.442766853546345 1044.0444533682054953 -7003.8853901023958315 11.018876804998923191
126000 4111.6563375155183166 992962.80916049936786 99.2962809160499 17891.834755609266722 1070.9186881705111318 -6995.8405548259861462 11.02664158287410423
127000 3931.3805946676625354 1026846.9041323281126 102.684690413233 17782.935822270235803 1023.9642138196105634 -6919.0601397735954379 11.0941664009743306
128000 3911.0937375990747569 981073.74851708451752 98.1073748517085 17936.311624721034605 1018.6803154157564677 -6997.9860348630727458 10.999298698523906737
129000 3927.5977186641162007 1012441.6114070216427 101.244161140702 17820.777941435295361 1022.9789289916286634 -6948.5026108276233572 11.070608127123303888
130000 3987.9329100972991 995964.13059608766343 99.5964130596088 17900.78612770863765 1038.693784212039418 -6964.5640297335048672 11.021127659010062416
131000 3993.9524469461598528 991103.87597050738987 99.1103875970507 17893.826535306459846 1040.2616279169615154 -6993.2296160583582605 11.025414196390299182
132000 3947.1586799929123117 1007214.6178171866341 100.721461781719 17854.469432529738697 1028.0737611774934521 -6948.208611683203344 11.049717823071731004
133000 3846.5113195131789325 982082.22334395512007 98.2082223343955 17890.587868332368089 1001.8592309723959488 -7030.2602680637428421 11.02741008635748976
134000 4089.7865960641574929 1021579.4560068954015 102.15794560069 17791.667629868315998 1065.2225129790135725 -6944.8309905044297921 11.088721597907541749
135000 3881.8213122638567256 994290.64184302452486 99.4290641843024 17901.792787437178049 1011.0560431599426465 -6963.762037984413837 11.020507915193944015
136000 4038.9964681547248802 986809.70161822543014 98.6809701618225 17909.660510120967956 1051.993757293257886 -7005.30619724670305 11.01566660063847003
137000 3942.178203384171411 1007536.9479615035234 100.75369479615 17837.920900985329354 1026.7765502633342294 -6957.8787676354659197 11.059968827376938094
138000 4112.647728691361408 987248.04453710163943 98.7248044537102 17918.900456281084189 1071.1769051153005421 -6998.3776050019387185 11.009986332111054708
139000 3946.6727447580228727 1008175.6949896663427 100.817569498967 17806.300601392766112 1027.9471948787647761 -6982.9293954098893664 11.079609039885689015
140000 4057.9186006194536276 994797.47512311546598 99.4797475123115 17891.463534570484626 1056.9222006292493461 -6982.8097915345697402 11.026870369151692941
141000 4003.9422660646250733 1002782.3144118874334 100.278231441189 17843.09618038505505 1042.863568134531306 -6984.575532363867751 11.056760952002884224
142000 4019.7773246122364981 1004575.7911118492484 100.457579111185 17855.562144890773197 1046.9879546918859887 -6966.0248712900574901 11.049041610071366648
143000 3991.1721710810566037 993696.22577191307209 99.3696225771913 17893.170491393160773 1039.537479511112906 -6984.362538076099554 11.025818437543572159
144000 3882.5951567726724534 992459.04356402088888 99.2459043564021 17884.697664549301408 1011.2575980755777891 -6983.7133740076642425 11.031041889020658076
145000 3963.7250849152119372 1011550.1207129732938 101.155012071297 17832.399131865735399 1032.38863362079951 -6943.7255089455811685 11.063393526088708185
146000 3996.3674647129469122 997589.44600729562808 99.7589446007296 17888.752961852267617 1040.8906414935870544 -6965.7378029609917576 11.028541203002083293
147000 4009.1376718864926261 991511.55573985911906 99.1511555739859 17882.223715627700585 1044.2167593379160735 -7000.287431744956848 11.032567998671195753
148000 3978.2226836157369689 1003037.1586222266778 100.303715862223 17889.237802905197896 1036.1646664668155609 -6939.1544722149665176 11.028242303206123864
149000 4056.2751559632556564 1003578.7378780468134 100.357873787805 17846.68975151943232 1056.4941503617117178 -6980.4636070469041442 11.054534586354685999
150000 3892.110756850119742 986108.85867545905057 98.6108858675459 17915.527107415276987 1013.7360235848101411 -6990.914361837794786 11.012059423496159738
