step temp press pressGiga vol ke pe density
100000 1860.4013307869504388 42063.358132746769115 4.20633581327468 23720.313129003548966 484.5586277380641036 -8356.6491540646748035 8.3172109928382287336
101000 1880.7346664015840361 56196.120907190568687 5.61961209071906 23560.462979289583018 489.8546319064747081 -8346.7253830481568002 8.3736405894712202524
102000 1927.5650507382929391 46879.69005904327787 4.68796900590433 23641.682919704118831 502.05203598005869026 -8366.2022638705839199 8.3448733231120737486
103000 1928.0256040518158898 52170.330704661559139 5.21703307046616 23601.391602755735221 502.17199132405238515 -8352.3419710374328133 8.3591193447710843145
104000 1907.4943144031126394 40198.535254524918855 4.01985352545249 23752.440281053546641 496.82442820784024207 -8359.0039246393207577 8.3059612728500056278
105000 1923.9321907418011506 60742.789325535188254 6.07427893255352 23522.642060631453205 501.10582420008756799 -8338.0583462781269191 8.3871041612413677058
106000 1899.3693481623158732 46349.602365607650427 4.63496023656077 23690.227214313243167 494.70820606431317401 -8348.6482740636674862 8.3277736142148874876
107000 1907.0683703886074909 49859.764926335672499 4.98597649263357 23666.520943417875969 496.71348717391043692 -8338.6060492527067254 8.3361153750392116279
108000 1883.8256457556626629 52248.842197312907956 5.22488421973129 23617.553303563352529 490.65970589206767727 -8342.9795048655032588 8.3533991254016637384
109000 1901.2000546640945231 51092.852068536718434 5.10928520685367 23609.339934921634267 495.18503040087591671 -8352.5683341826897959 8.3563051594804420574
110000 1944.6267017774205215 48651.06600949629501 4.86510660094963 23654.301004878871026 506.49589982688161172 -8354.0443836051526887 8.3404218568716714799
111000 1863.9748512018381916 50021.053844476264203 5.00210538444763 23608.635060210628581 485.48938397854664117 -8358.8340110541284957 8.3565546507436732071
112000 1866.8296320262563768 49711.680299287327216 4.97116802992873 23625.002578742445621 486.2329378859112694 -8354.2144064270814852 8.3507651883869051801
113000 1950.8783475119387276 51079.70930482071708 5.10797093048207 23700.616457228410582 508.12419842465851616 -8325.8778094190111005 8.3241231073524719619
114000 1906.4514573280694094 53538.954822735009657 5.3538954822735 23570.811869218527136 496.55280649652047487 -8356.645059089654751 8.3699640981714811261
115000 1805.3378821551789315 45445.216458658673218 4.54452164586587 23660.894404464597756 470.21684638906327791 -8357.1723315173512674 8.338097695617415539
116000 1914.2040899014191382 53878.071198062287294 5.38780711980623 23567.583817777136574 498.5720509138047305 -8356.2702481882115535 8.37111053197141608
117000 1871.1957139747200927 46248.676068048502202 4.62486760680485 23735.397337624257489 487.37012406317796831 -8334.1887914371454826 8.3119252778373873269
118000 1884.9055954420748549 50465.1826279918605 5.04651826279919 23666.793486432085047 490.94098871498022163 -8336.6830240804902132 8.3360193776658295661
119000 1848.9557825376889468 52307.006144706312625 5.23070061447063 23619.619435133456136 481.57752948706149709 -8340.6802049919278943 8.3526684099175270148
120000 1857.3668799414838304 53302.148553736791655 5.33021485537368 23614.353774100538431 483.7682771221591338 -8339.2203188845724071 8.3545309347610068329
121000 1878.1223890372814367 49982.082225158323126 4.99820822251583 23622.557841903708322 489.17424025443142455 -8355.3152654439436446 8.3516294226253950939
122000 1968.6870974463470247 51624.296239151328336 5.16242962391513 23605.995996994282905 512.76265104622109448 -8355.9462099823085737 8.3574888827073223752
123000 1851.1029792150638968 43579.167244894801115 4.35791672448948 23715.37838784575797 482.13678659909140833 -8352.670236978399771 8.3189416539617049295
124000 1879.2947056747921124 56835.549807479917945 5.68355498074799 23576.014215802864783 489.47958089881075239 -8339.9196251824287174 8.3681171594252372614
125000 1848.545070285211068 50136.174787128438766 5.01361747871284 23655.365567433178512 481.47055570556472048 -8340.1054856660466612 8.3400465128183043362
126000 1979.3083487505184621 47322.493537279529846 4.73224935372795 23717.154801305510773 515.52905358079328835 -8342.4416166747832904 8.318318565735111747
127000 1957.7977333719029502 53343.389921411464456 5.33433899214115 23556.058267011394491 509.92641607609192533 -8367.2841719537609606 8.3752063640630254326
128000 1890.926543251509429 50049.91196540355304 5.00499119654036 23664.476289750698925 492.50919991755336014 -8340.4573825095958455 8.3368356305252362404
129000 1892.2886117296957309 57082.686919502230012 5.70826869195022 23530.402810934774607 492.8639631730688393 -8355.0370420267063309 8.3843379433535432099
130000 1825.2764396145903447 48726.058396401720529 4.87260583964017 23649.203118713776348 475.41002695807640066 -8348.6322324288739765 8.3422197407573044359
131000 1930.3507345990803969 55862.390824286943825 5.58623908242869 23579.974744376322633 502.77759294809436597 -8343.0569210697813105 8.3667116376859134164
132000 1876.2720924300708703 45731.793970709339192 4.57317939707093 23716.882970772301633 488.69231349483322902 -8343.2924460549456853 8.3184139059606341249
133000 1883.0148538792700492 56159.41949443941121 5.61594194944394 23497.669702492901706 490.44852769492035804 -8368.420715898169874 8.396017631024188077
134000 1854.361824353521115 48905.527305488867569 4.89055273054889 23660.014586475794204 482.98558277127739302 -8346.3518696989413002 8.3384077549505661864
135000 1948.9661312074038051 53687.943831847849651 5.36879438318478 23660.364807820431452 507.62614411071547238 -8327.247651949774081 8.3382843296188013937
136000 1881.3478701135104529 44390.332254534121603 4.43903322545341 23728.241468803815224 490.01434644992178846 -8343.7009866343250906 8.3144319552501109172
137000 1931.1584102627396078 59584.699105497275013 5.95846991054973 23481.806113254351658 502.98795949899044899 -8359.2125785315110988 8.4016897234644289938
138000 1904.0144837059167457 43891.665957270815852 4.38916659572708 23697.232135128633672 495.91807431554281038 -8359.147754085042834 8.3253119176587908612
139000 1942.495312344871536 50112.101715888784383 5.01121017158888 23644.580250594586687 505.94075985706956544 -8349.3671907811221899 8.3438507691483394524
140000 1891.8479044260884621 43804.095055353216594 4.38040950553532 23708.32121420871772 492.74917690478565646 -8352.1926833999514201 8.3214179244322288298
141000 1959.8030605346928041 52638.336349807483202 5.26383363498075 23620.832904580536706 510.44872196895875049 -8347.4430003744419082 8.3522393095569267274
142000 1920.5342479244714013 45180.624001795775257 4.51806240017958 23704.513301692055393 500.22079875882900524 -8351.0120671120821498 8.3227546838529988804
143000 1915.9104789914711091 50090.392099472752307 5.00903920994728 23568.089187353838497 499.01649563773588625 -8375.9867796932085184 8.370931030589167321
144000 1884.9490144270616838 52379.33766050326085 5.23793376605033 23611.085119579205639 490.9522975887349503 -8345.9704588215136027 8.3556875133415857704
145000 1910.4413406353271512 45645.207207965526322 4.56452072079655 23735.887039157718391 497.59200827960137303 -8336.8795872983791924 8.3117537922490090097
146000 1908.6323291357944072 55456.636225890688365 5.54566362258907 23549.849488613745052 497.12083460579776784 -8354.7406236060578522 8.377414437637941802
147000 1854.243345217752676 51703.71493800044118 5.17037149380004 23645.679670799308951 482.9547237912855735 -8337.9291714709343069 8.3434628167507547403
148000 1902.2923245893825879 48185.042947313413606 4.81850429473134 23683.227297603214538 495.4695221432535277 -8343.8929180008271942 8.3302350068683033157
149000 1934.8671552906098441 53591.67516397783038 5.35916751639778 23628.010504055811907 503.95393623293256269 -8336.7665876362880226 8.3497021078540853978
150000 1934.3731245924009272 42859.899774017350865 4.28598997740174 23745.051331335827854 503.82526139636740936 -8348.3173612881691952 8.3085459095116007688
