step temp press pressGiga vol ke pe density
150000 1373.9119221755115632 -2375.970403138896927 -0.23759704031389 24319.493725228719995 363.53093510631958907 -8604.8422664032841567 8.2410591545192737328
151000 1414.0331701248092031 -3979.1032475480396897 -0.397910324754804 24365.559970873524435 374.14683744272679178 -8599.0970615627466032 8.2254783652478913325
152000 1426.3125559426323434 330.25375549121633867 0.0330253755491216 24308.493688716302131 377.39590787936447214 -8599.3317273524517077 8.2447883840125353316
153000 1393.0042629559322904 3647.7171748172663683 0.364771717481727 24247.528874976600491 368.58268288232312671 -8601.7561806845260435 8.2655180010694433435
154000 1400.6794690396789065 5825.4901362274040366 0.58254901362274 24202.398788688966306 370.61350800271367234 -8606.2225954057175841 8.2809306692044124532
155000 1399.6190227960664743 -714.17676511673710138 -0.0714176765116737 24284.306619788418175 370.33291868083051668 -8613.3033933840888494 8.2530001591338990607
156000 1404.5286355658533921 -3924.8565362481490411 -0.392485653624815 24385.285817859072267 371.63198020901381824 -8596.4307400055804465 8.2188245770238061993
157000 1411.3107756440288085 1163.9811153694606674 0.116398111536946 24269.394363176288607 373.42650406811037556 -8609.3782869545611902 8.2580711903409920183
158000 1401.4552647641357908 3107.6046650787129693 0.310760466507871 24255.064382769727672 370.81878007336922565 -8601.276517977928961 8.2629500888871305619
159000 1351.4018376209685357 -1178.6860203519649986 -0.117868602035197 24333.107604014192475 357.57486765006092355 -8593.6489449178716313 8.2364484495398979647
160000 1397.2270142748384387 44.722977090755783536 0.00447229770907558 24278.699945970070985 369.70000394993030568 -8609.5545317078867811 8.2549060222986483382
161000 1418.6370503453924812 -411.51072143656057278 -0.0411510721436561 24310.670178108070104 375.36500350904634615 -8600.814281072905942 8.2440502433391724679
162000 1348.9128196474905508 -3426.1695518907131373 -0.342616955189071 24299.444155527191469 356.91628465300669859 -8617.4636418514255638 8.2478588857754875363
163000 1444.7689869801936311 -942.85931002229426667 -0.0942859310022294 24349.32741733911098 382.27939678830841785 -8593.3744743098905019 8.2309619055371783247
164000 1374.0955769375159434 5889.0718876798919155 0.588907188767989 24206.432139602999086 363.57952933298770404 -8604.2247051515714702 8.2795508748137702781
165000 1398.8268345790202147 589.02794817631490787 0.0589027948176315 24289.569025188506203 370.1233092301264378 -8605.8790373202355113 8.2512121227731327622
166000 1367.5665720068609517 -3597.7127464793879881 -0.359771274647939 24342.399620890140795 361.85198389907333194 -8602.40319138007726 8.2333044202254939137
167000 1372.791485774921739 770.58738871871844367 0.0770587388718718 24316.173559313523583 363.23447265784722049 -8590.7705387744626933 8.2421844007938673826
168000 1400.8297213660696343 -445.21451963074412106 -0.0445214519630744 24277.736199700888392 370.65326409466769064 -8613.2450642773073923 8.2552337149144676687
169000 1387.5843218268560122 -545.37655541836340944 -0.0545376555418363 24320.987773451815883 367.14859075816832501 -8599.9504300160078856 8.2405529028858737206
170000 1395.3085201497153776 -2536.5942971938266055 -0.253659429719383 24308.069214352432027 369.19237900538684016 -8613.3265385172890092 8.2449323568338108714
171000 1427.8044089834529586 5468.7227720794853667 0.546872277207949 24222.911394080296304 377.79064550571240488 -8604.5012510734795796 8.273918156945796909
172000 1451.4480713486534569 3595.9016669281918439 0.359590166692819 24256.001131192697358 384.04665256863199829 -8603.0387320706795435 8.2626309800025712349
173000 1366.5398422923035469 -803.27745805390270561 -0.0803277458053903 24300.732782261540706 361.58031581962069367 -8602.4019264496055257 8.2474215157769545925
174000 1426.5763092697675347 -1291.7798860445725495 -0.129177988604457 24343.143296791648027 377.46569582726948511 -8596.497469150897814 8.2330528951856738473
175000 1408.3203866985461445 -994.84658586784735235 -0.0994846585867847 24331.71641133715093 372.6352605596025569 -8597.6990417088491085 8.2369193775490074927
176000 1385.0302110690477093 -2431.8522764344038478 -0.24318522764344 24324.080885022660368 366.4727845022032966 -8607.8039099985453504 8.2395050133621321464
177000 1411.952527411236133 8420.9568086679919361 0.842095680866799 24189.985664265685045 373.59630870862156371 -8599.0548260545911035 8.285180040169905169
178000 1404.4182036065355987 4905.5848861201038744 0.49055848861201 24208.563468975913565 371.60276040766524375 -8610.6710435539371247 8.2788219406084575525
179000 1400.6092961387375908 -982.71829324527470817 -0.0982718293245275 24302.914463883309509 370.59494056772274462 -8608.146275503338984 8.2466811416965253301
180000 1374.3082051362803213 -5090.2136801682609075 -0.509021368016826 24385.13806948508136 363.63578980112919226 -8598.1825156797567615 8.2188743744850256689
181000 1404.6076325504184297 -4085.2140310791646698 -0.408521403107916 24373.994475727980898 371.65288245697166758 -8600.8401081274041644 8.2226319775837346526
182000 1371.0397918477731309 807.8171305873104302 0.080781713058731 24236.058110549634875 362.77098229789163497 -8620.3246608574991114 8.2694300155325475288
183000 1393.4784056177493312 -1413.2825516053296724 -0.141328255160533 24327.785356047443202 368.70813890497066723 -8602.3887352306810499 8.2382503571271374909
184000 1399.4156251241615792 -4924.3141930913998294 -0.49243141930914 24339.730631874128449 370.27910056871388633 -8614.7922622435617086 8.2342072485844202134
185000 1472.022505116917273 -552.01625628549459179 -0.0552016256285495 24314.135329463508242 389.49055550472178311 -8605.7120782707279432 8.2428753349376222559
186000 1406.6592221661267104 4486.8920301549060241 0.448689203015491 24226.491228189821413 372.19572387163225358 -8607.2266859739393112 8.2726955591639441678
187000 1413.7833588811915888 -1119.621670748071665 -0.111962167074807 24300.971218780738127 374.08073850761559243 -8607.7732209550176776 8.2473405936417485407
188000 1388.9344675594070395 -4578.999860060554056 -0.457899986006055 24352.273577154050145 367.50583326604822787 -8606.1188894553342834 8.2299661164118820267
189000 1445.1361168280311631 5037.7234186591849721 0.503772341865918 24229.132575985215226 382.37653770013520216 -8604.7376807182372431 8.2717937082161796525
190000 1426.9285637504549413 4468.1125442663760623 0.446811254426638 24241.281193332542898 377.55890078363734119 -8604.268847771360015 8.2676482649231584077
191000 1363.8435365959974206 395.14269285146934862 0.0395142692851469 24327.145653734220105 360.86688542041537175 -8590.1341196360135655 8.238466988699348903
192000 1397.2238149084232646 -1693.4593954556910376 -0.169345939545569 24315.149573735143349 369.69915741192022551 -8606.9091014519253804 8.242531504476497517
193000 1357.9467942649500856 1903.2772968993281211 0.190327729689933 24279.7574536440261 359.30663383580701975 -8599.5966067422396009 8.2545464789019309393
194000 1437.8910457500637676 -703.89696682381270421 -0.0703896966823813 24321.278700831844617 380.45952437389900069 -8601.7006329641590128 8.2404543306645887668
195000 1404.3122942176300967 -3025.6856718635835932 -0.302568567186358 24326.527476519684569 371.57473725817220611 -8610.5017289472816628 8.2386763417432646861
196000 1382.4128806297499068 -1292.8487353601731229 -0.129284873536017 24333.437247934270999 365.78025060194164553 -8597.4809562892605754 8.2363368707634698751
197000 1397.5766628901824333 1551.4500150929509346 0.155145001509295 24277.72050402322202 369.79251940601091064 -8603.3523534395462775 8.255239051967731001
198000 1403.6527675910458584 5548.3117020038607734 0.554831170200386 24238.125092049453087 371.40022946955792804 -8599.1770985614875826 8.2687248141693547865
199000 1376.2867479631365768 -4115.2357799760720809 -0.411523577997607 24373.076330903932103 364.15930336294184144 -8595.7822305292411329 8.222941727854394145
200000 1345.4074902320819547 -1760.1289501153789843 -0.176012895011538 24316.175077517895261 355.98879020472986667 -8603.7196640679758275 8.2421838861849554547
