step temp press pressGiga vol ke pe density
150000 1189.2588467916868922 35.431713855218553988 0.00354317138552186 24094.382256763685291 314.67255919365732098 -8661.722293537663063 8.3180545681477049413
151000 1181.6989038304784572 -1488.9429001322757813 -0.148894290013228 24063.45465554634211 312.67223217874447982 -8681.549984436158411 8.32874536372424501
152000 1167.7176321253234619 -5109.8454605066126533 -0.510984546050661 24129.474480755903642 308.97285036618808363 -8675.4497906942960981 8.3059573699962196969
153000 1192.6670990771881407 -2976.5173928372983028 -0.29765173928373 24098.018970099274156 315.57436746857547405 -8675.3406731407831103 8.3167992624725091133
154000 1165.9431806810366652 -1239.8188475917170308 -0.123981884759172 24118.345167537492671 308.50333846922387693 -8658.9616899353641202 8.3097901205646067524
155000 1192.1928359180058123 -1223.7631514203192182 -0.122376315142032 24089.334516450060619 315.44887956286527242 -8670.3675928418015246 8.3197975544201536735
156000 1178.8476788544533065 -1404.9501768318350514 -0.140495017683184 24076.698726198206714 311.91781083265726693 -8673.6381157458636153 8.3241639012366768213
157000 1217.0477071479667757 -7113.5837509726716235 -0.711358375097267 24181.274458388099447 322.02536706132707423 -8668.427075152809266 8.288164742617535552
158000 1164.0753972794525453 -7031.4444419688743437 -0.703144444196887 24165.754958216821251 308.00913135478322147 -8669.5990190430802613 8.29348748855967699
159000 1224.6616624623418375 -5255.2205715664076706 -0.525522057156641 24171.667189933086775 324.0399855027404783 -8662.1885939859676 8.2914589557579052581
160000 1156.3866983127497861 746.1415696081284068 0.0746141569608128 24052.34740292665083 305.97473607805358142 -8670.5985151823351771 8.3325915362915310425
161000 1199.4926095141083806 -2919.9564929553748698 -0.291995649295538 24134.534619388137799 317.38036693015851597 -8662.913942238472373 8.3042159112762394813
162000 1224.965510934442591 -4467.9806036133113594 -0.446798060361331 24132.489876355881279 324.12038244624943673 -8671.5008038540890993 8.3049195265148618716
163000 1184.6620601417871512 -5625.4337469024267193 -0.562543374690243 24109.607235884119291 313.4562700543388587 -8685.0072933444171213 8.3128017987482021312
164000 1186.5454814620443358 -5321.300057595070939 -0.532130005759507 24165.294327255269309 313.95461489195270133 -8663.8955418112655025 8.2936455763141552211
165000 1174.0791905021123966 -4437.6482066055732503 -0.443764820660557 24100.024112756254908 310.65609019264331891 -8681.2613219963386655 8.3161072976473828788
166000 1183.6299113061622847 -3673.2986992811333948 -0.367329869928113 24145.458555619552499 313.18316809974669468 -8661.9068015118555195 8.3004589014494136734
167000 1173.5497023907566927 -2582.8454376731710909 -0.258284543767317 24121.965547946110746 310.51599001217175555 -8664.770633732630813 8.308542933585071566
168000 1197.8881063715209621 -2240.8949223860686288 -0.224089492238607 24075.73125613720913 316.95582259191434105 -8679.9952119708032114 8.324498403199321217
169000 1209.6812332730592061 -2281.157528262544929 -0.228115752826254 24097.952414770283212 320.07623109929170369 -8673.9066608592256671 8.3168222323622966741
170000 1222.4136567596117402 -1897.8388500134658443 -0.189783885001347 24121.261077653547545 323.44517327202356682 -8665.0547190428515023 8.3087855876342260331
171000 1158.1826478584412143 -1516.4052066710078179 -0.151640520667101 24067.05889787313572 306.44993627626945454 -8676.2078619393814733 8.3274980648043221976
172000 1209.4929166954113953 -1943.7607325323288023 -0.194376073253233 24113.862771727428481 320.02640337710414542 -8664.6166629639265011 8.3113347826028523002
173000 1158.4900813337692398 -376.1664901994801653 -0.037616649019948 24107.11504489300205 306.53128179556011901 -8657.5060432030204538 8.3136611753146318904
174000 1239.857726387377852 -5740.1485186583913674 -0.574014851865839 24155.856218452096073 328.06079589053916834 -8673.018090362282237 8.2968860463938032268
175000 1197.150632318353928 -4569.0022651624904029 -0.456900226516249 24134.805680003941234 316.76069026367895276 -8672.0972993684008543 8.3041226457281958062
176000 1206.8844496573260585 -5398.0261225005688175 -0.539802612250057 24182.859337406818668 319.33621469306706331 -8657.6763490556295437 8.2876215587772392723
177000 1213.9088140060023306 -115.36896337200393248 -0.0115368963372004 24068.734909827249794 321.19483000820196139 -8671.3918144328436028 8.3269181844592701225
178000 1210.4484452649780906 -955.99007284311653621 -0.0955990072843117 24090.243130407641729 320.27923195280015989 -8668.5010151012756978 8.3194837558361669494
179000 1192.9893103943115875 -597.08310270994411439 -0.0597083102709944 24105.077214543773152 315.65962313855339971 -8661.2383239198534284 8.3143640077886988848
180000 1205.3914453930117361 -2433.922334822952962 -0.243392233482295 24080.592309036583174 318.94117245814385342 -8678.650625789345213 8.3228179699865751928
181000 1210.8805645512286446 -5184.0741142345814296 -0.518407411423458 24171.242489345866488 320.39356877867135154 -8661.0869825475547259 8.2916046407589547584
182000 1224.3909403779052809 -7311.8947759984957884 -0.73118947759985 24178.783044287712983 323.96835365289575748 -8670.3647601530174143 8.2890187661830836419
183000 1178.7701431400348611 -4190.1648559569348436 -0.419016485595693 24162.504572560173983 311.89729523022907642 -8657.9705197365074127 8.2946031441282244145
184000 1186.1869350066936022 -2614.5843033975493199 -0.261458430339755 24090.353348710181308 313.8597451072969875 -8675.3021832874255779 8.3194456924933728459
185000 1206.0334548365756291 -3733.7223551528818462 -0.373372235515288 24122.534309608501644 319.11104527866376657 -8671.5111837255863065 8.3083470345708843041
186000 1167.2466747648038563 -4756.2900882633257424 -0.475629008826333 24134.294147584321763 308.84823715998356874 -8670.6311553503383038 8.3042986536911289619
187000 1178.6804891245863018 -2787.4538511350265253 -0.278745385113503 24070.605200578062068 311.8735731796769528 -8685.2767875212157378 8.3262711812811875944
188000 1210.7582502014229249 -1806.3284162402910624 -0.180632841624029 24099.380859844462975 320.36120495007060072 -8670.9197457558548194 8.316329268504855321
189000 1179.7338261559457351 -491.27264929100954305 -0.049127264929101 24049.365872262096673 312.15228143586989518 -8679.3272319712523313 8.3336245729758502421
190000 1208.6131912041489613 -1780.9873571286532297 -0.178098735712865 24124.838286136189708 319.79363195608823389 -8661.8544877654912852 8.3075535686697037363
191000 1211.8728810609948141 -3731.2646937609815723 -0.373126469376098 24105.64236025869468 320.6561312784169786 -8676.6840482583866105 8.3141690813428041906
192000 1222.0146606805217289 -3695.0390740831126095 -0.369503907408311 24162.256220399383892 323.33960069826957806 -8659.2477028592875286 8.2946884003474661284
193000 1184.5094356731131029 -3401.4248848800684755 -0.340142488488007 24107.576116152555187 313.41588630417140848 -8674.860427182424246 8.3135021717627548554
194000 1193.1841747693395064 -1987.8023695335405137 -0.198780236953354 24096.369557767229708 315.71118337857274128 -8671.6106188761259546 8.3173685528477161455
195000 1207.6233839887538579 -5225.6510329513257602 -0.522565103295133 24118.01067290001447 319.53173340438360128 -8679.9274465407797834 8.3099053697147802211
196000 1176.0126396098648911 -3940.6220874889677361 -0.394062208748897 24141.38367064988779 311.16767215854457618 -8662.5894789440171735 8.30185995681890887
197000 1147.3915308361995358 -300.803520652498662 -0.0300803520652499 24046.609558711585123 303.59465509075829459 -8677.9629181738291663 8.3345798046179364604
198000 1231.6460027700898081 -4127.575232136964587 -0.412757523213696 24140.103120605093864 325.88801063608087816 -8669.227455901198482 8.3023003421431340598
199000 1191.9894781074644925 -5686.6933717287811305 -0.568669337172878 24165.454719957971975 315.39507199788675962 -8665.3004533001112577 8.2935905291302862707
200000 1198.7067545557633821 -5312.3275355093692269 -0.531232753550937 24140.813328671421914 317.17243323131361876 -8673.3114930329193157 8.3020560935094280808
