step temp press pressGiga vol ke pe density
150000 1189.2588467916868922 35.431713855218553988 0.00354317138552186 24094.382256763685291 314.67255919365732098 -8661.722293537663063 8.3180545681477049413
150100 1191.1122286612910557 -3997.4369351237392038 -0.399743693512374 24152.462899816120625 315.16295572730081176 -8662.2890299979226256 8.2980517237062407787
150200 1205.2609065528026804 2130.1866040033110039 0.213018660400331 24026.970327702969371 318.90663246625427973 -8674.2565055088743975 8.3413923463537500425
150300 1157.8347105860229931 3963.6281772125116731 0.396362817721251 24004.719054112254526 306.35787363385475146 -8671.8305647327833867 8.3491244344822472812
150400 1176.8123652084700552 -3494.454683128270517 -0.349445468312827 24098.715946105439798 311.37927596661768348 -8677.957766519544748 8.3165587264395117728
150500 1184.0648568874944431 1246.7408363054075835 0.124674083630541 24066.840149928219034 313.29825275062563605 -8665.1154640524946444 8.3275737549687409711
150600 1201.9094360688009147 2798.0479769310113625 0.279804797693101 24053.452624328827369 318.01984840144962163 -8662.5784330949336436 8.3322086657471086113
150700 1191.9858585589056474 -2617.6311959964314156 -0.261763119599643 24126.605331583748921 315.39411428156518014 -8663.6921005958574824 8.3069451190137275631
150800 1188.9103587836368661 -718.3540379545615906 -0.0718354037954562 24079.348892530058947 314.58035082906354774 -8670.2239620934342383 8.3232477461109581895
150900 1163.0277359872554825 4983.3637253281904123 0.498336372532819 23995.977231770764774 307.7319248737272801 -8669.7803822894438781 8.3521660510752404605
151000 1181.6989038304784572 -1488.9429001322757813 -0.148894290013228 24063.45465554634211 312.67223217874447982 -8681.549984436158411 8.32874536372424501
151100 1179.279124551311952 -3941.6827222350621014 -0.394168272223506 24084.67803949244626 312.0319694297951969 -8685.928754742088131 8.3214060851856732626
151200 1185.8051405937942491 5339.3588597302132257 0.533935885973021 23985.479850436731795 313.75872401729878902 -8674.7659901887363958 8.3558214239320687255
151300 1218.354569303444805 -817.00468541714235471 -0.0817004685417142 24070.352930203676806 322.37115692876176354 -8675.5521360843795264 8.3263584451262264707
151400 1203.4676991872365761 -6317.1390127245658732 -0.631713901272457 24173.661832634603343 318.43215783660588158 -8668.0271397652104497 8.2907748021445417663
151500 1194.812414358955948 4354.9914950406682692 0.435499149504067 24037.234911237068445 316.14200827428589946 -8661.28196268902866 8.3378303343816568827
151600 1239.4041454947594048 4955.8495032936234566 0.495584950329362 24020.808219008595188 327.94078041983937055 -8666.9758150101588399 8.3435321813597997931
151700 1178.9614481079372581 -7459.469745632399281 -0.74594697456324 24201.010231472271698 311.94791366708051328 -8661.739396109842346 8.2814057959008486876
151800 1203.5346307125766998 -1863.8609943890601244 -0.186386099438906 24082.805822211666964 318.44986761814448073 -8675.716258822078089 8.3220529981902497951
151900 1221.961188757265063 11008.934717798978454 1.1008934717799 23886.235901655665657 323.32545226710038833 -8682.5121531600525486 8.3905386860756188128
152000 1167.7176321253234619 -5109.8454605066126533 -0.510984546050661 24129.474480755903642 308.97285036618808363 -8675.4497906942960981 8.3059573699962196969
152100 1130.3191490044864622 -8233.6433641212643124 -0.823364336412126 24182.481532146648533 299.07737939673313576 -8668.7941285167617025 8.287751037094633233
152200 1204.0417080927049938 12689.133037406892981 1.26891330374069 23885.849254622993612 318.58403801960469082 -8672.8704362476946699 8.3906745061107752548
152300 1210.4784255403512816 1362.0766731591429561 0.136207667315914 24050.953409957619442 320.28716459925681193 -8670.7321741426239896 8.3330744931962907884
152400 1158.6742246296598751 -10865.07496984503814 -1.0865074969845 24256.09719798601509 306.58000528610432411 -8657.7797870397680526 8.2625982556753179153
152500 1220.7498722136908782 4986.4874227621430691 0.498648742276214 24020.136836175333883 323.00494334022681642 -8664.7858300295356457 8.3437653900344024294
152600 1212.8601787447821607 8232.2669601270990825 0.82322669601271 23988.51211777930439 320.9173658193089409 -8659.7385947723905701 8.354765206510172959
152700 1201.6190719181172426 -8388.5586722585758253 -0.838855867225858 24202.138124639270245 317.94301934893491079 -8667.3866819087743352 8.281019857230377923
152800 1193.4374950385715692 -1306.9928512072867761 -0.130699285120729 24095.552119709653198 315.77821078612987549 -8666.9970657955709612 8.3176507183511336763
152900 1221.3221990772246954 6469.8188643960593254 0.646981886439606 23964.536667718490207 323.15637846247062726 -8675.5843692917387671 8.3631237764569199555
153000 1192.6670990771881407 -2976.5173928372983028 -0.29765173928373 24098.018970099274156 315.57436746857547405 -8675.3406731407831103 8.3167992624725091133
153100 1193.760772350657362 -4908.026790105186592 -0.490802679010519 24118.954486698352412 315.86374851359579452 -8677.1060193488046934 8.309580189643016368
153200 1233.5498018159287312 5150.8448891830921639 0.515084488918309 23995.341255810133589 326.3917473285265487 -8672.8412417752660986 8.3523874180802373246
153300 1203.5467806310900869 1174.2608477009812304 0.117426084770098 24080.247911459289753 318.45308243211275112 -8662.196456117915659 8.3229370035760830149
153400 1174.1175010450747322 -4994.8466760188957778 -0.49948466760189 24170.381788572482037 310.66622699055790235 -8658.4360245858806593 8.2918999025628146171
153500 1225.9272394704189537 1668.1818847280571845 0.166818188472806 24035.54451912489094 324.37485150526180178 -8674.4890567786424072 8.3384167243683151582
153600 1176.3839483414860752 3982.1967783413133475 0.398219677834131 23996.498737347363203 311.26591878428581595 -8674.0051788659693557 8.3519845370460483736
153700 1140.5931250493285916 -3190.9758283813780508 -0.319097582838138 24092.190165237865585 301.7958273980630679 -8673.6188433471470489 8.3188114083023396716
153800 1157.0614036479553306 1628.0328321303584289 0.162803283213036 24033.576856895291712 306.15326008492013443 -8670.9357119657324802 8.3390994020962665445
153900 1205.9542972856579581 3410.2338210137145325 0.341023382101371 24015.600189624132327 319.09010054556887326 -8672.4871529120027844 8.3453415619469026865
154000 1165.9431806810366652 -1239.8188475917170308 -0.123981884759172 24118.345167537492671 308.50333846922387693 -8658.9616899353641202 8.3097901205646067524
154100 1177.0198738076076097 -541.35484665088620204 -0.0541354846650886 24098.36957797712239 311.43418181165009173 -8660.5466178908427537 8.316678261118850557
154200 1201.6451433721608737 4771.5628396521688046 0.477156283965217 24022.096764446032466 317.9499177387917257 -8662.7579097887501121 8.3430846342355913237
154300 1194.2029561120823473 -306.43403853721332553 -0.0306434038537213 24084.519632316241768 315.98074835447727082 -8664.4624411705990497 8.3214608162104202194
154400 1179.9452743405738602 -3583.0006315909467958 -0.358300063159095 24116.464722913613514 312.20822967756112121 -8669.5795762779289362 8.3104380637991290826
154500 1171.3546662165895214 3944.8191996849941461 0.394481919968499 24002.873696068665595 309.93519328124040157 -8672.9120726915207342 8.3497663211216206491
154600 1194.0223664262528018 1971.2975436562651339 0.197129754365627 24020.109213735231606 315.93296513322371766 -8678.0971331077198556 8.3437749851264833012
154700 1173.2953573566901468 -1555.1843579860587852 -0.155518435798606 24120.713857189355622 310.44869145643360753 -8660.8548983076125296 8.308974086927117142
154800 1211.2872694253746886 -759.07414626540969493 -0.075907414626541 24106.373164321514196 320.50118106503720128 -8661.5107606155797839 8.3139170306298151303
154900 1218.0103835103761867 2306.0747312364378558 0.230607473123644 24056.412004923779023 322.28008691096437133 -8665.2194377024297864 8.3311836510178363113
155000 1192.1928359180058123 -1223.7631514203192182 -0.122376315142032 24089.334516450060619 315.44887956286527242 -8670.3675928418015246 8.3197975544201536735
155100 1198.6845777033838658 -1591.7706543218525894 -0.159177065432185 24075.631483685661806 317.16656533559694253 -8676.2645452903343539 8.3245329009699879919
155200 1212.2687584232530753 2202.5346769214265805 0.220253467692143 24020.170980282298842 320.7608786536790717 -8679.2557065844812314 8.3437535295685378856
155300 1184.4130301888037593 101.67853719657894374 0.0101678537196579 24071.103753624734964 313.39037784522679431 -8669.6626176940408186 8.3260987302001172594
155400 1227.4679123465978137 -2243.158617689395669 -0.22431586176894 24111.833624607759702 324.78250664117723545 -8671.1125220693029405 8.3120342284142854083
155500 1223.7378831213261492 2063.3997483645011926 0.20633997483645 24091.710256999129342 323.79555763058141338 -8655.9199432768418774 8.3189771194987951475
155600 1231.9794791031797558 -1580.7734832595958778 -0.15807734832596 24127.286866341386485 325.97624697878040934 -8661.2399215066434408 8.3067104688493813569
155700 1183.2970499809157445 -69.392519145500557443 -0.00693925191455006 24098.558464341807849 313.09509448536533682 -8658.5589345692260395 8.3166130743515456203
155800 1195.8030545255091965 2970.0365988414960157 0.29700365988415 24044.23709917627275 316.40412722113279642 -8664.8966721398319351 8.335402182689184869
155900 1191.0847886572123571 -367.27752344994144096 -0.0367277523449941 24067.28275840113929 315.1556952252402084 -8672.9185333641762554 8.3274206070317760009
156000 1178.8476788544533065 -1404.9501768318350514 -0.140495017683184 24076.698726198206714 311.91781083265726693 -8673.6381157458636153 8.3241639012366768213
156100 1214.748048046213853 1255.6590873815773648 0.125565908738158 24028.564274667172867 321.41688757280047639 -8678.5150103091964411 8.3408390158735876696
156200 1223.306259828606926 1637.6540369868216658 0.163765403698682 24073.189335559152823 323.68135204237495373 -8662.7423910957768385 8.325377398229774073
156300 1235.7868344553901352 -5626.523204553072901 -0.562652320455307 24173.197386747444398 326.98365613589686518 -8664.2544783215889765 8.2909340949429495282
156400 1212.7529497169930437 -140.39167838623572493 -0.0140391678386236 24084.516329215563019 320.88899349928351512 -8667.1548849073951715 8.321461957467420234
156500 1171.6954185600350229 6755.8027858464856763 0.675580278584649 23977.682533723182132 310.02535482366027964 -8667.5249507750504563 8.3585386584251288866
156600 1225.0655203030955818 -3959.2303737918850857 -0.395923037379188 24092.823876775753888 324.14684447683453072 -8683.5729918817651196 8.3185925992993805522
156700 1175.2130912369393627 -3094.7332605257870455 -0.309473326052579 24123.086836431011761 310.95611524359179612 -8667.5905908832010027 8.3081567361808623673
156800 1212.1520747293466229 5589.6399142282207322 0.558963991422822 24011.061326669409027 320.73000467138604108 -8664.657037597577073 8.3469190999467723913
156900 1205.9826833650672597 1203.9100621014956687 0.12039100621015 24079.031332646463852 319.0976113749205183 -8662.1669505826994282 8.3233575150443037671
157000 1217.0477071479667757 -7113.5837509726716235 -0.711358375097267 24181.274458388099447 322.02536706132707423 -8668.427075152809266 8.288164742617535552
157100 1209.8733126282240846 3176.6895383018018038 0.31766895383018 24023.912373271250544 320.12705443554108342 -8670.8536750577659404 8.3424541050421723298
157200 1178.0666834978251245 5779.957081188355005 0.577995708118835 23987.281300256425311 311.7111629626401168 -8668.8683821120648645 8.3551939000034867178
157300 1203.6337839101518057 -8011.2997714342354811 -0.801129977143424 24156.715950810703362 318.47610310970071623 -8680.6577330529216852 8.2965907619923857652
157400 1168.9071100368284988 -520.51690384052506033 -0.0520516903840525 24061.044000219815644 309.28758088892277556 -8674.3925044765746861 8.329579813566660107
157500 1221.3604641107585849 8791.375335864508088 0.879137533586451 23928.084771790105151 323.16650321879450303 -8677.8124011655490904 8.3758641073460431414
157600 1241.7628629830785485 -5959.0460649145334173 -0.595904606491453 24147.286949571211153 328.56488649268175095 -8675.6911213736821082 8.2998304039754273731
157700 1220.3872505490833191 -8231.2057098812874756 -0.823120570988129 24210.602136922709178 322.90899527347164621 -8664.312336510305613 8.2781248175533566069
157800 1257.6957145288538413 7098.126635007585719 0.709812663500759 23979.479168456931802 332.78064758177282556 -8670.4438977076788433 8.3579124045865178516
157900 1218.0115444764417134 979.81791412920472339 0.0979817914129205 24042.334270651484985 322.28039409738050836 -8677.2609972648369876 8.3360618873942389229
158000 1164.0753972794525453 -7031.4444419688743437 -0.703144444196887 24165.754958216821251 308.00913135478322147 -8669.5990190430802613 8.29348748855967699
158100 1198.8838330977284841 3962.7363357169429037 0.396273633571694 24017.556657065360923 317.2192874196417165 -8671.3568226246170525 8.3446617513697898261
158200 1204.7706675783463197 5323.7763956176058855 0.532377639561761 24005.248403894984222 318.77691743144515613 -8668.1499474808042578 8.3489403244438502583
158300 1207.3826347655272002 -6435.8778364016015985 -0.64358778364016 24175.468652891326201 319.46803223924109716 -8668.6015076206313097 8.2901551682474075022
158400 1198.7573629838127545 -620.24441579360279775 -0.0620244415793603 24100.947029840750474 317.18582399448854403 -8663.7907880009279324 8.3157888422152375085
158500 1190.0289688389486855 6847.3867575720123568 0.684738675757201 23994.657412381657196 314.87633003476321392 -8662.1185202011365618 8.3526254596221427562
158600 1202.8908873717509778 -3627.5238302627926714 -0.362752383026279 24106.822956058393174 318.27953601618247603 -8674.9013609191788419 8.3137619072778790041
158700 1207.9313273155328261 -4498.1989093526963188 -0.44981989093527 24110.212147521480802 319.61321382808239377 -8679.5267754448268533 8.3125932352351004084
158800 1195.9378279534059857 5212.712584993722885 0.521271258499372 23987.837481998456497 316.43978766594005947 -8673.9480300461655133 8.3550001765675254717
158900 1202.3950718068456354 1973.1789687549389782 0.197317896875494 24059.716603156135534 318.14834544054139087 -8664.9096972610732337 8.3300393642741195066
159000 1224.6616624623418375 -5255.2205715664076706 -0.525522057156641 24171.667189933086775 324.0399855027404783 -8662.1885939859676 8.2914589557579052581
159100 1214.5839529887139179 945.92503577828813377 0.0945925035778288 24089.061861222580774 321.37346875625445364 -8660.636636711362371 8.3198917231473483724
159200 1206.0278858500148544 2860.1203097019520101 0.286012030970195 24020.364480533673486 319.10957174978653939 -8673.5609075567735999 8.343686315001219711
159300 1227.9807972072253506 -2697.1824923744934495 -0.269718249237449 24076.445496471431397 324.91821367594155845 -8683.7495227423951292 8.3242514526051145651
159400 1211.5032026980820774 -2175.4118441777109183 -0.217541184417771 24081.692097382809152 320.55831604092679754 -8678.3305150353189674 8.3224378746770710791
159500 1194.8959204706718538 2520.3038146892467921 0.252030381468925 24041.701569564258534 316.16410361707261245 -8667.5703219665629149 8.336281266018669811
159600 1238.6882768861646582 -678.66247885208247226 -0.0678662478852082 24095.364534821917914 327.75136479537661671 -8668.7825972983009706 8.3177154721162818163
159700 1225.5978999662281694 -2929.2923415139102872 -0.292929234151391 24141.911105949435296 324.28770974894285928 -8660.8155430260794674 8.3016785836884263716
159800 1200.7935060980973958 -67.182117273092089249 -0.00671821172730921 24078.643717738905252 317.72457833412198625 -8667.7346166550596536 8.3234915033823337893
159900 1201.9540221675824796 2029.8947700124804214 0.202989477001248 24021.159789470028045 318.03164568329952999 -8677.8004345761801233 8.3434100665458323931
160000 1156.3866983127497861 746.1415696081284068 0.0746141569608128 24052.34740292665083 305.97473607805358142 -8670.5985151823351771 8.3325915362915310425
160100 1196.1481523665381701 -1992.8933993724510856 -0.199289339937245 24081.638710785198782 316.49543856273157871 -8675.7166001387213328 8.3224563246940022054
160200 1215.8209954384253706 2239.2314956048448948 0.223923149560484 24053.687728510849411 321.7007846425579487 -8666.874723115359302 8.3321272255486285019
160300 1245.6846615104759621 -2282.8523247514067407 -0.228285232475141 24107.858089601031679 329.60257680088278676 -8671.7901153327948123 8.3134049343031861667
160400 1175.2175637481200283 -732.65147288342097909 -0.0732651472883421 24114.701240353471803 310.95729864999907477 -8659.2779357935087319 8.3110457973325679859
160500 1202.3260748781401617 1842.2249657517172636 0.184222496575172 24041.682124651008053 318.13008916253193092 -8672.1215998147963546 8.3362880084032173755
160600 1190.4617106956472981 1038.5688678397466447 0.103856886783975 24032.170651102547708 314.99083158998388399 -8678.0067620795143739 8.339587351772379975
160700 1168.5325792323810674 -1695.7388905075554248 -0.169573889050756 24078.031430877359526 309.18848171715683293 -8674.7931168259165133 8.323703163729415877
160800 1190.5787919317829164 2267.7502828100086845 0.226775028281001 24056.555098547356465 315.02181076016847783 -8663.4658177800629346 8.3311340953249111152
160900 1222.0946833340151443 797.06726144809215384 0.0797067261448092 24075.741177294490626 323.36077433362754618 -8666.0211512425776164 8.3244949728310793091
161000 1199.4926095141083806 -2919.9564929553748698 -0.291995649295538 24134.534619388137799 317.38036693015851597 -8662.913942238472373 8.3042159112762394813
161100 1194.254527011655 624.18041852414171444 0.0624180418524142 24065.157510211858607 315.99439378330225736 -8670.0766650239129376 8.3281560202763778022
161200 1179.3705986597215087 3983.8634883513173008 0.398386348835132 23994.764352738297021 312.05617306878502859 -8676.1709228343024733 8.3525882334701204712
161300 1172.1118293115825963 -816.53669347766901865 -0.0816536693477669 24065.552093874008278 310.13553524167332398 -8675.5170629640742845 8.3280194701449445915
161400 1176.9484386011656625 -1751.7849484722123634 -0.175178494847221 24100.754590845037455 311.41528037628279435 -8669.2185498695707793 8.3158552418811630957
161500 1217.5348925868545393 1070.3681280120902102 0.107036812801209 24046.25475430725055 322.15427414431434272 -8675.7499374924045696 8.3347027820068539938
161600 1197.8187950641247426 1345.426602852441647 0.134542660285244 24048.644025057223189 316.93748313071273515 -8671.4831306353516993 8.3338747161272976882
161700 1192.0103457755465115 -2810.8932382031562156 -0.281089323820316 24106.657825145768584 315.40059348930765282 -8670.3581833615953656 8.3138188566526558532
161800 1168.8408074041092277 1954.8582437562381529 0.195485824375624 24066.993990301747544 309.2700375095521963 -8658.958846134461055 8.3275205236820433186
161900 1209.9574643404009748 3570.7882163868157477 0.357078821638682 24048.93238243664382 320.14932060131536673 -8661.6713241990546521 8.333774789268369787
162000 1224.965510934442591 -4467.9806036133113594 -0.446798060361331 24132.489876355881279 324.12038244624943673 -8671.5008038540890993 8.3049195265148618716
162100 1166.5442405514941129 -1070.5719660441102405 -0.107057196604411 24077.460921049801982 308.66237621628431498 -8670.6761469789416878 8.323900391936831511
162200 1185.4041664805747587 7041.445725999035858 0.704144572599904 23954.743857840698183 313.65262806458201794 -8675.6078341695356357 8.3665426600656669365
162300 1186.5988827398687135 -1242.6576268935803 -0.124265762689358 24084.098481008240924 313.96874463065717009 -8672.1418827645138663 8.3216063310657926166
162400 1217.7172236216608781 -6653.8580663374741562 -0.665385806633747 24175.043153852388059 322.20251811870031133 -8668.671453390890747 8.290301081246786552
162500 1257.1708570532298381 3277.6086047477620014 0.327760860474776 24037.845748782343435 332.6417726467558964 -8671.2741979966431245 8.3376184576657639269
162600 1195.9094981094206105 3499.2391244840250693 0.349923912448402 24036.969681848750042 316.4322917162294857 -8663.0743157233300735 8.3379223358971863433
162700 1169.2845801243549886 -5361.7982475633889408 -0.536179824756339 24161.357170591571048 309.38745778181402102 -8663.9010428458677779 8.2949970476622496562
162800 1225.2515861111357935 -440.62013543878720156 -0.0440620135438787 24050.664796846798708 324.19607665547448505 -8681.531722534007713 8.3331744918687800094
162900 1184.4559496036638393 6488.8777629559108391 0.648887776295591 23947.359181225823704 313.40173412998308322 -8678.1403485929513408 8.3691226611197109264
163000 1184.6620601417871512 -5625.4337469024267193 -0.562543374690243 24109.607235884119291 313.4562700543388587 -8685.0072933444171213 8.3128017987482021312
163100 1211.5603331441611772 -4804.8110815106601876 -0.480481108151066 24106.668154847873666 320.57343250083295061 -8683.5024736315281189 8.3138152941830689713
163200 1240.2486217184830366 6642.7061011771857011 0.664270610117719 23962.855901320450357 328.16422504269348792 -8679.0791074773551372 8.3637103700367507741
163300 1197.6633472350590637 -1381.208087636236769 -0.138120808763624 24100.269152806438797 316.89635233204330689 -8667.1340026513462362 8.3160227434319669015
163400 1179.780845181046061 -6774.2316710401537421 -0.677423167104015 24182.055852369612694 312.16472245911643313 -8664.228294722362989 8.2878969274207143769
163500 1189.8192496465908334 6075.8053608149912179 0.607580536081499 23985.282122173462994 314.82083927667525813 -8669.749997019120201 8.3558903070934142931
163600 1211.0704703148230692 2905.6610438429715941 0.290566104384297 24000.927975497979787 320.4438169923357691 -8680.3289154119629529 8.3504432246191857558
163700 1177.1111472667571434 -7913.347927549664746 -0.791334792754966 24161.612599151285394 311.45833235974521358 -8676.8672844456650637 8.2949093557029467405
163800 1197.0224629641206775 1677.1999364342943863 0.167719993643429 24044.207349197298754 316.72677722715576465 -8672.1288403173093684 8.3354124961104627545
163900 1212.7708535008061972 6640.9388083644389553 0.664093880836444 23984.590319721810374 320.8937307602145097 -8668.1685091792751336 8.3561313212330396993
164000 1186.5454814620443358 -5321.300057595070939 -0.532130005759507 24165.294327255269309 313.95461489195270133 -8663.8955418112655025 8.2936455763141552211
164100 1218.2992815020227226 -4470.5895272366378776 -0.447058952723664 24128.245547646827617 322.35652802437090259 -8672.9487007544630615 8.3063804204826041655
164200 1180.9379625717342606 8282.8004226611283229 0.828280042266113 23965.494052811551228 312.47089053312117812 -8666.273678008637944 8.3627896823624130462
164300 1165.7953317765254724 -734.75177285026643403 -0.0734751772850266 24061.746784727936756 308.46421831192418495 -8675.0368989322469133 8.329336527004612023
164400 1167.7591349413617081 -4130.2720497912732753 -0.413027204979127 24116.931528737808549 308.98383182524696622 -8673.6114976500302873 8.3102772074777018219
164500 1172.7974381124845422 6047.2011176526484633 0.604720111765265 23998.520794171025045 310.31694425668086978 -8664.8346238789144991 8.3512808192015572928
164600 1209.5567387909059107 1471.2922567197269927 0.147129225671973 24056.939556515066215 320.04329041744574624 -8669.7208549571423646 8.3310009540799292438
164700 1196.4681185527192611 -4710.4847687287756344 -0.471048476872878 24144.236265091662062 316.5801001811274773 -8668.0795323842066864 8.3008791082507791259
164800 1225.9869118855397119 400.10918070973201566 0.0400109180709732 24061.590505035557726 324.39064055878031922 -8673.6567014522915997 8.3293906259283669868
164900 1201.3368137823147208 3285.6056884127492594 0.328560568841275 24024.673282079900673 317.86833511161705701 -8671.2153770780623745 8.3421898830592251528
165000 1174.0791905021123966 -4437.6482066055732503 -0.443764820660557 24100.024112756254908 310.65609019264331891 -8681.2613219963386655 8.3161072976473828788
165100 1185.3854171376622162 99.558738821065361435 0.00995587388210654 24021.232421291657374 313.64766707250413447 -8685.5208923485588457 8.3433848389862674821
165200 1205.5349810095970042 3977.2002241422342195 0.397720022414223 23995.497004114637093 318.9791513387955888 -8678.7570889679718675 8.3523332049843919123
165300 1221.5576879775014731 -4596.0918815840468596 -0.459609188158405 24125.510096673438966 323.21868776974355342 -8676.1208677992981393 8.307322232544422036
165400 1198.0699976584837714 -1647.9447887346607331 -0.164794478873466 24110.56801947105123 317.00395021099240012 -8665.932652301271446 8.3124705413708070978
165500 1234.7904921053379894 3108.9908651098326118 0.310899086510983 24027.228177179767954 326.72002841686014563 -8673.217826270905789 8.3413028302582432616
165600 1214.9590027281788025 -2582.2469631911690158 -0.258224696319117 24092.613553624083579 321.47270523589952518 -8676.9730960376618896 8.3186652187604881448
165700 1173.133217535779977 -3211.7136082951733442 -0.321171360829517 24087.334263408913102 310.40578998672356192 -8677.4975542949960072 8.3204884445027982309
165800 1180.5832345327298754 4719.7833400557483401 0.471978334005575 23984.669216248796147 312.37703108431207966 -8675.0850983679774799 8.3561038341022264575
165900 1194.6128020106318672 1471.5194492403647928 0.147151944924036 24054.94231914298507 316.08919174181846756 -8669.4732397235602548 8.3316926616812843065
166000 1183.6299113061622847 -3673.2986992811333948 -0.367329869928113 24145.458555619552499 313.18316809974669468 -8661.9068015118555195 8.3004589014494136734
166100 1215.9552074407329201 888.21112214298875642 0.0888211122142989 24063.631378314479662 321.73629653667131834 -8669.0839395960356342 8.3286841976054386549
166200 1168.9621338073243351 4977.1104059074395991 0.497711040590744 24019.09510244163539 309.30213993191421196 -8660.7602122830776352 8.3441272680250513361
166300 1210.3678225432217914 -3636.8252097889667311 -0.363682520978897 24110.694812525394809 320.25789954207004939 -8674.1518248495176522 8.3124268278429607193
166400 1173.203197319667197 -288.32713497286334814 -0.0288327134972863 24083.802642382455815 310.42430632380779798 -8665.9511233120865654 8.3217085513263491237
166500 1207.2820074618273338 4897.0295948206503454 0.489702959482065 24028.116729826462688 319.44140670581293762 -8661.5634807306614675 8.3409943713477900928
166600 1220.7225353053029266 -1287.0193051214835123 -0.128701930512148 24124.977550169358437 322.9977101168237823 -8659.8048159564641537 8.3075056124213162434
166700 1180.8270558556000651 -2920.3906159062480583 -0.292039061590625 24142.353051865542511 312.44154511324740042 -8657.9699316489495686 8.3015266145353354688
166800 1253.1267043434449988 1299.0665681781122203 0.129906656817811 24032.678285102621885 331.57170797043158927 -8679.6921281609356811 8.3394111975362132938
166900 1200.039124903424181 1928.2616123858856554 0.192826161238589 24036.943116458576696 317.52497245204193632 -8671.3900869495155348 8.3379315508859246364
167000 1173.5497023907566927 -2582.8454376731710909 -0.258284543767317 24121.965547946110746 310.51599001217175555 -8664.770633732630813 8.308542933585071566
167100 1226.6131767746232981 -916.12204092533499988 -0.0916122040925335 24070.543259638568998 324.55634744077048026 -8676.6207082376040489 8.3262926073476410949
167200 1213.6458686255400607 3027.0255439582097097 0.302702554395821 24017.461437847228808 321.12525583936439943 -8673.973174736409419 8.3446948344734970249
167300 1186.0212089091314738 -2356.8779465990787685 -0.235687794659908 24091.421653499997774 313.81589472486280101 -8672.9919123671006673 8.3190767767934303833
167400 1156.209896027670311 -258.48620855203006386 -0.025848620855203 24081.424754803912947 305.92795498605886451 -8666.1534153652428358 8.3225302671341943039
167500 1179.8266073534070983 4874.5173175786549109 0.487451731757865 24013.116947720031021 312.1768309247628963 -8665.0502282513571117 8.3462045695237954135
167600 1221.9560776189969147 -446.19236090319151344 -0.0446192360903192 24088.937115043238009 323.32409988282881841 -8667.7276722958285973 8.3199348082656356951
167700 1215.9982411553833117 -3989.0414247163575965 -0.398904142471636 24159.192396056474536 321.74768306463971612 -8661.1700434820813825 8.2957403174737187612
167800 1207.3693969258724792 1576.9691419199707525 0.157696914191997 24064.108901704181335 319.46452956621612884 -8666.2155094854551862 8.3285189248531406037
167900 1207.6995676165772693 1982.9941679544747331 0.198299416795447 24016.244181828820729 319.55189125076037726 -8680.4658440837811213 8.345117782788484817
168000 1197.8881063715209621 -2240.8949223860686288 -0.224089492238607 24075.73125613720913 316.95582259191434105 -8679.9952119708032114 8.324498403199321217
168100 1162.6721286937881814 383.08574324681205781 0.0383085743246812 24080.173314367300918 307.6378327781291091 -8663.3288573895915761 8.3229627868995308404
168200 1215.8624035748375718 2124.5970131713638693 0.212459701317136 24054.940784077512944 321.71174104981230357 -8666.9931365216561971 8.3316931933680535849
168300 1186.9520236891971763 -9.483186171576141632 -0.000948318617157614 24102.54522808353795 314.06218414265327965 -8660.3288374461662897 8.3152374365861128069
168400 1219.0784115593660317 -2634.23770367738598 -0.263423770367739 24108.025431132893573 322.56268234455978927 -8672.114435824641987 8.3133472282948410736
168500 1199.0176795183654122 2016.1439466611195712 0.201614394666112 24038.18550129948926 317.25470258248401478 -8673.2203235948691145 8.3375006148752657253
168600 1173.8932127199054776 1778.6220315263221892 0.177862203152632 24045.530193758047972 310.60688130524414419 -8669.0028382777818479 8.3349539304230670922
168700 1183.4532785173680622 -1639.2911177326825509 -0.163929111773268 24094.987892736146023 313.13643185570919059 -8668.5516197400338569 8.3178454909284180729
168800 1217.0259452812726977 -241.45250110700416712 -0.0241452501107004 24074.762844185599533 322.01960896896230224 -8671.1448082923088805 8.3248332577437675894
168900 1219.9339347586460462 1236.0825663140396955 0.123608256631404 24057.334394403784245 322.78904994762046954 -8669.6779824143377482 8.3308642226044593571
169000 1209.6812332730592061 -2281.157528262544929 -0.228115752826254 24097.952414770283212 320.07623109929170369 -8673.9066608592256671 8.3168222323622966741
169100 1198.2954905534522823 -1911.6219003553812854 -0.191162190035538 24061.196116327231721 317.06361462007470209 -8683.1159526316314441 8.3295271535388089035
169200 1183.8230848724363113 3332.334905973572404 0.333233490597357 24000.361254330618976 313.23428095934991688 -8677.8439515121390286 8.3506404038567030312
169300 1189.2345209885536406 187.60259408413679694 0.0187602594084137 24072.056980204393767 314.66612269520538803 -8668.3364637081795081 8.3257690259865970717
169400 1197.4609092905106991 -2896.6077877379734673 -0.289660778773797 24129.119634132439387 316.84278815948255215 -8664.7059394293009973 8.3060795187099749626
169500 1227.5458003394840034 236.60145192804961312 0.023660145192805 24069.883412670595135 324.80311545490860681 -8671.2509140219663095 8.326520862667253553
169600 1213.7474369273907087 1388.1160257629237549 0.138811602576292 24044.748068033008167 321.15213035668460861 -8672.9375820252280391 8.3352250491666524113
169700 1198.6676265550145217 -2711.2445957231739158 -0.271124459572317 24089.643365407664533 317.16208013773353969 -8677.3687427580698568 8.3196908878015083388
169800 1202.5281423469382389 -1402.077234699453129 -0.140207723469945 24064.022308266918117 318.18355530887004079 -8679.9051405413101747 8.3285488947007326743
169900 1238.3329287680169273 2404.5345654140023726 0.2404534565414 24039.866200009713793 327.65734127640610041 -8672.8577235947195732 8.3369177153527260771
170000 1222.4136567596117402 -1897.8388500134658443 -0.189783885001347 24121.261077653547545 323.44517327202356682 -8665.0547190428515023 8.3087855876342260331
170100 1200.8271225834075722 -2440.0446976154944423 -0.244004469761549 24125.845451817316643 317.73347310542612831 -8664.0685119265253888 8.3072067587365463481
170200 1199.4617169978212132 1949.4044953195411836 0.194940449531954 24033.654437694818625 317.37219290884581824 -8673.5760402149317088 8.3390724834268397103
170300 1177.4384983635050048 1510.0837735226832592 0.151008377352268 24033.428394832808408 311.54494799236920244 -8674.7403780794647901 8.3391509153417402445
170400 1167.5659995957519186 -1113.207238206315651 -0.111320723820632 24074.837286816949927 308.93272907866008836 -8673.0424457651188277 8.3248075162408898819
170500 1196.5118178642969724 2760.8552377075138793 0.276085523770751 24058.690928901021834 316.59166282305886853 -8662.5309588852323941 8.3303944919469117281
170600 1247.807752627219088 -1380.6380808055894249 -0.138063808080559 24103.355442331605445 330.16433719216274767 -8670.1709874229745765 8.3149579267949000894
170700 1190.9757513774375184 -1832.0374038087052213 -0.183203740380871 24120.205935756519466 315.12684444984608945 -8663.0611830701454892 8.3091490566614094604
170800 1203.0519444036187906 1364.4502816683454967 0.136445028166835 24049.777656880705763 318.32215098476621051 -8673.3227067658426677 8.333481883157034531
170900 1198.3819034884656958 1171.2535597000232883 0.117125355970002 24030.969486871716072 317.08647909527405773 -8678.8953578829587059 8.3400041977940233551
171000 1158.1826478584412143 -1516.4052066710078179 -0.151640520667101 24067.05889787313572 306.44993627626945454 -8676.2078619393814733 8.3274980648043221976
171100 1166.0371399757004838 161.54810319164474208 0.0161548103191645 24037.003349197289936 308.52819967735501905 -8680.2945126381728187 8.337910657414086657
171200 1199.6226907540249158 3058.0356599750334681 0.305803565997503 24016.100162696053303 317.41478584306219091 -8674.8467550165332796 8.3451678265765192322
171300 1182.4040746862440301 -1059.7574260670853619 -0.105975742606709 24108.750793164479546 312.8588172257686324 -8662.0755514011871128 8.3130971039111045684
171400 1193.8575217462605451 -1584.0716746797443193 -0.158407167467974 24122.081327356536349 315.88934796992697329 -8660.5948147810086084 8.3085030548453691068
171500 1210.8928103420550997 2812.3322840759697101 0.281233228407597 24048.40186489637199 320.39680896002391819 -8665.2288018870985979 8.3339586357346426837
171600 1173.3656920527052989 732.70120989034296599 0.0732701209890343 24057.278119100767071 310.46730170167575125 -8670.8649212360596721 8.330883710341442594
171700 1177.8063179442494857 -1274.4487907159543738 -0.127444879071595 24068.002309888797754 311.64227140443097142 -8675.4091496539313084 8.327171645451624471
171800 1212.1557135147400004 1042.3115161147024992 0.10423115161147 24041.734142753812193 320.73096747768778414 -8676.9602315707561502 8.3362699715226806774
171900 1211.2399276541582367 220.25646055704248738 0.0220256460557042 24071.543006325777242 320.48865464461528063 -8670.2999320663348044 8.3259467972162024552
172000 1209.4929166954113953 -1943.7607325323288023 -0.194376073253233 24113.862771727428481 320.02640337710414542 -8664.6166629639265011 8.3113347826028523002
172100 1250.3220070285424299 1108.0405465041019397 0.11080405465041 24090.061942122127221 330.82959763488531735 -8661.2956407276906248 8.3195463290666431533
172200 1239.1210586318054538 175.40854555613603338 0.0175408545556136 24116.458215425769595 327.86587690503250769 -8657.025906582683092 8.3104403062542271385
172300 1223.5258228493651131 -3911.6976119881746854 -0.391169761198817 24134.577222634961799 323.73944743332594953 -8668.4039271662986721 8.3042012523676991265
172400 1216.397946549793005 1943.0199314491424047 0.194301993144914 24043.291510899973218 321.8534433200472904 -8671.3902553371317481 8.3357300021384741484
172500 1169.7880293877849454 2930.6310960324453845 0.293063109603245 24032.944297400619689 309.52066819986140445 -8667.7718345230459818 8.3393188914954237134
172600 1168.8639670523114091 -2318.4778370422786793 -0.231847783704228 24102.025655225570517 309.27616544863752779 -8670.3579843772859022 8.3154166900539081553
172700 1200.4226711462565618 591.8428741737366181 0.0591842874173737 24066.640541412416496 317.62645706838657134 -8670.2368179952136416 8.3276428237959674306
172800 1204.4760434424472351 4000.3469014179072474 0.400034690141791 24047.339816202398652 318.69896120594074773 -8659.6652730462737964 8.334326704300744737
172900 1234.9919433731220124 -4002.8188735690328031 -0.400281887356903 24147.934330046271498 326.77333151917247278 -8666.8656946088922268 8.2996078943364501868
173000 1158.4900813337692398 -376.1664901994801653 -0.037616649019948 24107.11504489300205 306.53128179556011901 -8657.5060432030204538 8.3136611753146318904
173100 1226.0012271120262994 3562.7009284063819905 0.356270092840638 24004.171229374776885 324.39442830353084446 -8677.3655277115867648 8.3493149787363183378
173200 1178.282687371980046 480.21833547227168992 0.0480218335472272 24066.342769754668552 311.76831661935619877 -8668.8233748961993115 8.3277458613049262226
173300 1181.4134799861235479 -3990.1834572010884585 -0.399018345720109 24132.514014009211678 312.59671030913608547 -8668.7761318915763695 8.3049112198267014406
173400 1167.6609962242016536 5422.0953223752503618 0.542209532237525 24026.680610733052163 308.95786476066047044 -8658.8282123827120813 8.3414929279927463313
173500 1214.5881295275664797 2807.5712084644201241 0.280757120846442 24054.745695724395773 321.37457384971065721 -8663.341180393790637 8.3317607649119107549
173600 1187.6410660573051246 -5260.4219655378574316 -0.526042196553786 24172.357235894363839 314.24450166415027752 -8660.2029504053716664 8.2912222602751395328
173700 1174.3639740011819868 398.30566077581960371 0.039830566077582 24053.772558505694178 310.73144262976001073 -8671.6309113606585015 8.3320978407896326701
173800 1201.0079971608904543 6618.0553606008652423 0.661805536060087 23943.251080976289813 317.78133170773389793 -8680.8679166267156688 8.370558606254155265
173900 1194.8157937323805982 -3549.8672147635124929 -0.354986721476351 24107.819658632648498 316.14290244134372188 -8675.9344371923161816 8.3134181869409911059
174000 1239.857726387377852 -5740.1485186583913674 -0.574014851865839 24155.856218452096073 328.06079589053916834 -8673.018090362282237 8.2968860463938032268
174100 1205.8823451873636259 6283.5863574213981337 0.62835863574214 24011.614467196435726 319.0710623429347379 -8662.27903814171259 8.3467268171980926184
174200 1244.980554144626467 -1190.8939764792867209 -0.119089397647929 24067.148105054820917 329.41627314852257769 -8678.9420792451310263 8.3274671981378780572
174300 1187.9866234730109227 -5775.0652486977232911 -0.577506524869772 24144.016966592567769 314.33593460714820367 -8671.6782047417473223 8.3009545045832169308
174400 1196.1012026095290821 3317.8438516947308017 0.331784385169473 24020.030788139138167 316.48301586751142622 -8671.6037359869405918 8.3438022276197454374
174500 1221.3307368596153992 4153.9340372213528099 0.415393403722135 24023.762014682230074 323.15863752141473242 -8667.7895355549771921 8.3425063183311429782
174600 1240.2502820316667567 -5539.5707588900049814 -0.553957075889 24190.748969753542042 328.16466435411842895 -8658.0323002780587558 8.284918612820117545
174700 1254.217167417853716 -2830.1456422458795714 -0.283014564224588 24162.337817870738945 331.86023961117246017 -8656.5666888189243764 8.2946603887533800759
174800 1256.7000813720685528 3631.6502888859286031 0.363165028888593 24026.697539561395388 332.51720751209506943 -8669.4075356671382906 8.3414870507097091945
174900 1192.3488788555473548 1028.2951599754699146 0.102829515997547 24071.037899685325101 315.49016782456942565 -8663.145774349635758 8.3261215088772804194
175000 1197.150632318353928 -4569.0022651624904029 -0.456900226516249 24134.805680003941234 316.76069026367895276 -8672.0972993684008543 8.3041226457281958062
175100 1208.7351005690222792 1466.2062582536427726 0.146620625825364 24027.317931696750748 319.82588862749150849 -8677.9879045665275044 8.3412716711580614515
175200 1193.933284207200586 3358.2089463915372107 0.335820894639154 24004.641269229276077 315.90939437743458029 -8675.2644733711676963 8.3491514890697260398
175300 1150.090455195377217 -2432.0028430065726752 -0.243200284300657 24116.864851935046318 304.30877837641946826 -8663.5948800387050142 8.3103001832134655302
175400 1221.0536517124171496 -1638.7307710658906217 -0.163873077106589 24093.568625091353169 323.08532203369009039 -8669.9239263539857347 8.3183354660401747083
175500 1222.7831049503199665 4116.4328783195869619 0.411643287831959 24026.879577515952406 323.54292760698035636 -8666.6223418478148233 8.3414238520227641516
175600 1217.6696555550838639 -3066.284946705594848 -0.306628494670559 24108.502784580916341 322.18993182154048327 -8672.6153429380101443 8.3131826222635378798
175700 1175.8256909119777447 -2321.6344304597064365 -0.232163443045971 24102.346724405524583 311.11820637120922584 -8668.4074174692723318 8.3153059197605347919
175800 1222.5556973863851908 3341.4587844184993628 0.33414587844185 23996.684011578563513 323.48275658507338903 -8679.1360786260847817 8.3519200528234218694
175900 1209.0921181272326521 1658.5461799783583956 0.165854617997836 24068.517782803148293 319.92035387281822523 -8663.0912150116164412 8.3269933032921645832
176000 1206.8844496573260585 -5398.0261225005688175 -0.539802612250057 24182.859337406818668 319.33621469306706331 -8657.6763490556295437 8.2876215587772392723
176100 1200.4943769097405948 1296.8558697509715785 0.129685586975097 24069.685507027807034 317.6454300919342586 -8663.4480851437365345 8.3265893249437148427
176200 1194.2232508418626367 4439.9640068548569616 0.443996400685486 23996.86674891203802 315.98611824899205658 -8673.5281799448166566 8.3518564525369427543
176300 1187.3422346326478873 -2159.8471200109975143 -0.2159847120011 24088.141113364152261 314.16543220890252996 -8675.3654764961174806 8.3202097436392730145
176400 1172.8298699149693221 -1574.1235694366903317 -0.157412356943669 24088.754706856801931 310.32552556622056272 -8668.5193163401581842 8.3199978096219986412
176500 1238.8162028241338248 2592.4363669533627217 0.259243636695336 24015.372581457075285 327.7852134250476297 -8677.7062158291264495 8.3454206557810692857
176600 1229.2484573242247734 -215.49980622291886334 -0.0215499806222919 24088.185986219690676 325.25363085974476007 -8667.2722986202024913 8.3201942442749761142
176700 1244.0374786795534874 -3113.600740106980993 -0.311360074010698 24161.987111148573604 329.16673960844605062 -8655.9696770387381548 8.2947807841969769527
176800 1250.5253864640526444 -307.11782997074521973 -0.0307117829970745 24124.204112224015262 330.88341092173368452 -8657.1410255634364148 8.3077719565478176378
176900 1243.366960226406718 -31.549414727657588031 -0.00315494147276576 24073.680066793760489 328.98932343180166527 -8671.1018197681478341 8.3252076891234860767
177000 1213.9088140060023306 -115.36896337200393248 -0.0115368963372004 24068.734909827249794 321.19483000820196139 -8671.3918144328436028 8.3269181844592701225
177100 1199.8276160472692027 -1914.6160699670706435 -0.191461606996707 24090.685979213696555 317.46900815693663844 -8672.9477285728225979 8.3193308223144128988
177200 1192.333011795325092 262.67890384883463639 0.0262678903848835 24054.47520080580216 315.48596947156960368 -8674.1030417472011322 8.331854456373937623
177300 1172.6515134190833578 2559.0269069857108661 0.255902690698571 24039.313660759715276 310.27833323701429435 -8667.2044891466266563 8.3371093378893235126
177400 1212.4267328907703813 -624.67026282242375146 -0.0624670262822424 24090.152575545020227 320.80267798955537728 -8667.8108141644843272 8.3195150287683841128
177500 1236.6305447060531151 -2094.1056335321059123 -0.209410563353211 24121.933779881717783 327.20689808571313506 -8666.3262262184234714 8.3085538757561820944
177600 1193.0422584059708697 977.15325431263238443 0.0977153254312632 24094.18861958600246 315.67363294506270677 -8658.2782719883489335 8.318121417653859595
177700 1193.9964143843499187 -253.73071636484303326 -0.0253730716364843 24062.431361215047218 315.92609833928401031 -8674.5252108760196279 8.3290995572714212614
177800 1181.7747813715477605 1405.9436735514584598 0.140594367355146 24037.560434324361267 312.69230903593836501 -8674.7950200376399152 8.3377174212480973381
177900 1186.7124355488933816 255.89548903357757581 0.0255895489033578 24054.68759798049723 313.99879019484689024 -8672.7713285682257265 8.331780888079222791
178000 1210.4484452649780906 -955.99007284311653621 -0.0955990072843117 24090.243130407641729 320.27923195280015989 -8668.5010151012756978 8.3194837558361669494
178100 1182.9301332284805994 984.98519813994357719 0.0984985198139944 24097.586936050694931 312.99800995762666389 -8656.1500658521326841 8.3169483703672604236
178200 1236.3313991294314746 -603.7028661643965961 -0.0603702866164397 24080.265147303089179 327.12774550726402367 -8672.1704590611989261 8.3229310462977359464
178300 1220.4459012386232644 -674.12072769880774104 -0.0674120727698808 24064.978884788401047 322.92451398298203458 -8672.9819563679593557 8.3282178370933745981
178400 1185.1149964281489702 210.71103427638149697 0.0210711034276382 24076.352577096542518 313.57611496511299265 -8666.8929096181309433 8.3242835789099167698
178500 1209.7194255473129942 -1280.4066607490924525 -0.128040666074909 24068.589303398894117 320.0863366038362301 -8677.881968896901526 8.3269685593607984941
178600 1164.2825118405230569 859.27343352712171054 0.0859273433527122 24036.695156523634068 308.06393293910957709 -8675.3535644341864099 8.3380175640816425187
178700 1198.7811171908215329 -258.96823137913634127 -0.0258968231379136 24028.382314468984987 317.19210925116857425 -8687.1444499250628724 8.3409021787074610899
178800 1170.763924960938084 1306.184159453131997 0.130618415945313 24044.240694099997199 309.77888579339736452 -8668.9682154011570674 8.335400936439182118
178900 1195.2833266056591128 -837.56420144254900606 -0.0837564201442549 24098.786040412578586 316.26660954357686251 -8664.2011519687148393 8.3165345366973095764
179000 1192.9893103943115875 -597.08310270994411439 -0.0597083102709944 24105.077214543773152 315.65962313855339971 -8661.2383239198534284 8.3143640077886988848
179100 1195.988122114818907 1975.1056372712457687 0.197510563727125 24055.811281538975891 316.45309527557191132 -8666.7810621406642895 8.3313916979127711215
179200 1190.2648548988272523 -644.46450045147821584 -0.0644464500451478 24058.692768188288028 314.93874442868622054 -8676.6622603442028776 8.3303938550881824199
179300 1162.8199722163333263 466.16743298880908242 0.0466167432988809 24051.740353508976114 307.67695151138468646 -8673.8489588794109295 8.3328018451825087709
179400 1163.3138548492977407 3164.8654091133857946 0.316486540911339 24036.785231215912063 307.80763064189989109 -8665.8389859819835692 8.3379863184571103574
179500 1200.4196209714721135 1066.3181033275861864 0.106631810332759 24092.136622796886513 317.6256500058130996 -8657.861478096614519 8.3188298960552451433
179600 1195.7919080695382945 -3442.0852203626491246 -0.344208522036265 24155.4037300794771 316.4011779188545006 -8658.0564197716976196 8.2970414668747398679
179700 1199.0227544182566817 1310.548531083485841 0.131054853108349 24061.125532176723937 317.25604537824352747 -8666.0846990872960305 8.3295515884970772191
179800 1190.5209242547691701 4271.7985894070334325 0.427179858940703 23999.351749386554729 315.00649923226217197 -8673.7825103004306584 8.3509916638766323871
179900 1174.4968837188491761 -2132.284824145505354 -0.213228482414551 24085.942131465424609 310.76660994519590986 -8674.2248772407092474 8.3209693564673710142
180000 1205.3914453930117361 -2433.922334822952962 -0.243392233482295 24080.592309036583174 318.94117245814385342 -8678.650625789345213 8.3228179699865751928
180100 1192.7315683999711382 4239.2785977927524073 0.423927859779275 24015.34774596817806 315.59142576235592514 -8667.6035323776413861 8.3454292862037569023
180200 1221.070348778212292 -1609.9075479506122974 -0.160990754795061 24088.924156876411871 323.08974000244342051 -8674.5925600389036845 8.3199392838122605554
180300 1161.0686674582907472 -2195.8677868919571665 -0.219586778689196 24126.851899480436259 307.2135641238298831 -8661.1372929233748437 8.3068602249714196262
180400 1194.5790994565991241 3556.8268302418996427 0.35568268302419 24021.518471837578545 316.08027419711618222 -8668.8587450108934718 8.3432854851593720724
180500 1200.8247557060647068 2368.6342348350890461 0.236863423483509 24037.871574226759549 317.73284684029238178 -8669.1713720738407574 8.3376095000215162401
180600 1201.6446406691163702 -5963.4792183610734355 -0.596347921836107 24151.293158385600691 317.94978472581988171 -8673.7032312720475602 8.2984536307523839582
180700 1201.7327284474004045 -637.37837997353153696 -0.0637378379973532 24055.035934366900619 317.9730923570400023 -8679.2654599144971144 8.3316602371496291113
180800 1179.6540566002202013 6952.8028817298581998 0.695280288172986 23957.602384466386866 312.13117476904659497 -8673.617051444194658 8.3655443971938243664
180900 1213.0860779071865636 -3956.0538800340018497 -0.3956053880034 24121.281859487869951 320.97713772493341366 -8672.9071198417514097 8.3087784291504220846
181000 1210.8805645512286446 -5184.0741142345814296 -0.518407411423458 24171.242489345866488 320.39356877867135154 -8661.0869825475547259 8.2916046407589547584
181100 1211.4349971943520359 6290.2670473094703993 0.629026704730947 24015.78749248733584 320.54026917041773004 -8660.4761093910365162 8.3452764753296335698
181200 1193.9170868483554386 2179.6302026569842383 0.217963020265698 24059.112877040744934 315.90510862889988175 -8664.7287679322107579 8.330248393689798192
181300 1175.3813833430342584 -5493.4718881818016598 -0.54934718881818 24165.726918395699613 311.0006445803798556 -8664.5085803107467655 8.2934971116058378016
181400 1225.353922444595355 1161.0624907502526639 0.116106249075025 24043.901008081465989 324.2231543905151625 -8675.7725996853823744 8.335518696829062435
181500 1218.8417147840259531 4682.4368156801183432 0.468243681568012 23992.840814957169641 322.50005343896020804 -8675.028007119679387 8.3532578715159520044
181600 1145.5664486109199061 -4764.1696717715094564 -0.476416967177151 24136.601597131113522 303.11174651613055175 -8668.1862049559495063 8.3035047660310219442
181700 1190.9084047724943503 -2373.0167869082074503 -0.237301678690821 24064.833340658675297 315.10902484010540547 -8681.9538825977870147 8.3282682061609722979
181800 1202.1568924015541597 8305.4977943602843879 0.830549779436028 23940.797593269708159 318.08532423770361675 -8673.4073036552963458 8.3714164332566873838
181900 1187.5958720426094715 -3600.8827567977014041 -0.36008827567977 24127.749142450356885 314.2325435304749135 -8665.4655375624333828 8.3065513162582629292
182000 1224.3909403779052809 -7311.8947759984957884 -0.73118947759985 24178.783044287712983 323.96835365289575748 -8670.3647601530174143 8.2890187661830836419
182100 1223.9145286238579047 6042.0732375843554109 0.604207323758436 23982.296121382049023 323.8422972386168226 -8670.6537165782356169 8.3569306868361898921
182200 1191.4873395861554854 1585.0693960747901201 0.158506939607479 24036.880664161588356 315.26220839632827619 -8674.0367399777423998 8.3379532143864736327
182300 1194.1923095314186867 -7824.7023718396558252 -0.782470237183966 24154.651763274927362 315.97793131696420232 -8680.4296877254328137 8.297299764937582367
182400 1203.5390165516362231 2383.6585769485800483 0.238365857694858 24013.931725830076175 318.45102809149705081 -8679.169030862956788 8.3459213878747906534
182500 1173.8571196228147073 5896.1161016774303789 0.589611610167743 24001.33601906977492 310.59733123356596707 -8664.9515605957785738 8.3503012598270291988
182600 1184.4409151676393321 -4316.1064232279095449 -0.431610642322791 24153.359613959502894 313.39775608561313902 -8664.153456270980314 8.2977436514354643293
182700 1207.9028275979956106 -1258.7067485381107872 -0.125870674853811 24096.823373670842557 319.60567293059153826 -8668.0947900170976936 8.3172119116976794828
182800 1237.4590749067997422 5728.2732620923106879 0.572827326209231 24013.088748291833326 327.42612346237655174 -8664.800177489163616 8.3462143707700633399
182900 1251.9167373498141842 -3235.427710084357841 -0.323542771008436 24144.541034782112547 331.25155612842274877 -8664.7972768993786303 8.3007743286091759671
183000 1178.7701431400348611 -4190.1648559569348436 -0.419016485595693 24162.504572560173983 311.89729523022907642 -8657.9705197365074127 8.2946031441282244145
183100 1234.7555902002172843 2899.7527924603882639 0.289975279246039 24012.628473885328276 326.71079352923686656 -8679.3615967833011382 8.3463743511266592634
183200 1186.2490847644169207 2806.5976592354859349 0.280659765923549 24024.058709160606668 313.87618965456169917 -8672.6584716999732336 8.342403289297187996
183300 1177.6616815622430749 -3748.775206857143985 -0.374877520685714 24116.891217443429923 311.60400126618372951 -8670.9676964834725368 8.3102910980752859871
183400 1210.9509396638502494 779.18792154404411576 0.0779187921544044 24063.558175786962238 320.41218971796638471 -8668.7402831692925247 8.3287095338724075333
183500 1213.3065968429832537 3890.7185652316070446 0.389071856523161 24050.033268915442022 321.03548604671806288 -8658.9533783293336455 8.3333933120421104235
183600 1193.9552335531936933 -2298.5371491956120735 -0.229853714919561 24143.124772836294142 315.91520207598136949 -8656.6981249334749009 8.3012612610552896086
183700 1204.2898415255237978 -1305.5237302257946794 -0.130552373022579 24105.720493801625707 318.64969301350049591 -8663.3420946250225825 8.3141421327400006902
183800 1202.6545674383030473 3465.7804215257770011 0.346578042152578 24020.304054493746662 318.21700682125810999 -8670.3230306306777493 8.3437073045740941524
183900 1177.7552387898433608 461.92091821633493964 0.0461920918216335 24060.293393485146225 311.62875608917238424 -8672.1878407195472391 8.3298396706932038569
184000 1186.1869350066936022 -2614.5843033975493199 -0.261458430339755 24090.353348710181308 313.8597451072969875 -8675.3021832874255779 8.3194456924933728459
184100 1180.2533060871492125 3859.5090537434493854 0.385950905374345 24029.939438530509506 312.28973349674168958 -8665.4325653347059415 8.3403616938048461549
184200 1220.8528710283931105 938.30251613114592146 0.0938302516131146 24088.474683225394983 323.03219636483424893 -8660.8896272267520544 8.3200945279086724327
184300 1189.5089167691087368 -3387.046846851457758 -0.338704684685146 24166.131416150292353 314.73872658857317219 -8655.2355816454146407 8.2933582933191374309
184400 1201.299501869083997 1169.0802602424114411 0.116908026024241 24073.557112499507639 317.8584625466523903 -8664.505004737766285 8.3252502096380549546
184500 1214.0246724820251529 3379.9119346799034247 0.33799119346799 24004.753301940534584 321.22548564154260475 -8677.6454786898066232 8.3491125227005955622
184600 1192.9239121785817588 -2994.0351974164063904 -0.299403519741641 24094.365148360910098 315.64231906386356741 -8675.3175633759146876 8.3180604744509842874
184700 1216.8944064272300238 -2737.06402045161758 -0.273706402045162 24095.37129862610891 321.98480437789561392 -8676.8220620243446319 8.3177131372529551356
184800 1205.8150442732276133 3637.6369966360803119 0.363763699663608 24019.482651094880566 319.05325482277680749 -8670.873931182499291 8.3439926375114712442
184900 1195.1095611796501998 -202.67074425112980407 -0.020267074425113 24083.338168561997009 316.22063199087745033 -8667.6414342888638203 8.3218690446822343176
185000 1206.0334548365756291 -3733.7223551528818462 -0.373372235515288 24122.534309608501644 319.11104527866376657 -8671.5111837255863065 8.3083470345708843041
185100 1217.5336817056759173 2661.0372872537641342 0.266103728725376 24032.422904187307722 322.15395375058307081 -8674.1434111578837474 8.3394998164188489653
185200 1210.5817323855133054 930.33832715629125687 0.0930338327156291 24044.968546089719894 320.31449912734296959 -8675.8656416933299624 8.3351486201117523933
185300 1190.8621015194141819 -5021.9480761611948765 -0.502194807616119 24111.751047796173225 315.09677320692645708 -8680.8181908607130026 8.3120626950852880555
185400 1183.1634978534675611 602.29654115216180799 0.0602296541152162 24019.499809883887792 313.05975719118146117 -8683.2054067570497864 8.343986676820771109
185500 1178.763045454623807 6220.7036489026349955 0.622070364890263 23974.264711030347826 311.89541721448955514 -8671.4424083230369433 8.3597302696570068292
185600 1220.0859154302368097 -5466.6425007832067422 -0.546664250078321 24150.291948064950702 322.82926335196594891 -8669.8305881957821839 8.2987976637536586821
185700 1234.3338141249021191 -5144.703113574809322 -0.514470311357481 24152.45723235852347 326.59919347060866812 -8669.9310368927544914 8.2980536708727683504
185800 1253.0743115255086195 4292.8172343403066407 0.429281723434031 24003.887909535093058 331.55784506569233372 -8674.230151229783587 8.349413526379523276
185900 1188.5282707725700675 284.73100720261959395 0.028473100720262 24066.684407413620647 314.47925205430647111 -8670.8917961453080352 8.327627645120585953
186000 1167.2466747648038563 -4756.2900882633257424 -0.475629008826333 24134.294147584321763 308.84823715998356874 -8670.6311553503383038 8.3042986536911289619
186100 1188.5452411644157564 4133.4896312556074918 0.413348963125561 24008.502657974793692 314.48374234390746551 -8672.0097566473996267 8.3478086598206964197
186200 1191.1406305993320984 3801.3110840529370762 0.380131108405294 24015.502682440856006 315.17047075277531576 -8670.3140582150845148 8.3453754455078659191
186300 1208.894249306343454 -5223.4398814234182282 -0.522343988142342 24154.809469915766385 319.86799866989343855 -8666.3114837270186399 8.2972455919052663376
186400 1226.4128897810651324 -318.81800851953983056 -0.031881800851954 24113.318267911472503 324.50335240019859384 -8659.3284960415658134 8.3115224611900355711
186500 1222.2654824187688973 3074.254009783721358 0.307425400978372 24042.43992578761754 323.40596700572950795 -8665.7248186188699037 8.3360252543504937961
186600 1179.1176667668571554 -427.64644931800569339 -0.0427646449318006 24090.200625978359312 311.98924842387356193 -8664.7891138191625942 8.3194984346225524519
186700 1180.1516195766519104 -1070.5084327977699559 -0.107050843279777 24094.034891788141977 312.26282770194353589 -8667.6037732019685791 8.3181744899804161975
186800 1195.1743903799294912 2756.7127205874653555 0.275671272058747 24027.412694544382248 316.23778550663007536 -8673.315642150470012 8.3412387736227966428
186900 1182.0415070878336792 50.1813204397846917 0.00501813204397847 24046.566376940008922 312.76288346468686541 -8678.640266250265995 8.3345947714916128746
187000 1178.6804891245863018 -2787.4538511350265253 -0.278745385113503 24070.605200578062068 311.8735731796769528 -8685.2767875212157378 8.3262711812811875944
187100 1177.5492213096501928 2749.6852084520469361 0.274968520845205 24011.32107654709398 311.57424478752773211 -8675.1323679442866705 8.3468288045728389335
187200 1177.1889424865239562 2596.6807619045066531 0.259668076190451 24052.261309034976875 311.47891662612516939 -8663.7096865858911769 8.3326213623949421105
187300 1195.9278172216079383 -3612.8640329694153479 -0.361286403296942 24131.859276588893408 316.43713887118627781 -8665.7353253051187494 8.3051365458608756853
187400 1189.6276745367160856 1851.5370819380757439 0.185153708193808 24069.012940604112373 314.77014936146906621 -8662.2792759929579915 8.3268219969032042371
187500 1244.7579558433631064 592.89609851222598991 0.0592896098512226 24036.955004482188087 329.35737463595768304 -8681.7082745726929716 8.3379274271719534539
187600 1178.5288253899630035 -2082.8871252166445629 -0.208288712521664 24082.446657453816442 311.83344363543221789 -8676.9313322627112939 8.3221771129943817868
187700 1168.3648074593504589 241.24459748793165659 0.0241244597487932 24054.054450543240819 309.14409005816486342 -8673.0040251670106954 8.3320001960436194111
187800 1202.1169786294885853 2668.7571509352314933 0.266875715093523 24030.914561493176734 318.07476323255588113 -8671.3097059487918159 8.3400232598187500344
187900 1185.6478516622660209 -1146.2230080626552535 -0.114622300806266 24103.770497921199421 313.71710607117177005 -8663.3702313753165072 8.3148147471307467526
188000 1210.7582502014229249 -1806.3284162402910624 -0.180632841624029 24099.380859844462975 320.36120495007060072 -8670.9197457558548194 8.316329268504855321
188100 1219.0368212742137075 1339.296391828831247 0.133929639182883 24040.390056242467836 322.55167774156541327 -8675.5885548909354839 8.3367360483208301503
188200 1183.1078998467880865 -475.14882460411553211 -0.0475148824604116 24063.509946667574695 313.04504620787020031 -8674.0060930278559681 8.3287262266295059021
188300 1147.3267495423010587 -1006.2778379106414377 -0.100627783791064 24064.308132984388067 303.577514250819263 -8675.577269372111914 8.3284499720505724696
188400 1175.9822551000017938 2595.9398399807996611 0.25959398399808 24003.625186129913345 311.15963255345417338 -8678.9916484873574518 8.3495049120071485049
188500 1219.5776188429670128 392.67471700464176365 0.0392674717004642 24052.231119037714961 322.69477035376201002 -8677.5408009187176503 8.3326318213754362318
188600 1208.2272358477157468 -3591.6817297203051567 -0.359168172972031 24124.408571683372429 319.69150989908530391 -8671.6174316106789774 8.307701546425320771
188700 1214.7130257898522814 201.07215678792289282 0.0201072156787923 24069.728731168310333 321.40762084077846339 -8669.5027789273517556 8.3265743721508975739
188800 1180.2138453291827318 4071.0090785851930377 0.407100907858519 24040.3758073494173 312.2792923570936523 -8660.4815561044561036 8.3367409895605710801
188900 1185.9164304203825395 -3085.0540722448099586 -0.308505407224481 24103.059130351208296 313.78817080648116189 -8673.4137275120010599 8.3150601470830753925
189000 1179.7338261559457351 -491.27264929100954305 -0.049127264929101 24049.365872262096673 312.15228143586989518 -8679.3272319712523313 8.3336245729758502421
189100 1201.9087626782907137 3572.2257027298228422 0.357222570272982 23992.750494294803502 318.01967022533955287 -8680.5591722557328467 8.353289317338891351
189200 1190.4532346652918022 -755.32804241838505277 -0.0755328042418385 24091.312760554115812 314.98858887035140697 -8664.993584839407049 8.3191143790937385205
189300 1197.1963576370642386 -3015.2995705754055962 -0.301529957057541 24140.56920219805761 316.77278897801465973 -8659.6317598427140183 8.3021400497599540103
189400 1201.3548713043451244 2456.1351123180297691 0.245613511231803 24055.023210579107399 317.8731130509910372 -8662.9245737676628778 8.3316646441408810375
189500 1196.5156277905609841 1690.2458277792320587 0.169024582777923 24050.134664121549577 316.59267091246772452 -8668.9008642612716358 8.3333581785119132945
189600 1187.6749532809355969 -2715.6398245091390891 -0.271563982450914 24091.308196458085149 314.2534680716001958 -8675.3082183771402924 8.3191159551491598023
189700 1189.1905275891715519 910.02855551217453467 0.0910028555512175 24041.957856980487122 314.65448223895941737 -8674.6720163620957464 8.3361924012099333225
189800 1224.3659273389207556 1948.8186813827489914 0.194881868138275 24033.766680225220625 323.96173531491854192 -8671.957525194655318 8.3390335382789899654
189900 1224.3663479015754092 -2437.9779076995223477 -0.243797790769952 24127.614013242538931 323.96184659391150262 -8663.1556264021473908 8.3065978379615046379
190000 1208.6131912041489613 -1780.9873571286532297 -0.178098735712865 24124.838286136189708 319.79363195608823389 -8661.8544877654912852 8.3075535686697037363
190100 1204.4661757589856279 3251.4381543331132889 0.325143815433311 24028.34704071232045 318.69635026113547838 -8668.3799903164599527 8.3409144232015712817
190200 1206.5033738790866664 -228.05561071454610556 -0.0228055610714546 24053.801137577123882 319.2353837505781371 -8676.8675760648475261 8.332087941164289191
190300 1178.5952055039028892 -2554.3693503795448123 -0.255436935037955 24097.983893901226111 311.8510075159863959 -8672.0396944600561255 8.3168113681199926646
190400 1211.5647124149340925 1214.7615792612471068 0.121476157926125 24038.740728613662213 320.57459123624636277 -8674.6165548828248575 8.3373080420560174986
190500 1220.6774868488430457 3345.9296062724324656 0.334592960627243 24052.01997617293091 322.98579049720501644 -8659.4832120122773631 8.3327049701486259892
190600 1195.8846192103374051 -3527.1284102327649634 -0.352712841023276 24166.103444439992018 316.42570887106876398 -8652.4960334212119051 8.2933678926910907592
190700 1228.0939248237987158 -1860.7557381755086681 -0.186075573817551 24106.435579673852772 324.94814673611483613 -8668.3300284502583963 8.3138955045912990016
190800 1198.1391212053295021 4932.6099813496002753 0.49326099813496 23997.446651626309176 317.0222399915941196 -8669.6543868837943592 8.3516546283888839497
190900 1188.6864338154193774 -652.27216670901975704 -0.065227216670902 24074.377724724952714 314.52110128637025355 -8671.0122349890480109 8.3249664306685602355
191000 1211.8728810609948141 -3731.2646937609815723 -0.373126469376098 24105.64236025869468 320.6561312784169786 -8676.6840482583866105 8.3141690813428041906
191100 1207.8580229504227646 2828.9470730324933356 0.282894707303249 24031.916630099025497 319.59381782171129771 -8669.9805881388492708 8.3396755024754902763
191200 1221.5494875537081043 1289.6648096123792584 0.128966480961238 24077.435512135129102 323.21651797437186815 -8663.2135940686966933 8.3239091761478700704
191300 1226.8089104143980421 -4560.5488888006038906 -0.45605488888006 24155.206016947497119 324.60813768434474014 -8665.8958470594570827 8.2971093791108607718
191400 1179.3965815462140654 1248.8744937445917458 0.124887449374459 24065.615634201098146 312.06304802406486942 -8666.3638097439052217 8.3279974817159274636
191500 1171.8479320307205853 4217.520318751715422 0.421752031875172 24014.524548261517339 310.06570920425753002 -8667.9815687620175595 8.3457153605016536346
191600 1174.108244572344347 -597.26031901649071187 -0.0597260319016491 24079.8270154914062 310.66377776937190447 -8669.0010151725837204 8.3230824818066153625
191700 1212.0132576776920814 -2037.3023959622489656 -0.203730239596225 24091.736149158270564 320.69327430186075389 -8674.9041606464325014 8.3189681788280971375
191800 1207.1163095796052858 2837.418354788157103 0.283741835478816 24049.822591809639562 319.39756378903126688 -8663.0890107100458408 8.3334663127961814411
191900 1253.4402883041861969 10.40917485317044644 0.00104091748531704 24110.263244751149614 331.65468088058878493 -8660.221376981573485 8.3125756182360088786
192000 1222.0146606805217289 -3695.0390740831126095 -0.369503907408311 24162.256220399383892 323.33960069826957806 -8659.2477028592875286 8.2946884003474661284
192100 1228.3655386305713364 444.06590887882987317 0.044406590887883 24080.00985672578463 325.02001453169191336 -8667.8716174703786237 8.3230192840469854332
192200 1196.7109830784886526 3575.033932734087557 0.357503393273409 24019.716961572812579 316.64436104583950282 -8670.8458678821771173 8.3439112425097778925
192300 1199.3900542341857545 -2110.6471014975822982 -0.211064710149758 24089.855392864421447 317.35323126286533579 -8674.8282317401008186 8.3196176618368369304
192400 1187.1374396218216134 -1511.8953608002364035 -0.151189536080024 24093.654165856278269 314.11124436717182107 -8669.0737465395086474 8.3183059330862363367
192500 1225.0990482169820552 3251.7526080963325512 0.325175260809633 24033.817890389062086 324.15571581253703926 -8668.6859259541706706 8.3390157698463696079
192600 1203.9683931840149853 689.0297443400705788 0.0689029744340071 24103.031525824444543 318.56463922344960338 -8654.88806584807935 8.315069670088517384
192700 1193.9809047872843166 -3944.6222101954003847 -0.39446222101954 24164.48193220430403 315.92199456943285441 -8656.8003060294904571 8.2939244035879831074
192800 1197.4274645984839935 1593.0944898132304388 0.159309448981323 24040.66503016252318 316.83393884391102802 -8673.8660092030513624 8.3366406938458688103
192900 1183.7163843411010475 5034.1652310278568621 0.503416523102786 23982.616708552763157 313.2060484771168376 -8675.56370420726671 8.3568189757248756422
193000 1184.5094356731131029 -3401.4248848800684755 -0.340142488488007 24107.576116152555187 313.41588630417140848 -8674.860427182424246 8.3135021717627548554
193100 1195.6687136362309047 -1498.4384486730029948 -0.1498438448673 24109.258372526714084 316.368581224104787 -8665.1649508374684956 8.3129220858138666017
193200 1213.6192100720711551 3699.8920660326352845 0.369989206603264 24040.355431202664477 321.1182021056317808 -8663.8368372682798508 8.3367480556232305133
193300 1211.5508040972276831 -870.11498100606013395 -0.087011498100606 24097.157977445640427 320.5709111577348267 -8667.5753870699281833 8.3170964221240097913
193400 1184.8514681794006265 -2561.5754236216107529 -0.256157542362161 24113.972089607646922 313.50638657194008374 -8667.9202385987337038 8.3112971041359102742
193500 1187.5437449204478071 3277.9484620160142185 0.327794846201601 24018.016319798232871 314.21875092764645387 -8671.728872289746505 8.3445020491706394239
193600 1198.7634338932627998 2133.8747083457537883 0.213387470834575 24035.321682237237837 317.18743032991199016 -8673.7233327402864234 8.3384940317102085316
193700 1200.9515937677838338 -3372.9994073675702566 -0.337299940736757 24132.395643711959565 317.76640762278475449 -8665.630485814424901 8.3049519557247961643
193800 1176.4896028525777183 1586.388500553332733 0.158638850055333 24095.141619420879579 311.293874494251952 -8652.8582151386690384 8.3177924231842386149
193900 1209.898379317478657 2577.0835477248765528 0.257708354772488 24045.600114552704326 320.1336869691392053 -8665.4741580534719105 8.3349296936978678474
194000 1193.1841747693395064 -1987.8023695335405137 -0.198780236953354 24096.369557767229708 315.71118337857274128 -8671.6106188761259546 8.3173685528477161455
194100 1182.4758815418963422 -618.98811193632218419 -0.0618988111936322 24066.266201075559366 312.87781699785085721 -8674.0472463225996762 8.3277723566696515434
194200 1193.8204498487527871 3023.9592239917637926 0.302395922399176 24011.521204641798249 315.8795389120465984 -8675.0083925871731481 8.3467592365129377185
194300 1214.0438680481431675 -1216.5439742479870802 -0.121654397424799 24073.049326978863974 321.23056470228016224 -8676.8839530281820771 8.325425818529755162
194400 1211.0730202432671376 -2498.6337848275006763 -0.24986337848275 24117.846817183657549 320.4444916919702564 -8668.9602269713814167 8.3099618268897312845
194500 1254.9554442101455152 2413.4407965260497804 0.241344079652605 24070.089791879694531 332.05558434058139028 -8662.1925330594003754 8.3264494702958486982
194600 1243.4709839178879065 -1192.3654715828586177 -0.119236547158286 24131.260116703131644 329.01684763421013713 -8657.9054386071129557 8.3053427557579126983
194700 1210.4463279356828025 -3730.7825481921604478 -0.373078254819216 24156.940495603117597 320.27867171696101423 -8659.6641958439358859 8.2965136431101029757
194800 1203.2363288292774541 3207.3364422156678302 0.320733644221567 24030.769030755640415 318.37093827716597616 -8668.0528974313237995 8.3400737671385325456
194900 1182.2897374146029961 2973.6349078958874088 0.297363490789589 24020.101380451840669 312.82856409628755046 -8671.8007868978820625 8.3437777061455573602
195000 1207.6233839887538579 -5225.6510329513257602 -0.522565103295133 24118.01067290001447 319.53173340438360128 -8679.9274465407797834 8.3099053697147802211
195100 1179.462859224903923 1646.1637640630970054 0.16461637640631 24047.544865476997074 312.08058480071110807 -8669.2402464326733025 8.3342556389319284449
195200 1247.0863590477247271 3285.8462037754657104 0.328584620377547 24023.35043740065521 329.97345968516941639 -8671.8419841206377896 8.3426492453587837161
195300 1193.717754245559945 -3335.4341452973576452 -0.333543414529736 24153.36066293526892 315.85236611584514321 -8657.6431771912284603 8.2977432910660677834
195400 1223.4825044978294954 -3756.4089815959368934 -0.375640898159594 24132.112059336315724 323.72798559171383204 -8669.6570441389194457 8.3050495499432113178
195500 1205.6962870830188876 4871.5886045104634832 0.487158860451046 23977.572224716455821 319.02183220265806085 -8678.6756546426913701 8.3585771119469640666
195600 1198.2357061841730683 521.54798867141153096 0.0521547988671412 24030.067829096995411 317.04779594398780773 -8681.2386000837941538 8.340317131976298981
195700 1184.4047930374103998 -5479.3004789392525709 -0.547930047893925 24138.652562383140321 313.38819833189677411 -8671.6842514588570339 8.3027992502736225333
195800 1219.6006787771996187 1405.1208136564357574 0.140512081365644 24046.554783537118055 322.70087190897800156 -8670.9350138064983184 8.334598789793442819
195900 1188.5195339547142339 5061.1834820147123537 0.506118348201471 24022.249545872167801 314.4769403314705869 -8661.1713301581694395 8.3430315722454402305
196000 1176.0126396098648911 -3940.6220874889677361 -0.394062208748897 24141.38367064988779 311.16767215854457618 -8662.5894789440171735 8.30185995681890887
196100 1185.4202667508404829 -1437.854043301892716 -0.143785404330189 24083.13273852193015 313.65688812391385909 -8671.4999840918226255 8.3219400305423310016
196200 1191.4969018661945483 4928.7356246800309236 0.492873562468003 23950.422058533433301 315.26473853275712145 -8684.9205175897295703 8.3680523837016043132
196300 1158.8363784162886532 564.13858095809405313 0.0564138580958094 24036.750089801895228 306.62291045108088383 -8676.6528366169186484 8.3379985084839720599
196400 1204.84771431655372 -5455.2532260426414723 -0.545525322604264 24132.075766096932057 318.79730365296006767 -8674.8574025569469086 8.3050620402550396904
196500 1209.9840498381131511 1941.8201772518089001 0.194182017725181 24042.158150237435621 320.15635500482233056 -8670.772860734950882 8.3361229530715359459
196600 1237.8000355203389518 1826.5090311848689453 0.182650903118487 24036.785713348857826 327.51634011212951236 -8675.4134346503415145 8.3379861512127053658
196700 1201.7599110779744933 -4192.2964655787900483 -0.419229646557879 24137.316388608163834 317.98028475922512825 -8667.9749951699996018 8.3032588698286087237
196800 1181.1508907920990623 -965.34362557703695984 -0.0965343625577037 24076.404891723683249 312.52723038563311775 -8670.9006635252826527 8.3242654914174689651
196900 1187.0518405092775538 4557.8412682203570512 0.455784126822036 23981.562367991937208 314.08859522574931589 -8679.598926071457754 8.3571863801946264516
197000 1147.3915308361995358 -300.803520652498662 -0.0300803520652499 24046.609558711585123 303.59465509075829459 -8677.9629181738291663 8.3345798046179364604
197100 1181.5428246055096224 -2922.2607744237134284 -0.292226077442371 24085.667483190321946 312.63093431554977997 -8678.7035449630493531 8.3210642402766961112
197200 1210.6442053238579319 2725.2646518110377656 0.272526465181104 24026.301574877707026 320.33102918675120918 -8673.4873278701725212 8.3416245223164491307
197300 1188.6782822380664584 31.785198660570735285 0.00317851986605707 24076.644309652543598 314.51894441554770765 -8665.197971594046976 8.3241827149982299261
197400 1173.8961801032201038 -1694.7785850142620347 -0.169477858501426 24126.101898011667799 310.60766646156588422 -8658.4150278693596192 8.3071184580418062637
197500 1229.5217031713614233 1113.0945468625336616 0.111309454686253 24059.953490110692655 325.3259304858854648 -8669.7134153559491097 8.3299573492503924399
197600 1205.9742628176545622 1689.1935859253042054 0.16891935859253 24049.030472699661914 319.09538333582599989 -8670.8295543783024186 8.3337407977874260467
197700 1161.3648913568263197 -2701.1028626016782255 -0.270110286260168 24101.558399806035595 307.29194363935584988 -8670.8202266213738767 8.3155779005221148736
197800 1206.7928875879201769 769.52980937220092983 0.0769529809372201 24034.651661761166906 319.31198777999196636 -8680.4815373347919376 8.3387264861605370214
197900 1217.1674857541777328 3030.2747940301701419 0.303027479403017 24011.313431329203013 322.05705994354087807 -8676.4872223585425672 8.3468314622085859611
198000 1231.6460027700898081 -4127.575232136964587 -0.412757523213696 24140.103120605093864 325.88801063608087816 -8669.227455901198482 8.3023003421431340598
198100 1226.767744776069776 -1732.5714540513347401 -0.173257145405133 24145.593541192527482 324.59724544099623245 -8655.277723806182621 8.3004124978603339713
198200 1289.6130661168356255 4251.4256989192645051 0.425142569891926 24066.137482807913329 341.22583572056095136 -8655.5266731101983169 8.3278168979439577413
198300 1246.8780514704251345 -2434.3696128841652353 -0.243436961288417 24164.556200768871349 329.91834243409738292 -8652.661673172371593 8.2938989126228293003
198400 1206.2375635403773231 -4667.5786222095139237 -0.466757862220951 24179.533309907259536 319.16505152663256695 -8655.50138510484976 8.2887615666035738826
198500 1201.6074126023211193 6167.8630285611170621 0.616786302856112 23999.111854375278199 317.93993434624616157 -8665.10233405816507 8.3510751403507423873
198600 1199.7490770000365501 2340.7798242599887999 0.234077982425999 24022.035030241997447 317.44822707714394028 -8676.164842430041972 8.3431060751205308179
198700 1163.4820022526282628 -5836.2375442926313553 -0.583623754429263 24147.078508406473702 307.85212169098520008 -8671.1108128227606358 8.2999020493430410994
198800 1206.6151612511371241 1351.3631224753310107 0.135136312247533 24039.329040620064916 319.26496218805925764 -8673.4991385260582319 8.3371040039809969358
198900 1218.0229901810057527 5703.5947525825540652 0.570359475258255 23994.78447078129102 322.28342257949492478 -8669.4441410401941539 8.3525812303762023703
199000 1191.9894781074644925 -5686.6933717287811305 -0.568669337172878 24165.454719957971975 315.39507199788675962 -8665.3004533001112577 8.2935905291302862707
199100 1212.0429500086963799 -3327.2568985761699878 -0.332725689857617 24119.585143631829851 320.70113075952826875 -8671.3463817288866267 8.3093629183122850179
199200 1205.3941636741883485 7357.5377554758088081 0.735753775547581 23963.588625822401809 318.94189170315661386 -8670.7158221868739929 8.3634546364064075163
199300 1170.3166813605419065 -1785.8089907036417117 -0.178580899070364 24086.099048290547216 309.66054714180830842 -8672.3973804065790318 8.3209151467719468798
199400 1158.7192008611064011 -6496.5600247642578324 -0.649656002476426 24123.809454537909915 306.59190579530826426 -8682.1405529003513948 8.3079078689982637229
199500 1185.4251279782758957 7622.3013243289442471 0.762230132432894 23924.153467733984144 313.6581743828994604 -8681.0955501844091486 8.3772404598503502626
199600 1187.3696157000151743 2559.4988778543170156 0.255949887785432 24025.195707702172513 314.17267711657348173 -8674.0724387183399813 8.3420084829243918989
199700 1182.9726312144241547 -8076.0455825618155359 -0.807604558256182 24203.566020546139043 313.00925473418101319 -8665.2901702356830356 8.2805313162298990193
199800 1229.4520298806412484 1575.5515996113440451 0.157555159961134 24051.703878162352339 325.3074952455191351 -8671.0245138008267531 8.3328144822013729964
199900 1217.234989818977283 6039.9949343226699057 0.603999493432267 23988.374732522170234 322.07492121645361749 -8671.3246197824955743 8.354813055586193471
200000 1198.7067545557633821 -5312.3275355093692269 -0.531232753550937 24140.813328671421914 317.17243323131361876 -8673.3114930329193157 8.3020560935094280808
