step temp press pressGiga vol ke pe density
0 1237.8064078642207733 51312.1443773305582 5.13121443773306 23297.952211883919517 327.51802620575222136 -8636.3920125820550311 8.6024035320728806653
1000 1101.1276307740204174 47891.374356922409788 4.78913743569224 23217.283533122743393 291.35343454392847207 -8671.8963180311729957 8.6322926672989197527
2000 1075.057921189856188 48680.409852767261327 4.86804098527673 23191.597569146873866 284.45550626328957833 -8675.2823691091489309 8.6418534040192032109
3000 1124.3953638327366207 57847.047681072435807 5.78470476810724 23125.917036702448968 297.50997239771294289 -8657.2144259736633103 8.6663973618645009367
4000 1099.9395842682781677 48171.267298204336839 4.81712672982043 23203.725141708921001 291.03908276474135164 -8676.2600952315515315 8.6373366851049890869
5000 1083.8613186007200966 45733.151360568073869 4.57331513605681 23246.095974559724709 286.78484575094495312 -8672.5831320202651114 8.6215933469822676471
6000 1118.395374508020268 50203.885962535779981 5.02038859625358 23217.437589702025434 295.92240212145514988 -8662.7084934761605837 8.6322353887351432888
7000 1121.8487716879894833 51826.700914930755971 5.18267009149308 23162.335765266157978 296.83615553305656931 -8676.023519166652477 8.6527709652719639877
8000 1083.8898144835263793 45669.257951649786264 4.56692579516498 23265.077337434206129 286.7923856337831694 -8668.8175502820322436 8.614559216405277553
9000 1100.0371303621463994 50975.32769327020651 5.09753276932702 23177.187023159949604 291.06489302386171403 -8673.1152338807332853 8.6472265248283175509
10000 1120.7171620803974292 50236.373816816492763 5.02363738168165 23218.944931360983901 296.53673670410290697 -8663.2297409689235792 8.6316749960019745203
11000 1105.6851538159837673 48203.299741532093321 4.82032997415321 23214.671033066948439 292.55933470861305068 -8672.1495207563984877 8.633264116131549315
12000 1070.4048733156907929 51800.303561115077173 5.18003035611151 23153.260403078053059 283.22433065625983772 -8675.6317882407311117 8.6561625839500031532
13000 1089.2676176932939143 60749.449408306871192 6.07494494083069 23101.857309406026616 288.21532825340096906 -8656.775880500284984 8.6754230931888809408
14000 1077.2693228999453368 47950.662296765127394 4.79506622967651 23220.038650983991829 285.04063324165622362 -8669.9813677256315714 8.6312684233659666688
15000 1105.8659487235449888 47359.068471635429887 4.73590684716354 23220.582626586590777 292.60717223061669756 -8671.8460905446263496 8.6310662234678297011
16000 1074.4866044730251815 53568.47854477223882 5.35684785447722 23156.99500804868876 284.3043384213346485 -8665.6751458546532376 8.6547665760568630589
17000 1114.9846410789214133 47335.511477484047646 4.7335511477484 23233.989336284237652 295.01993734706451278 -8669.6697190304657852 8.6260858390162233889
18000 1076.9557671108370869 46956.38443606178771 4.69563844360618 23202.971788910497708 284.95766778558675014 -8679.2254376448381663 8.6376171216724184632
19000 1115.5639293657341113 55146.659730523424514 5.51466597305234 23126.130238158333668 295.17321443069863562 -8671.2731677688789205 8.666317465724688418
20000 1062.3610545468484361 49411.038305924390443 4.94110383059244 23189.699642118437623 281.09597227195183677 -8673.1420801127187588 8.6425606838634614348
21000 1089.204993093253961 48827.375393535461626 4.88273753935355 23243.542678086509113 288.19875806498805559 -8660.5904819314437191 8.6225404265299605555
22000 1060.6401949553410304 57960.841395614697831 5.79608413956147 23090.145778961195902 280.6406405389708425 -8671.2607048266690981 8.679823346121466443
23000 1087.3073992455647385 48465.807827265394735 4.84658078272654 23227.827753286401276 287.69666324015378223 -8665.9817461207676388 8.6283740574586929029
24000 1104.1741816657520303 45850.31385270535975 4.58503138527054 23243.862941964554921 292.15953825162938529 -8673.4735864907415817 8.6224216214826885363
25000 1108.5998862174481019 55916.647164036723552 5.59166471640367 23118.617641362223367 293.3305598347559453 -8672.2465823894781352 8.6691336613051106497
26000 1095.085081704604363 50261.068955808637838 5.02610689558086 23205.544760598011635 289.75460315002635525 -8664.8836025491946202 8.6366594046900786452
27000 1120.3497129018214764 49344.718737324328686 4.93447187373243 23189.994178968230699 296.43951129879440032 -8675.0260295315656549 8.6424509144267673832
28000 1110.7300160013251116 53265.774792645519483 5.32657747926455 23146.278834473487223 293.89418262580386454 -8673.338545814553072 8.6587735260096021506
29000 1116.5782497941918336 41509.534379771408567 4.15095343797714 23330.309067590562336 295.4415990686824216 -8661.9951435197690444 8.5904728401557175488
30000 1107.8211847307045446 50103.914349677826976 5.01039143496778 23157.068293760905362 293.12451891242642432 -8685.6863392063860374 8.6547391861159361781
31000 1111.045257230814741 53765.867386708960112 5.3765867386709 23164.716935612621455 293.97759404184211007 -8665.242319733448312 8.6518815211361044248
32000 1128.8972181159426782 48358.388388673018198 4.8358388388673 23239.664232482449734 298.70114285840367074 -8664.0446147818838654 8.6239794341541049505
33000 1077.4049444562890585 48922.246440720482497 4.89222464407205 23203.80795481570749 285.07651809744822913 -8671.1650614668506023 8.6373058589282400987
34000 1117.8989595092139098 53522.997972142526123 5.35229979721425 23147.674161030139658 295.79105293829127277 -8675.1471488015013165 8.6582515808428937021
35000 1112.9836865761362787 50849.489499905255798 5.08494894999053 23174.500875871890457 294.49049375627680547 -8673.1879543213235593 8.6482288214561204853
36000 1089.800085571310774 44821.948588106439274 4.48219485881064 23272.513449776113703 288.35621686677222897 -8666.4482445745525183 8.6118066632593777143
37000 1108.5847538051207266 51884.19529913012957 5.18841952991301 23182.748633680224884 293.32655586629550726 -8669.0304968330783595 8.6451520294019292834
38000 1113.2773015353732262 50466.276656895875931 5.04662766568959 23197.377093875209539 294.56818295816071895 -8670.0757921170843474 8.6397003241582748245
39000 1108.0014261202918533 44865.682840293025947 4.4865682840293 23249.703928112467111 293.172209976055683 -8674.939449001374669 8.620255424209457118
40000 1100.1063200462633631 53686.24965135398088 5.3686249651354 23148.020280445700337 291.08320030408890489 -8672.6618410459705046 8.6581221188439574377
41000 1106.8737133089643976 50520.495510119850223 5.05204955101198 23201.716278021318431 292.87382222192360359 -8669.6266772664130258 8.6380845277135431814
42000 1117.8058053562569967 47682.2431577597672 4.76822431577598 23210.649852160924638 295.76640476704614002 -8673.6407639046119584 8.6347598052674232605
43000 1086.1689717019560248 58220.932956287142588 5.82209329562871 23074.811061726053595 287.39544041589618928 -8676.6129804244410479 8.685591654962985686
44000 1090.6046595839288784 52123.831030840810854 5.21238310308408 23169.640388603998872 288.56910354345683345 -8670.3073079096393485 8.6500430320080106128
45000 1091.1482057793039075 50543.747189541871194 5.05437471895419 23217.493651431785111 288.7129234299349605 -8660.8939723344119557 8.6322145450534417677
46000 1051.1050345461255802 48552.636174442064657 4.85526361744421 23198.651591022884531 278.1176798425805714 -8674.484362063851222 8.6392256727167158203
47000 1118.5608168611811379 53137.709751487251197 5.31377097514873 23153.997351796111616 295.96617742639284643 -8669.7074757737173059 8.6558870743771798573
48000 1149.9132223721269384 49429.825948744044581 4.9429825948744 23193.479173299649119 304.2618833659549864 -8675.3496980668751348 8.641152321308361195
49000 1082.3499996924242623 49715.07814429946302 4.97150781442995 23202.409720609499345 286.38495754333212062 -8666.6003858459735056 8.637826364196738993
50000 1125.3873222121010258 56783.942818429153704 5.67839428184292 23119.397123752110929 297.77244013775987241 -8670.7471083031505259 8.6688413769956014221
51000 1108.4153461853404679 50513.971290861874877 5.05139712908619 23184.844980412795849 293.28173136958736222 -8670.2314531286774582 8.6443703448047397586
52000 1126.0337865459143813 46434.294802305303165 4.64342948023053 23249.384602095084119 297.9434917022676359 -8669.455613271033144 8.6203738218307499608
53000 1088.8020585421222677 57308.278168192475277 5.73082781681925 23088.685284207916993 288.09214338918877729 -8676.7476700607076054 8.6803723958529843685
54000 1103.6324124099890014 51942.904562822812295 5.19429045628228 23189.413246176380198 292.01618853540628606 -8663.6743043943752127 8.6426674219806614019
55000 1091.1015680507880461 40776.30118449771544 4.07763011844977 23297.796413926927926 288.70058329605518566 -8674.7825940579405142 8.602461058410208139
56000 1149.9890685932944052 49721.06653605162137 4.97210665360516 23214.229488406104792 304.28195193604324231 -8669.3544135467909655 8.6334283245399330298
57000 1088.426134445617663 51515.767991777698626 5.15157679917777 23161.45890682474419 287.99267555859091772 -8676.6487249297733797 8.6530985463320799767
58000 1084.611496371049725 49177.435211525786144 4.91774352115258 23216.042045315745781 286.983339425788472 -8665.2777036075913202 8.6327542828521632856
59000 1083.3091262006810211 52120.359282183322648 5.21203592821833 23171.004349374685262 286.63873811747527043 -8667.6890362033882411 8.6495338473743839103
60000 1106.841564415846733 53679.794061283595511 5.36797940612836 23163.715411527620745 292.86531576893412421 -8664.7502107615982823 8.6522556004912534178
61000 1111.3778128125345575 45486.190300436224788 4.54861903004362 23238.651424838004459 294.06558675785697687 -8676.4138476106600137 8.6243552921217982998
62000 1119.0726078912707635 48180.119968039776722 4.81801199680398 23233.186315488630498 296.1015950385007045 -8667.5157215834660747 8.6263839869421836681
63000 1104.5696578104839318 55824.631724810846208 5.58246317248108 23118.767596109049919 292.26417946653276658 -8672.2047464120332734 8.6690774308967206707
64000 1077.0855743965073543 45961.73944858124014 4.59617394485812 23231.828121853824996 284.99201421142504387 -8674.8695665573031874 8.6268883079866149899
65000 1106.2050258951715023 48421.894085558444203 4.84218940855584 23215.446977498362685 292.69689053008340807 -8669.0320643949526129 8.632975561135285858
66000 1081.6253779584274071 52518.991402253261185 5.25189914022533 23158.888829541181622 286.1932258811298766 -8670.2530698606351507 8.6540588312650079672
67000 1131.3101221953011191 44852.988844806881389 4.48529888448069 23243.694641997044528 299.33958646030657746 -8678.4257023148202279 8.6224840536089537579
68000 1097.565674470802378 49214.046319445988047 4.9214046319446 23184.477422730637045 290.41095687500603617 -8678.9799604719228228 8.6445073892879822353
69000 1117.9793660777220339 58050.888740119655267 5.80508887401197 23086.964095988754707 295.81232815584098716 -8673.4766242389523541 8.6810195383115402734
70000 1114.2572201443340418 45247.835378811731061 4.52478353788117 23231.391433307697298 294.82746502893536444 -8681.0330974122298358 8.6270504706071200474
71000 1120.1519948226675751 45518.002579177293228 4.55180025791773 23262.341831330846617 296.387195981456955 -8669.7147876752987941 8.6155722347628067581
72000 1073.4557784232617905 54576.913456771842903 5.45769134567718 23142.409829365198675 284.03158646995115078 -8667.7632020973251201 8.6602211211066837393
73000 1133.6916752441993594 47948.466252237769368 4.79484662522378 23225.928886733465333 299.96973472010211026 -8670.8504883625682851 8.6290794815984046551
74000 1064.5283119634018476 50577.886513567835209 5.05778865135678 23181.920504486974096 281.66941886815590124 -8672.5003585132290027 8.645460860707526507
75000 1095.7811100982503376 52468.943750790524064 5.24689437507905 23196.301719321236305 289.93876914256100008 -8659.3437340875789232 8.6401008584328753415
76000 1120.3210136111110842 46405.80139926866832 4.64058013992687 23234.818659613309137 296.43191759513661054 -8674.8140852591459407 8.625777947040406346
77000 1095.8633904383902973 45621.819454468226468 4.56218194544682 23251.562390492668783 289.96054015168402884 -8669.4633775321781286 8.619566420169874732
78000 1094.4475733849385506 56873.528380398231093 5.68735283803982 23114.47204918465286 289.58592130671047471 -8667.3132280432691914 8.6706884747837023042
79000 1071.6653317189575318 49783.428921105965856 4.9783428921106 23214.143155191108235 283.55784229889604831 -8664.3856747117533814 8.6334604321916650349
80000 1066.3373007429302106 45992.891960989756626 4.59928919609898 23246.809154259426577 282.14806918918776546 -8667.7553546031231235 8.62132884851654957
81000 1090.8980073631435062 51932.200714582191722 5.19322007145822 23201.288821281093988 288.64672205070468181 -8659.3979581023177161 8.6382436743662331935
82000 1111.7937058313236776 52735.981512847996783 5.2735981512848 23165.561161459179857 294.17563018610320569 -8672.5343003015623253 8.6515662193849145467
83000 1076.0066506948267033 41894.883558748711948 4.18948835587487 23280.858272347988532 284.70653583697492195 -8674.5833113606386178 8.6087198355407643646
84000 1129.5908898701911767 51444.62671093615063 5.14446267109362 23188.714019371778704 298.88468529471902002 -8666.8837706866797816 8.6429280308578793068
85000 1128.1071500977357118 52386.926053827002761 5.2386926053827 23174.268338652691455 298.49209440280719718 -8669.6739241599370871 8.6483156002511076821
86000 1084.7955776980918472 48039.384599051561963 4.80393845990516 23205.966030363619211 287.03204651965313587 -8672.6000487329474709 8.6365026189963369774
87000 1107.804829283428262 48420.911943946659449 4.84209119439467 23238.827344988712866 293.12019133440156793 -8663.2780003618026967 8.6242900049254931361
88000 1084.7060481988155516 48414.952344148980046 4.8414952344149 23220.868182173184323 287.00835741552197078 -8668.8237031575190485 8.63096008406085069
89000 1118.7202153774769613 52801.539717349252896 5.28015397173493 23156.932399838697165 296.00835355919167569 -8672.7314298842884455 8.6547899755051940218
90000 1115.7896760893429473 50040.376188929563796 5.00403761889296 23184.642115257003752 295.23294600170117974 -8676.1531104812329431 8.6444459828727335804
91000 1113.9548758282155632 44223.770721023196529 4.42237707210232 23233.945997460148646 294.74746607835589884 -8682.6966391475252749 8.6261019294563396898
92000 1130.9466471511807413 48888.297596632764908 4.88882975966328 23193.180817144479079 299.24341259315815478 -8676.4618670960371674 8.641263480747989334
93000 1124.9381152448124794 48286.260339141990698 4.8286260339142 23216.631379586582625 297.65358198809320811 -8672.9562903217556595 8.6325351477904312958
94000 1108.7915124268813543 48031.525708065069921 4.80315257080651 23236.755143799604411 293.38126327067618604 -8667.424853494263516 8.6250590995728675381
95000 1096.302150805406427 52731.537855679634959 5.27315378556796 23163.704001022117154 290.0766341777526236 -8670.1829215229317924 8.652259862616608288
96000 1086.6160725369957163 49206.605854156012356 4.9206605854156 23210.550352149930404 287.51374129241196442 -8667.1706045345308667 8.6347968211366090685
97000 1093.1654949750836749 45041.94532565913687 4.50419453256591 23257.670942324351927 289.24668910725762316 -8669.9145663153958594 8.6173025190090584147
98000 1106.4930497265295344 52907.242163652081217 5.29072421636521 23165.229559158862685 292.77310034459662802 -8671.6568797625150182 8.6516900635822011623
99000 1105.1716305721408844 50245.002245522271551 5.02450022455223 23196.683168901225145 292.4234587605118918 -8668.2719037441747787 8.6399587793770251665
100000 1062.4152371917605251 53116.796321010537213 5.31167963210105 23124.042353986980743 281.11030875688470587 -8682.5770247254658898 8.667099952920638728
101000 1078.1982704761664991 49191.9176776143795 4.91919176776144 23225.636883243572811 285.28642860568049855 -8663.497210928815548 8.6291879703918805689
102000 1097.7316892792516683 45145.147843322789413 4.51451478433228 23251.375694341259077 290.45488364904662149 -8672.1208793027599313 8.6196356306930983493
103000 1102.5652807710109755 54686.287267662759405 5.46862872676628 23144.405662040575407 291.73383028788128968 -8669.0530276796016551 8.6594743163478185011
104000 1094.1733901784593854 53497.537648235716915 5.34975376482357 23171.205707467903267 289.51337365949012792 -8663.3756007980919094 8.6494586828074329077
105000 1108.1222706258681683 44449.162928420424578 4.44491629284204 23263.594925092718768 293.20418489046295463 -8673.0151681675106374 8.6151081568824476875
106000 1055.2887346335285201 53325.567062683927361 5.33255670626839 23146.143571661472379 279.22466812940592717 -8669.7297725995485962 8.658824126665908949
107000 1139.5820090345173412 50041.793364170487621 5.00417933641705 23198.096505302266451 301.52829063356415418 -8673.6493510974432866 8.6394323927295868515
108000 1095.5141516630485512 49858.159740156908811 4.98581597401569 23190.284663486188947 289.86813313743067511 -8673.7253194863169483 8.6423426579640167944
109000 1082.7860061182298068 50988.534568795279483 5.09885345687953 23199.958346032890404 286.50032288890281507 -8665.2676236628794868 8.6387390618675929943
110000 1072.7388668832718395 51118.75525112143805 5.11187552511214 23169.83177033058746 283.84189489051686905 -8671.8148550634796266 8.6499715830571961561
111000 1103.0561685445529747 53881.396917705140368 5.38813969177051 23154.641242846297246 291.86371699201976071 -8667.2574974036087951 8.6556463689324196764
112000 1110.7251455726943732 48497.086892880484811 4.84970868928805 23225.225869431298634 293.89289393222321678 -8666.1541649041355413 8.629340680013068976
113000 1093.7276552138469015 47857.391210733512708 4.78573912107335 23226.339939701352705 289.39543418616597137 -8666.1102351735662523 8.6289267666747324625
114000 1119.9920833475568998 50343.23716807414894 5.03432371680741 23191.130645396286127 296.34488412205541863 -8671.2038177206068212 8.6420273966832592549
115000 1083.4710466635865487 51072.422647189028794 5.1072422647189 23168.463848578594479 286.68158154604071797 -8674.054759964128607 8.6504822981550955063
116000 1111.0809102160365001 47691.176875505043427 4.7691176875505 23242.65402708073816 293.98702766189285285 -8663.7458852354138799 8.6228700975397103434
117000 1102.2419508163773116 51431.345071664632997 5.14313450716646 23184.461633103030181 291.64827863143318609 -8669.8580188195192022 8.6445132765738161851
118000 1060.7551208494182902 49323.937256712000817 4.9323937256712 23162.892106694544054 280.67104941530965334 -8682.0482344926058431 8.6525631373834546167
119000 1117.5030072940817263 52060.400810462480877 5.20604008104625 23172.198312148277182 295.6862857572943426 -8669.8341669726287364 8.649088174448424482
120000 1090.9928731853765385 48351.412696524035709 4.8351412696524 23198.864539451842575 288.67182312196649718 -8678.663556861323741 8.6391463710107512242
121000 1106.6492611523951837 43722.100928155741713 4.37221009281557 23275.94338409924967 292.81443318755594873 -8669.4414974028914003 8.6105376306461298697
122000 1106.1765174017621121 52884.298013736770372 5.28842980137368 23150.619776433817606 292.68934731053610676 -8671.7740895859715238 8.6571499308883037571
123000 1105.4850447210999391 51334.392203540810442 5.13343922035408 23194.265220359709929 292.50638673923288025 -8663.5768935285195766 8.6408594751106839738
124000 1118.9862635149183916 46769.475627806437842 4.67694756278064 23246.795893594971858 296.0787487036156449 -8666.1800253735236765 8.6213337663791893561
125000 1111.8961306772962416 58046.524336080932699 5.80465243360809 23105.442148884550988 294.20273134115802804 -8667.7413907299614948 8.674077089983361688
126000 1128.2101668820532723 51257.275936402533262 5.12572759364025 23168.884312000474893 298.51935218209433742 -8675.4229834295492765 8.6503253112523594837
127000 1080.2072233677258737 48576.817432568692311 4.85768174325687 23210.418748136518843 285.81798853427960694 -8672.550937843760039 8.6348457807839533729
128000 1129.5001211281564792 50079.235264143426321 5.00792352641434 23214.00158730266412 298.86066829250972887 -8667.6573016795664444 8.6335130823458730021
129000 1043.9424104710824395 50436.696348812540236 5.04366963488125 23180.309505353277927 276.22248162369294278 -8672.5181045050812827 8.6460617081618611479
130000 1115.113800962389405 48947.472323746813345 4.89474723237468 23241.418070291718323 295.05411247318249934 -8661.9971336659855297 8.6233286536745232809
131000 1090.4100457360666496 54517.346601721998013 5.4517346601722 23132.220957824429206 288.51760959180239752 -8672.3480813834976288 8.6640356221301040307
132000 1090.5258113853367377 46593.109892769803992 4.65931098927698 23241.738227631514746 288.54824066360043844 -8667.3126671247791819 8.623209866433443338
133000 1108.2483408707309991 46606.709773492075328 4.66067097734921 23243.78467149572316 293.23754251205741639 -8669.5676769268502539 8.6224506563835152662
134000 1120.4437062619247172 52701.895053497100889 5.27018950534971 23154.046640521479276 296.46438152048807524 -8674.7329730459568964 8.6558686483263276301
135000 1099.1507034034552817 49564.074226177457604 4.95640742261775 23200.810972851191764 290.83034842460807567 -8668.6880745818962168 8.6384215893185043456
136000 1088.9957729992233908 48996.385172238944506 4.89963851722389 23210.158157419802592 288.14339936607996151 -8671.6579241923936934 8.6349427280186734635
137000 1090.1726433215296765 45229.768981900546351 4.52297689819005 23283.563989304017014 288.45479397723482862 -8658.2279199341410276 8.6077194406167123475
138000 1149.8238754216861253 53516.484902657030034 5.3516484902657 23161.264916060667019 304.23824256342726358 -8670.0172964978992241 8.6531710217001016616
139000 1106.8585383829183684 55601.021152206252737 5.56010211522063 23133.701409828696342 292.86980700452386372 -8665.8709571982471971 8.6634811631321859693
140000 1057.7162195921710008 49463.990461355439038 4.94639904613554 23206.6599218455558 279.86696976659857228 -8666.0738837494827749 8.6362443829717978616
141000 1085.8698139675416314 48843.585905827276292 4.88435859058273 23207.174320060876198 287.31628462054965212 -8671.9231297308015201 8.6360529564484131981
142000 1101.0286415559749003 50996.396703178201278 5.09963967031782 23199.127835276540281 291.3272424406206369 -8666.6151261049199093 8.6390483220157818778
143000 1141.5660626881183362 52759.110901219704829 5.27591109012197 23133.842810639253003 302.05326233542740511 -8681.4785681733155798 8.66342820940250391
144000 1108.783285614733586 44674.240734045313729 4.46742407340453 23267.975292185710714 293.37908649306422149 -8670.707787986002586 8.6134862995528305163
145000 1094.5016767137460647 48470.740087246245821 4.84707400872462 23211.580229128554492 289.60023680495771714 -8671.4766993324919895 8.6344137029527789906
146000 1127.6265819525826828 52928.684042734086688 5.29286840427341 23195.46299893572359 298.36493822607559423 -8660.7787732788201538 8.6404132742153585411
147000 1083.2116132430987818 49849.178742213531223 4.98491787422135 23189.414025153862895 286.61293662606766475 -8674.131771764059522 8.6426671316566672232
148000 1077.3972796493362694 45146.103604166361038 4.51461036041664 23258.867712660477991 285.07449002389125781 -8669.5516237862466369 8.6168591211549756537
149000 1131.2327721191318233 53411.535592259890109 5.34115355922599 23181.728047302789491 299.31911997692685645 -8661.3429395253988332 8.6455326362477205038
150000 1103.2591168281364844 51498.33144821433234 5.14983314482143 23180.361434309415927 291.91741619800126273 -8670.8433513768031844 8.6460423391386278524
151000 1092.0264019793758052 48740.546363780471438 4.87405463637805 23230.262601733746124 288.94529020735791391 -8664.4777166889598448 8.6274696861419712945
152000 1131.3137183799633476 51301.152371713949833 5.1301152371714 23191.540441474582622 299.34053799464584245 -8665.3557054866687395 8.6418746914783319824
153000 1136.3778408530909019 51620.281954975907865 5.16202819549759 23173.50519223174706 300.68048209763747991 -8672.5411410562792298 8.6486004052921572338
154000 1071.6400395972891602 46714.739040860353271 4.67147390408604 23210.642357094227918 283.55115011689184712 -8678.7539307383995038 8.6347625935616747483
155000 1146.0138554252744143 49019.783826383099949 4.90197838263831 23210.690688786155079 303.23012835340119864 -8673.9831526226043934 8.6347446133692216108
156000 1101.7247999661083213 53955.941005839413265 5.39559410058394 23142.414814712039515 291.51144283493499643 -8672.3069213587841659 8.6602192555189141387
157000 1087.1829328016399359 40001.476833590335445 4.00014768335903 23343.238842757928069 287.66372997709737547 -8664.5859719161162502 8.5857145937464363072
158000 1080.7208599192217662 50079.038641706647468 5.00790386417066 23198.552743043404917 285.95389446307774506 -8671.7330420090820553 8.6392624840648846174
159000 1104.7059278365841237 51309.932934776108596 5.13099329347761 23197.250865924546815 292.30023590451509108 -8663.0053366192987596 8.6397473371285862243
160000 1103.127124817722688 47965.445345184532925 4.79654453451845 23211.601827415674052 291.88249170379037878 -8674.4960190982565109 8.6344056686711443405
161000 1149.0785354354513856 46569.116838972862752 4.65691168389729 23256.450401750931633 304.04102894456661943 -8665.4784950273533468 8.617754770628552663
162000 1096.3102218171286495 51968.676359105600568 5.19686763591056 23165.26387668551979 290.07876973127048359 -8670.9979524152786325 8.6516772467800269197
163000 1105.5848304278842988 50212.105031257029623 5.0212105031257 23206.193518197898811 292.5327895898902284 -8667.4536266337581765 8.6364179562844185511
164000 1058.1994344974157229 48193.547314565825218 4.81935473145658 23206.422032170899911 279.99482626418449627 -8672.9686252517731191 8.6363329133520370107
165000 1130.7926753446977273 55580.730574436522147 5.55807305744365 23141.553165096182056 299.20267234344686358 -8665.5537058178815641 8.6605417090094611865
166000 1135.9813995782908478 52848.915682900747925 5.28489156829007 23146.397605839913012 300.57558551364490995 -8676.903907635163705 8.6587290951490949453
167000 1104.6052006708980571 47521.334657926599903 4.75213346579266 23227.890796803061676 292.27358394805310127 -8670.2369513064986677 8.6283506389292874417
168000 1064.3871253375352808 52470.743313898114138 5.24707433138981 23166.343773824748496 281.63206151991738579 -8669.0411561342225468 8.6512739495830448533
169000 1084.3328416019851375 47978.417307254261686 4.79784173072543 23229.303562065775623 286.90960862315483837 -8668.2131364562919771 8.6278258778651153449
170000 1100.1677743995232959 48036.196336318018439 4.8036196336318 23228.785772708692093 291.09946085045021391 -8668.1768977774045197 8.6280181994293183578
171000 1120.4178721441735433 53188.903643307930906 5.31889036433079 23139.742792072316661 296.45754592875022126 -8676.6454726142401341 8.6612192796818305851
172000 1104.2583545871898423 44704.177976491002482 4.4704177976491 23277.441574490178027 292.1818100292790632 -8665.6745035808708053 8.6099834363762095535
173000 1086.2856581219130021 49632.815939492029429 4.9632815939492 23199.643928455338028 287.42631511949002743 -8669.1166971523489337 8.6388561400183316863
174000 1113.8530259814756391 54022.793779625106254 5.40227937796251 23164.307983606322523 294.72051706552019823 -8664.5168359489907743 8.6520342649309469607
175000 1093.037553555571094 46707.796435887168627 4.67077964358872 23220.435992460919806 289.2128363812396401 -8675.0403242997217603 8.6311207275628287761
176000 1086.1944025596812935 47649.241629260970512 4.7649241629261 23224.026615338749252 287.40216930683908458 -8669.5389317420813313 8.62978628629392297
177000 1111.875983522673323 54535.881252423416299 5.45358812524234 23142.056937328306958 294.19740049436819618 -8668.9067838025348465 8.6603531803734821182
178000 1090.1598111023040474 48328.433747636299813 4.83284337476363 23226.018684649134229 288.45139862955693388 -8667.9798048593220301 8.6290461193006251506
179000 1079.7507126124569368 44496.033529715619807 4.44960335297156 23261.853797101419332 285.69719783505763644 -8670.583317232756599 8.6157529896670936864
180000 1092.7484873321682244 56576.261109230392321 5.65762611092304 23144.38243647181298 289.13635075446455858 -8660.7859459627907199 8.659483006198012589
181000 1120.3093200154723945 49063.109840760087536 4.90631098407601 23217.498624296113121 296.42882352215519859 -8669.438642003628047 8.6322126961535037282
182000 1049.1459294190447054 48936.534907788533019 4.89365349077885 23188.879123965318286 277.59930940898567542 -8674.4653089374187402 8.6428664932944663235
183000 1093.2413230065662901 54058.850861951890693 5.40588508619519 23166.988039618823677 289.26675286443679624 -8664.6839265705621074 8.6510333606954699093
184000 1081.6574924343879047 53206.989077123565949 5.32069890771236 23133.511753776412661 286.20172322749385785 -8677.6972360951949668 8.6635521891680902229
185000 1102.0449578187992756 44355.327535465927212 4.43553275354659 23276.473266862878518 291.59615516743014041 -8668.9097073044467834 8.6103416140321105132
186000 1134.9830179308617062 56187.318205279319955 5.61873182052793 23122.077839998302807 300.31141820566483602 -8672.3524056676651526 8.6678363330685037624
187000 1102.1005773106594461 51549.893720626634604 5.15498937206266 23190.369558824255364 291.61087183562386826 -8663.3844032228334981 8.6423110200636479306
188000 1108.2541513268392919 47556.270333252163255 4.75562703332522 23251.049823967743578 293.23907993269432382 -8662.5867713833249582 8.6197564374482258387
189000 1098.7359667984176212 49211.391908580771997 4.92113919085808 23199.265113778372324 290.72061097825604747 -8672.8972392647083325 8.6389972016201532767
190000 1093.683458115460553 59430.043664559147146 5.94300436645591 23088.63465611641368 289.383739832076742 -8664.6153156534783193 8.6803914299229703033
191000 1106.6811329478960033 48594.886330908913806 4.85948863309089 23190.222342182045395 292.82286632175834029 -8678.8335361316276249 8.6423658833586394223
192000 1108.7399450528096168 45877.56123902159743 4.58775612390216 23246.794251274273847 293.36761877468291004 -8671.9642847529994469 8.6213343754521964968
193000 1106.3493262835061159 53454.503216385892301 5.34545032163859 23175.04738688355792 292.73507176591141388 -8664.1157801254375954 8.6480248800270729248
194000 1085.5851781084879804 51875.67158279355499 5.18756715827936 23173.172457374006626 287.24097124831922656 -8669.697329873983108 8.6487245872888518505
195000 1048.8709083955473034 47526.640334786527092 4.75266403347865 23240.125579438987188 277.52654007913838541 -8664.5607559500022035 8.6238082368577924086
196000 1106.9118363576712909 46000.70952767504059 4.6000709527675 23254.242112397088931 292.88390940969878784 -8669.2407016030538216 8.6185731372741738454
197000 1096.8153446287890347 56590.532930193679931 5.65905329301937 23119.097408469147922 290.21242296267683969 -8668.5193510870776663 8.6689537595942969261
198000 1109.1919874744087338 51417.319768905115779 5.14173197689051 23180.478253247340035 293.48722717284823602 -8669.0491416565928375 8.6459987670659437242
199000 1079.3730771274024391 48288.421235605921538 4.82884212356059 23218.990738358144881 285.59727717872192443 -8671.4418827873050759 8.631657967220816019
200000 1104.252279408591221 50014.079800551044173 5.0014079800551 23190.907786479354399 292.18020256425802472 -8673.0578917928705778 8.6421104444398810784
201000 1125.3896584871442883 49171.077331367683655 4.91710773313677 23208.628947620560211 297.7730583056623459 -8670.1112764324352611 8.6355116818791266553
202000 1108.2824604983768495 43610.378369007892616 4.36103783690079 23262.585943161215255 293.24657041256790535 -8675.8322957488235261 8.6154818250760651921
203000 1091.4662239495244194 53498.73875564843911 5.34987387556484 23168.471647934300563 288.7970696120410139 -8663.8181180197170761 8.6504793860860775823
204000 1087.1898234459097239 52608.321658682616544 5.26083216586826 23158.626567925923155 287.66555321067914974 -8674.2605246003513457 8.6541568348077042572
205000 1070.5171383918618631 46765.978885681557585 4.67659788856816 23245.524646659479913 283.25403549210960819 -8663.3612220953818905 8.6218052482793385849
206000 1114.7752128297449872 49970.512295023232582 4.99705122950232 23193.255334529218089 294.96452357123803267 -8673.3727012537747214 8.6412357173165030844
207000 1077.7702431159200387 51086.474615322178579 5.10864746153222 23186.141721969877835 285.17317448508509869 -8668.3450013849596871 8.6438868872982972391
208000 1098.4734736397535926 47943.222465278471645 4.79432224652785 23228.510848838861421 290.65115646527891613 -8669.3996857408346841 8.6281203173897758063
209000 1107.6259883723932944 48758.677137867314741 4.87586771378673 23206.776222123051411 293.07287083111862103 -8675.5067280447510711 8.6362011026122740276
210000 1150.2479988924253576 48100.369616160474834 4.81003696161605 23215.21274392804844 304.35046373236087902 -8676.5180482641208073 8.633062664911177464
211000 1095.4764838607643469 52102.568142779520713 5.21025681427795 23192.647872178164107 289.85816640581799675 -8662.6566927731309988 8.6414620487554056893
212000 1117.9252548163692609 50838.521462136370246 5.08385214621364 23167.807673740218888 295.79801055867784498 -8678.5272580989640119 8.6507273031596163548
213000 1112.7033571136116734 40747.242401828589209 4.07472424018286 23294.87877626268164 294.41631983726165345 -8679.830616896320862 8.6035384997066532975
214000 1112.6159842082176965 50711.819730882525619 5.07118197308825 23174.176954528425995 294.39320135820327096 -8675.6534378780816041 8.648349703673597233
215000 1121.7846912412942402 50703.601113776108832 5.07036011137761 23187.851050169389055 296.81920013414548976 -8670.3532279052160447 8.6432496898461543822
216000 1107.273566693396333 48610.464538666754379 4.86104645386668 23231.61063248094797 292.97962163482759479 -8665.9136746393360227 8.6269690710709170389
217000 1102.9208773145251143 49525.310130414531159 4.95253101304145 23191.626246802890819 291.82791953909003269 -8673.5986544160077756 8.6418427179165284713
218000 1082.3261363047313353 47488.133902927344025 4.74881339029273 23239.265466703902348 286.37864339793259205 -8666.011174270641277 8.624127414213035081
219000 1078.1833348794541507 47602.256105319240305 4.76022561053192 23193.964834916074324 285.28247671374941774 -8682.1178085909450601 8.6409713830326495554
220000 1057.6564059677859859 58223.013655594048032 5.8223013655594 23107.200769221810333 279.85114334974184658 -8663.5246486988817196 8.6734169317699212343
221000 1086.9455372034462926 48666.509323774975201 4.8666509323775 23225.511274005646555 287.60091616610372967 -8666.3920182395650045 8.6292346391481498102
222000 1106.6028888663829548 48361.834251386615506 4.83618342513866 23198.120119541759777 292.80216328857267172 -8676.9616357575941947 8.639423598326223086
223000 1097.9110283791337679 51797.709642797461129 5.17977096427975 23195.951719906799553 290.50233597086509008 -8663.9362097834018641 8.6402312273126540276
224000 1082.6480683534305172 50818.569619000816601 5.08185696190008 23183.603772975780885 286.46382517473745111 -8672.1365990359263378 8.6448331484682832127
225000 1131.2473594792636504 48563.649073598950054 4.85636490735989 23236.341031234274851 299.32297972701991284 -8665.7704887388590578 8.6252128133329222237
226000 1078.9257471702319435 49438.870294680804363 4.94388702946808 23206.704152546753903 285.47891567751759112 -8668.0350863722997019 8.636227922765201015
227000 1054.2834205775579903 56719.795574272866361 5.67197955742729 23088.305574361795152 278.95866653720503336 -8676.5235760733630741 8.6805151530967368245
228000 1120.4028520472006676 46746.052802470170718 4.67460528024702 23235.109521677346493 296.45357167842911394 -8673.0271818116871145 8.6256699677095891587
229000 1070.1168037848231052 46662.254754345078254 4.66622547543451 23229.693181311038643 283.148108749861251 -8672.8657376351256971 8.6276811679466263172
230000 1127.4871087557010014 49711.997220870696765 4.97119972208707 23171.295123245683499 298.32803424346485599 -8679.1635075094091007 8.6494253053863019431
231000 1122.8526625320089352 50937.490999837835261 5.09374909998378 23191.226777280375245 297.10178054975574469 -8668.2353529926858755 8.6419915738963073437
232000 1073.566430465375106 47820.877546190771682 4.78208775461908 23202.678278503313777 284.06086450422071721 -8675.7449235761378077 8.6377263862361051139
233000 1093.8003674936412608 47515.056928710306238 4.75150569287103 23202.018773653766402 289.414673529416973 -8679.1178127344337554 8.6379719089423989686
234000 1088.047241050302091 60670.06655537570623 6.06700665553757 23102.396147746552742 287.89242206483959308 -8655.5390975685841113 8.6752207483518777309
235000 1090.5120460443729371 49726.905931766850699 4.97269059317668 23214.64466085658205 288.54459841609400428 -8666.5169684717311611 8.6332739236586828468
236000 1064.048591028508099 47075.065420593811723 4.70750654205938 23216.598514854569657 281.54248685946072328 -8676.0131964805586904 8.6325473677525419447
237000 1079.0480829746795735 53027.936211981381348 5.30279362119814 23186.268830183737009 285.51128518292040326 -8660.4117468872409518 8.6438395011047237659
238000 1094.2430216572749941 52650.31205504781974 5.26503120550478 23150.840584170691727 289.53179783661397551 -8673.380069492272014 8.657067360854741267
239000 1074.2990876125954856 42308.303516709755058 4.23083035167098 23293.17105505301879 284.25472230073773972 -8670.3501563549198181 8.60416926162135276
240000 1104.0131823348176567 47845.59576113964431 4.78455957611396 23206.073414364942437 292.11693855045393775 -8675.7325845435370866 8.6364626543632798672
241000 1127.8444806825336855 50106.533350385579979 5.01065333503856 23175.877734509220318 298.42259325314034868 -8678.0058239194295311 8.647715037741569688
242000 1161.8929778380761491 49140.197203476171126 4.91401972034762 23228.140337310851464 307.43167295478514234 -8666.0202623995210161 8.6282579443369282757
243000 1061.3646630249256759 52700.688918679465132 5.27006889186795 23164.92317035817905 280.83233154225860062 -8670.6705742515678139 8.6518044943930849655
244000 1079.6994925588865044 47135.497839121992001 4.7135497839122 23246.18853480274629 285.68364523851187187 -8664.020223320230798 8.6215590180524213082
245000 1087.5614369736470053 60198.546171424037311 6.0198546171424 23092.470892866414943 287.76388048410620968 -8661.8766570263469475 8.678949399888058025
246000 1081.9468001146979077 49847.71450586017454 4.98477145058602 23205.860957113472978 286.27827274268406654 -8665.4442399764993752 8.6365417240052710923
247000 1105.6022299266910522 47309.218772770713258 4.73092187727707 23217.152190609846002 292.53739341926933548 -8674.6898104754200176 8.6323415013248023797
248000 1118.3867055122241254 51329.543407136952737 5.1329543407137 23199.838364585335512 295.92010834403220088 -8662.7004940347669617 8.6387837384037577948
249000 1106.5332343856534862 47015.827949766644451 4.70158279497666 23221.162096485641086 292.78373302524556721 -8678.3701290327117022 8.6308508404886126186
250000 1080.9622980368872049 46735.789774429962563 4.673578977443 23245.639403105975362 286.01777790660025858 -8668.1767392102810845 8.6217626851252120446
250000 1080.9622980368876597 46735.789774429969839 4.673578977443 23245.639403105975362 286.01777790660037226 -8668.1767392102810845 8.6217626851252120446
251000 1091.4025568089666649 54873.724801132266293 5.48737248011323 23141.269097441403574 288.78022357208095627 -8668.1741271178962052 8.6606480203687059571
252000 1112.0265944896545989 43972.598240872721362 4.39725982408727 23294.363074477572809 294.23725148101465265 -8666.0806856978779251 8.6037289689694702588
253000 1100.2666355054373071 47425.948441527194518 4.74259484415272 23216.934236567863991 291.12561905586244393 -8677.3039272239075217 8.6324225393164155662
254000 1127.7933733886961818 50639.757913181085314 5.06397579131811 23217.212498526630952 298.40907049231435622 -8664.3570008883452829 8.6323190783688605876
255000 1125.8147272581868492 47715.030823993882223 4.77150308239939 23240.856267968512839 297.88552959681828725 -8665.9761994536929706 8.6235371058079355322
256000 1095.6654751378416677 45573.798176725918893 4.55737981767259 23255.460255017904274 289.90817265044978512 -8669.1503978699511208 8.6181216884034999026
257000 1086.4303727102048924 50898.68702893450245 5.08986870289345 23182.383213652527047 287.46460595076979416 -8670.927662187425085 8.6452883014868540101
258000 1077.9377342472639612 52281.66320277016348 5.22816632027702 23163.164007808347378 285.21749188754495208 -8670.3189166106949415 8.6524615691541093554
259000 1114.2028514769747289 41096.143316171117476 4.10961433161711 23314.35522858850527 294.81307932329684718 -8668.375674067014188 8.5963512365042191732
260000 1116.4440475333824452 51123.60931084506592 5.11236093108451 23176.867001379738213 295.40608975212580845 -8672.9784764876385452 8.647345924090789282
261000 1056.882478734665483 50793.330444983526831 5.07933304449835 23163.777705327964213 279.64636567351709573 -8676.3956372823286074 8.6522323321845995281
262000 1086.1826020667565444 48982.287648381628969 4.89822876483816 23218.53860148417516 287.39904694931499307 -8665.2049710615174263 8.6318260523409620077
263000 1094.1469963553108755 55287.738305098791898 5.52877383050988 23123.47277870347898 289.50638997221346926 -8671.7292564558592858 8.6673134401403153504
264000 1089.8758382742876165 48846.430846535266028 4.88464308465353 23213.647783322358009 288.37626069236654303 -8667.6460784957707801 8.6336446674944493651
265000 1085.4819896280869216 43543.870355421087879 4.35438703554211 23291.201327136128384 287.21366803901815956 -8666.5694348742435977 8.6048969128986847466
266000 1117.6830396380439652 50382.746003610889602 5.03827460036109 23204.030211062538001 295.73392150838844827 -8665.5777253160631517 8.6372231278179345537
267000 1106.2966346840100869 50354.15778907618369 5.03541577890762 23184.100630548491608 292.72112980491095868 -8673.9239100696904643 8.6446478813801572727
268000 1107.613536644663327 47425.978336308959115 4.7425978336309 23223.412153663324716 293.06957615978467402 -8674.5773341825024545 8.6300146193616456003
269000 1120.901341248034214 47884.268702709327044 4.78842687027093 23244.44797810819 296.58546968615036121 -8664.8682163376834069 8.6222046050020662022
270000 1113.1681602972805649 59255.164048634418577 5.92551640486344 23064.96739529581464 294.53930467586178565 -8674.376482944124291 8.6892984916359115033
271000 1106.5077795540760235 46446.566290640330408 4.64465662906403 23232.571566561779036 292.77699779092887411 -8673.3415870800417906 8.626612246662954675
272000 1095.9455337611295818 47835.606369619512407 4.78356063696195 23230.369815702208143 289.98227490661713546 -8667.4292643815679185 8.6274298682109531455
273000 1111.3046849335260049 54656.960612386195862 5.46569606123862 23135.36562238060651 294.04623744891711112 -8671.2328790594201564 8.6628579668391054724
274000 1118.8735063291439928 52500.853887550147192 5.25008538875501 23175.047435826541914 296.04891365777109513 -8667.2021734589325206 8.6480248617634583042
275000 1103.2973567553744942 48163.781633153172152 4.81637816331532 23217.687093268323224 291.92753431131177422 -8668.7089617493547848 8.6321426243910490683
276000 1114.6713187579453006 51380.780857827259752 5.13807808578273 23195.36294285871918 294.93703366561618395 -8666.0664631885229028 8.640450545710443464
277000 1104.1025179655662214 53377.860468205828511 5.33778604682058 23145.827791624356905 292.14057635784183731 -8670.9617956948459323 8.6589422595678176009
278000 1095.9027519610483523 48862.270049208062119 4.88622700492081 23201.867831074141577 289.97095503411441086 -8673.0880144399998244 8.6380281043216751158
279000 1115.7716768580455664 45237.173870837090362 4.52371738708371 23257.013597876153653 295.22818348579380654 -8670.5302788248081924 8.6175460814916391428
280000 1106.8122401342955072 55422.067166301290854 5.54220671663013 23143.366357965136558 292.85755669550184166 -8667.3392369876710291 8.6598631892027420065
281000 1082.3773588383239712 46703.931801312421157 4.67039318013124 23210.606666277602926 286.39219665068105769 -8677.336797523083078 8.6347758711865445491
282000 1137.7092724717824694 46735.580563982905005 4.67355805639829 23235.85326403046929 301.03277293488901023 -8672.0639515523744194 8.6253938738641799944
283000 1071.081245180285805 59794.018212431590655 5.97940182124316 23072.946709548876242 283.40329561933151581 -8669.8348151434765896 8.6862934726335172542
284000 1109.951137720458064 46204.948960947804153 4.62049489609478 23224.359723116514942 293.68809492454187193 -8676.0765035944441479 8.6296625089770575556
285000 1094.4299678558720643 49226.603484709419718 4.92266034847094 23235.640706487694843 289.58126296264833854 -8660.1868746845193527 8.6254727781883797633
286000 1097.5631233234671527 52222.385885668525589 5.22223858856685 23155.962915057978535 290.41028185285841801 -8674.4882908493200375 8.65515233086015634
287000 1102.290203178484262 46099.949237520711904 4.60999492375207 23261.637155241391156 291.6610459901224317 -8665.5718683338200208 8.6158332304833695758
288000 1113.6079927320104161 50396.407999525974446 5.0396407999526 23178.239173153662705 294.65568236624108067 -8675.8082108625767432 8.646833993744927227
289000 1099.4787056181164644 57414.868635613638617 5.74148686356136 23119.285586183352279 290.91713634011279055 -8665.1021246424388664 8.6688831992866735021
290000 1094.9163982420445791 46760.471899697753543 4.67604718996978 23259.927549120006006 289.70997026207220415 -8663.0999384735532658 8.6164664947616245172
291000 1084.5773651278225316 50469.890356298310508 5.04698903562983 23170.136856311957672 286.97430845184720738 -8674.441398814717104 8.6498576870933696625
292000 1104.141832434793514 52798.367869135145156 5.27983678691351 23153.487962040009734 292.1509787901453592 -8671.4195149866754946 8.6560775087606689482
293000 1094.5480100651229804 51171.928813438324141 5.11719288134383 23188.741879512279411 289.61249640201106104 -8667.945450592902489 8.642917646802093401
294000 1115.9834162928741534 44699.896793564483232 4.46998967935645 23267.259888257402054 295.28420879098234764 -8671.1993245972425939 8.6137511404479223387
295000 1090.2866640837717114 51659.80524458540458 5.16598052445854 23160.889759727637284 288.48496335974789417 -8674.1901354450055806 8.6533111843597954049
296000 1100.9393026683762855 52608.958953357156133 5.26089589533572 23165.015753817573568 291.30360377148480211 -8670.1708555029508716 8.6517699157854721648
297000 1107.3807417607197294 45140.194068444470759 4.51401940684445 23267.693477243454254 293.00797967715573122 -8666.6672026309261128 8.6135906248546287856
298000 1067.9109420638339998 54587.344226040229842 5.45873442260402 23110.802251927885663 282.56444762777374535 -8678.2000013045399101 8.6720653057752095094
299000 1115.8818587004166147 54008.270438008017663 5.4008270438008 23165.851336790474306 295.25733710731958581 -8661.6045269504393218 8.651457849912217668
300000 1052.296585829966034 45348.296184454768081 4.53482961844548 23231.608850861419342 278.43295897033993924 -8675.0559825209511473 8.6269697326685133021
