step temp press vol ke pe density
0 2340.9725993206338899 -79388.610902522588731 11377.360258910066477 261.13901693400998738 -3737.8575926855264697 5.4029577976464251421
1000 1392.1641411596926901 5048.0167206070673274 11046.075244784749884 155.29800534133832457 -3575.0119267251438941 5.5649989670795996233
2000 1458.0981701909840922 -328.75693907921157688 11005.698283428584546 162.65304551939368594 -3594.6117251783734901 5.5854154588327160624
3000 1389.9747146704560237 823.33551636814365793 10956.032811910876262 155.05377152108155769 -3596.6118646235709093 5.6107350518959675512
4000 1398.7539450621927699 717.99040263583401611 10881.619493400277861 156.03310788520670371 -3611.2861997767927278 5.6491037354130249071
5000 1347.940543149520181 351.01446649772213959 10903.352599309942889 150.3647964208184078 -3603.8450429700610584 5.637843660251905753
6000 1419.0959884391195374 522.86506458736016612 10843.248111881919613 158.30229344142435366 -3618.9020923460288941 5.6690944164738770183
7000 1384.4138582122825483 -666.75994068224702005 10828.420937532851895 154.43344961333261267 -3620.2505400014129009 5.676857011943640785
8000 1394.3753583420443647 -1938.3328219695158623 10782.173985591352903 155.5446699462100355 -3629.3353162214675649 5.7012062140397068433
9000 1398.4982484359547925 -977.12389742463983566 10757.682866696450219 156.00458454169191214 -3631.2830236303830134 5.7141856744832448811
10000 1382.7128926489149308 393.50736949130060793 10716.840657548546005 154.24370434455613577 -3636.3048677367451091 5.7359626117248012633
11000 1390.6240791954194265 597.12786845260586688 10698.597833458388777 155.12620911122249368 -3640.5732469893382586 5.745743347344768992
12000 1409.5171525565895081 -36.323148498409409513 10699.410879355062207 157.23375988128697145 -3642.2986075405697193 5.7453067295622979316
13000 1433.612377306885719 -1947.6478413984430063 10722.450344189976022 159.92161846874861908 -3643.31002912501026 5.7329617162386163898
14000 1372.4551712480831611 -3192.127441109114443 10733.571281970356722 153.09944008303784813 -3637.7423135142789761 5.727021856254577159
15000 1449.0213163973455721 -575.43403574582998772 10684.421733680061152 161.64050881682297245 -3648.2318169180825862 5.7533668044698149657
16000 1399.2703139529876353 -1431.6931014819188022 10689.57180434275142 156.09070961217977924 -3644.2951219245869652 5.7505949211676838928
17000 1417.8577523945382381 -1465.9172681367638233 10694.381361166761053 158.16416634693888454 -3645.2732038964204548 5.7480087207965571139
18000 1427.695524744244949 1413.8397837490808797 10666.523044143543302 159.26158465972417844 -3647.3409864220566305 5.7630210962945023212
19000 1403.2498307618691342 1111.4209174085253835 10671.436938494027345 156.53463070192054829 -3644.2668074814891952 5.7603673883665056366
20000 1417.9308423763416158 2897.8886077681386269 10653.454876612344378 158.17231964441936043 -3648.0277034381697376 5.7700903640620460067
21000 1415.8479134063595666 -3270.7434752874687547 10694.21119765538424 157.93996578272856368 -3646.0378159480906106 5.7481001816186108044
22000 1435.6467764187159446 2390.3157215369315054 10652.96035124480477 160.14855875171861044 -3650.6508696646196768 5.7703582197532288234
23000 1380.4519344934274159 -926.05763664173662164 10666.725382257560341 153.99149105926426273 -3647.7742484971954582 5.7629117770069164806
24000 1419.9803537536438398 -1847.7765610873229889 10680.754364229649582 158.40094572334871259 -3650.5581424384672573 5.755342294302854711
25000 1423.403916777079985 -1192.3131433395590193 10672.59060821867206 158.78284933153756242 -3649.3315662115837767 5.7597447127947773993
26000 1432.5114962037264377 -925.76406877883300695 10657.846392448960614 159.79881352471653599 -3651.7295267457857335 5.767712825272367283
27000 1386.5202248740756659 1917.3748179691215228 10650.084708042079001 154.66841798482181503 -3647.3582952509368624 5.7719162816698057483
28000 1411.9902441715753412 -4499.2855435214141835 10685.875478873987959 157.50963697327540558 -3650.4711804307062266 5.7525840956166724993
29000 1390.5644333242869379 -421.35331152851301795 10649.264826732864094 155.11955552452255347 -3647.6707243517548704 5.7723606584746551817
30000 1423.6607817452991185 -1892.5006864444230814 10674.417382443134557 158.81150300535884412 -3650.1872046653152211 5.7587590146715132988
31000 1361.1668115452011989 1896.3316872851198696 10652.84736862531463 151.84020656767609125 -3644.9590861081369439 5.7704194193709925642
32000 1398.9425893521402031 -2500.3531115888849854 10683.251056781791704 156.05415143968545522 -3648.3380212625424974 5.7539972617687649148
33000 1413.7665484871149602 -336.95669532102306221 10636.224612876088941 157.70778639325163795 -3649.8988888861631494 5.7794376825301476686
34000 1347.1818024111707928 644.5074397012905365 10672.335728592324813 150.28015774944830696 -3644.2209915548364734 5.759882268585523768
35000 1448.1329372844350019 1704.7393901280822774 10631.826977828579402 161.54140878964730632 -3654.3232432454733498 5.7818282272371481767
36000 1361.0464935686045465 -689.50704900869675384 10666.628740950733118 151.82678491629195605 -3646.4719710011008829 5.7629639898793048047
37000 1389.1734551107228981 1228.8227315969643314 10645.735594520825543 154.96438981118950551 -3647.8406018030445921 5.7742742886784599321
38000 1362.7313243639591747 2379.1480318859262297 10657.188458822292887 152.01473032741156999 -3646.1810955023679526 5.7680689015706674283
39000 1422.1604531768550714 -311.92955298669124886 10662.457838379388704 158.64413909535187486 -3651.704429251595684 5.7652183257639846303
40000 1357.6392192195692132 620.7879684572824317 10673.932566632733142 151.44669833424916305 -3643.9912889691900091 5.7590205806314980208
41000 1358.8950402093771572 1248.3321389592260857 10648.212552385142772 151.5867870558423931 -3644.2570379991793743 5.7729310929036099509
42000 1395.3279764614253509 4611.3982927352917613 10633.180307045189693 155.65093593124584004 -3648.1521009018883888 5.7810923498383468555
43000 1383.0139499191789128 -2763.8568650476536277 10667.430430946655179 154.27728773618591163 -3647.2650246187531593 5.762530885524188129
44000 1405.8042867699555245 265.39818997972230363 10662.323932799255999 156.81958411442371926 -3649.6418084190099762 5.7652907297642173035
45000 1366.2412056713951642 2200.7409523965493463 10657.507771008391501 152.40626287010124429 -3643.8805426829030694 5.7678960830534213855
46000 1437.3690329988519352 -1277.215468506924708 10660.132817546751539 160.34067906546141558 -3652.573926321365434 5.7664757446856365064
47000 1438.3494632353640554 1323.7138567462195624 10637.030465838810414 160.45004753402420761 -3653.061796731002687 5.7789998369308248627
48000 1387.7245167866706197 -324.06292292089540297 10671.845121875092445 154.80275856029368242 -3646.4782991284710079 5.7601470622457728865
49000 1414.2922528256999612 -1104.1983020248082994 10654.078965330969368 157.76642950347678607 -3651.2891983777435598 5.7697523669143455649
50000 1460.556040073574195 -1881.7228891676122657 10651.825084431162395 162.92722460422260156 -3656.3101734513647898 5.7709732219840939038
51000 1364.395198550066425 -1406.872972907183339 10679.773156171120718 152.2003379972271091 -3644.7076557910422707 5.7558710684777532052
52000 1386.6662232930586924 2859.1035546018583773 10624.283548351952049 154.68470432820669203 -3648.1105096169994795 5.7859334276753369153
53000 1429.1173544538478382 1690.3701071512070939 10654.458111862093574 159.42019190387603089 -3651.8554678630716808 5.7695470461394737782
54000 1393.6828292147467891 118.05733674299457903 10661.755653247970258 155.46741727971016189 -3648.1121398535983644 5.7655980240725366315
55000 1459.5485286931930204 -2683.9488373481694907 10657.362127961783699 162.81483519330043919 -3657.2640323536534197 5.7679749068700436609
56000 1365.6029120429723207 350.31243372180716733 10658.506886162616865 152.33506025513258919 -3645.044436655442496 5.7673554076618183117
57000 1375.8387759876763994 7.6778354354538471682 10664.257031564598947 153.47688628452141302 -3644.5719059965122142 5.7642456615181529855
58000 1395.3489143127069383 -1021.2383222075576441 10668.30672144896198 155.65327158007059438 -3648.0295277660125066 5.7620575535122684485
59000 1419.6050065079903106 729.20226883093789638 10658.001944283118064 158.3590751731478008 -3651.1521316747139281 5.767628646425942307
60000 1373.1891240454599483 -2849.2003524647911945 10671.808634899074605 153.18131362228328385 -3645.8318224781278332 5.7601667562222029773
61000 1370.4411957968950446 -101.65327860674716476 10665.37062138831061 152.87477809015288699 -3645.8592457075337734 5.763643806642414269
62000 1413.3303133211013574 3851.6799414019856158 10630.475214586773291 157.6591237038900033 -3649.7668830837783389 5.7825634401707421972
63000 1328.173531720560959 758.78552919045523595 10654.301071561592835 148.15975654389725946 -3641.8016755764374466 5.7696320870441555329
64000 1407.4578646395332271 -3055.2047960181052986 10695.185250393946262 157.00404321463304314 -3647.2265649647652026 5.7475766794452169961
65000 1465.5231202873469556 59.220335419215409445 10647.84901236902806 163.4813098781952192 -3653.9209644660040794 5.7731281929432611832
66000 1436.4975059126527412 -3207.6339255390894323 10663.913224109663133 160.24345890722997865 -3651.5067853827358704 5.7644315023618339922
67000 1425.8259294735623826 -5252.6442067574671455 10697.134714406622152 159.0530284932862628 -3651.1572783640658599 5.7465292313017828363
68000 1434.4889485967614746 -68.688202880359469304 10640.831339364167434 160.01940131549238799 -3652.8010640361976584 5.7769355952580925262
69000 1410.65524772297249 -269.55091873506546563 10664.073961152214906 157.36071611008387094 -3649.6972399307815067 5.7643446164610931959
70000 1415.1695107297964569 -411.21944669065078415 10651.579420882508202 157.86428894307033488 -3651.9739915815089262 5.7711063212837263592
71000 1382.280902587070841 1999.1709079379907052 10646.259665551942817 154.19551520295408409 -3646.41103082814152 5.7739900451999526254
72000 1391.8037248243522299 -2273.9944003440655251 10685.582069240002966 155.25780035665584933 -3646.5011493143938424 5.7527420527202757228
73000 1355.4792465973730486 4091.4928795608293512 10622.039916229912706 151.20575013719280832 -3644.6799983216160399 5.7871555569646906392
74000 1400.8635527844742228 -2057.535536432311801 10674.887519704830993 156.26843780187161315 -3649.4318227497847147 5.7585053907163263887
75000 1366.6944614540325347 2698.3804687774313606 10643.869925526092629 152.45682423486556445 -3647.1666337320016282 5.7752864097004987798
76000 1422.7676992101778524 97.488992444894037703 10662.305250641722523 158.71187830435630417 -3651.9546230382893555 5.7653008315261828898
77000 1411.0015675168406233 -1434.1521529228216423 10679.264380537320903 157.39934860434792085 -3648.2173320709180189 5.7561452865181150784
78000 1354.1650583097932667 -3915.9192111676456989 10695.097536274093727 151.05915045568249866 -3643.9126113655647714 5.7476238172696278994
79000 1406.7634638413298944 575.81541426507828874 10651.591391541185658 156.9265817604265294 -3648.994108953696923 5.7710998354975737712
80000 1425.5536712171331146 -3835.1646658375516381 10684.056465129271601 159.02265767499613958 -3650.3146304207666617 5.7535635016663988495
81000 1362.0902281058399694 2358.8428159896607212 10657.890546586220808 151.94321507488194811 -3643.52254588046344 5.767688930451655871
82000 1418.3484198489811661 2688.7476113745583461 10649.937317263591467 158.21890104000277688 -3649.5628772111454055 5.7719961626314280068
83000 1404.7322514485424563 -897.40460194219997447 10684.589677030369785 156.6999969607622063 -3648.724095818067326 5.7532763714512435982
84000 1395.4179582653853231 -3912.9677635661519162 10687.514407746079087 155.66097353691236549 -3647.6038073106046795 5.7517019376327169766
85000 1350.3182477112184188 2814.4763671404652996 10649.832617674497669 150.63003294344221672 -3643.7839707736648052 5.772052907713550951
86000 1449.3346390930580583 550.66448544563718315 10637.551555048063165 161.67546043512265896 -3653.464920407093814 5.7787167478722460956
87000 1412.73772461219869 -1074.7784331699324412 10660.808047712274856 157.59301954148591562 -3649.4353078586464108 5.7661105098597076335
88000 1398.2893259816303271 2472.0443835610349197 10629.913804016476206 155.98127892745554846 -3649.9185315255845126 5.7828688417288898194
89000 1440.5599293985162603 -2470.5435770393987696 10678.94295155288637 160.69662836157382912 -3650.2352450168446012 5.7563185426111660448
90000 1405.8930993191811467 -1093.6789588338394879 10670.216079465842995 156.82949128796471427 -3647.8787606034006785 5.7610264749753774538
91000 1382.910278806189126 3813.3582946923165764 10641.493910121887893 154.26572306749289965 -3647.1370886164399963 5.7765759062306871741
92000 1499.5614597589358254 -7845.5057750644327825 10684.009904942224239 167.27833787854703473 -3658.8138454653085319 5.7535885753040316715
93000 1460.9137082672841643 1454.2442079050656503 10626.034160015957241 162.96712302956984786 -3656.7666493847573292 5.7849802100973466423
94000 1458.4709527348454685 -3907.1378784944736253 10670.721437429490834 162.69462997324947651 -3656.7098279446281595 5.7607536367586753556
95000 1440.8349208753386392 1290.0208128093979667 10628.453193196224674 160.7273040747126629 -3653.6499311519864932 5.7836635501073141441
96000 1365.9620205137896392 -976.66455280711113573 10667.789340045208519 152.37511934555897142 -3646.2198215383341449 5.7623370098579576037
97000 1414.4325921060087694 2047.0125811095467725 10632.617839353366435 157.78208456142479577 -3652.4082272217219725 5.781398170824236793
98000 1445.9883119427101974 -3820.2543356061482882 10674.573782070061498 161.30217260482723418 -3655.5277822368911984 5.7586746396154362415
99000 1396.2837816157575617 225.60130958929624967 10672.39731852994737 155.75755743482739035 -3648.4427591163967008 5.7598490285571548597
100000 1380.0725939339160959 2928.3082346181827234 10638.46983496084431 153.94917504889204452 -3647.4697233564347698 5.778217946861053278
101000 1420.1235292338740237 734.47226770712882171 10644.117880998077453 158.41691716366682385 -3653.0907814507067997 5.7751518739988485507
102000 1420.594553330053941 -2936.5907175389297663 10650.062261310755275 158.46946061055055566 -3653.1852122888244594 5.771928446918310307
103000 1368.2677547544660683 220.19019558039724416 10661.806872554489019 152.63232747054775018 -3646.238367092370936 5.7655703261470359067
104000 1365.0282807424298426 -348.00791107256696932 10660.080451667370653 152.27095926865939646 -3645.8085991414345699 5.766504071542517984
105000 1397.878554767363994 3182.734184093957083 10640.214914602409408 155.93545678023801315 -3650.0089088926915792 5.7772702732863630004
106000 1387.012662883525536 -2806.2243353607145764 10679.907528528394323 154.72335018596163536 -3649.0775362317426698 5.7557986493148005636
107000 1381.0021376122683705 2115.6382289948101061 10632.868102010061193 154.05286704530092834 -3647.2759769608542229 5.7812620957735765259
108000 1345.2915582686578091 1607.4480693287764552 10662.759635862999858 150.06929817027835838 -3643.7992077320286626 5.7650551477085301144
109000 1371.4254062001102739 890.85741852240380467 10653.441028843953973 152.98456824200107462 -3646.6388578325631897 5.7700978642560896148
110000 1414.013296783461783 -1287.0635585155725948 10663.393444255561917 157.73531153709862451 -3650.2572580721266604 5.764712485651154239
111000 1419.4494343822073006 -1477.5371458829738458 10668.902037171794291 158.34172086835965843 -3652.3152864030153069 5.7617360355673552519
112000 1339.7217729167064135 4858.3463367565591398 10628.040873439620555 149.44798023098928752 -3643.2475942347346063 5.7838879300072090217
113000 1386.195102652229707 157.85483740599440239 10655.960316242757472 154.63215011162205315 -3648.4356576978880184 5.7687336948703302753
114000 1403.5336038406987882 2203.7355677845011996 10639.38192755577802 156.56628601598077921 -3649.1814768416988954 5.7777225919769881202
115000 1426.547430308916546 -1281.7841194107288629 10661.692297677220267 159.13351299742615197 -3652.3545233421500598 5.765632285308306848
116000 1393.9414872281818134 375.37507589764516069 10659.899695460902876 155.49627097042406376 -3649.2255691523209862 5.7666018521436805955
117000 1417.0498857029949704 -311.97345137539883808 10645.776724650022516 158.07404760154881274 -3652.8067374888369159 5.7742519796770901408
118000 1396.9636661983431623 -1800.9146132311971087 10673.948794607260425 155.83339958333291975 -3650.0764889100591972 5.7590118249927853
119000 1399.8732213864896039 682.32254597987707712 10641.061756644910929 156.1579648438440131 -3650.8431425367789416 5.7768105038131452034
120000 1423.1743724503503472 -1497.1471387736387442 10671.933964205594748 158.75724331639565889 -3651.5515817934901861 5.7600991098417608782
121000 1420.0158012301556028 -1448.2321712563177698 10668.217896930842471 158.40489994270686225 -3651.2439510075710132 5.7621055289089575524
122000 1427.7810790469447966 -3346.0394823655410619 10665.890030797252621 159.2711283709611223 -3652.4110190428768874 5.7633631276916350572
123000 1369.794485328148312 3071.8236730652179176 10642.521038274304374 152.80263656397764294 -3646.2328130845562555 5.7760183988772579866
124000 1401.7992441443075222 -583.22770854250882167 10664.110586680357301 156.37281558140284687 -3650.7045874783902946 5.7643248190139200204
125000 1394.6529081533938097 149.14649448118893815 10655.958349675929639 155.57563104541600296 -3649.0434088669962875 5.7687347594953930496
126000 1419.7571910774975095 -1069.6502454178414609 10654.069946515997799 158.3760515909346509 -3652.256037246541382 5.76975725108812032
127000 1399.394421544307761 1721.4936221898685744 10641.545069588946717 156.10455400079021615 -3650.508702521813575 5.7765481352122085568
128000 1456.5875720617511888 -2004.9373428717005936 10670.028827573951276 162.48453602442361898 -3654.4668507212845725 5.7611275771489625086
129000 1427.7132720681263436 1155.9648960721137883 10648.041123409569991 159.2635644004152482 -3649.960732878638737 5.7730240346618018066
130000 1378.9226761155794065 2188.6622908049098442 10646.810331151524224 153.82089998547499476 -3647.8693817976732134 5.7736914076182435096
131000 1403.0414651936878272 -1460.6658758160242542 10659.602727075089206 156.51138720917160185 -3650.5455764911621372 5.7667625052643929351
132000 1434.9220492840051975 -265.17801961944559253 10647.588106454832086 160.06771434902944407 -3653.7616814405200785 5.7732696562750405178
133000 1391.5195780106651 758.24388529358520827 10652.266247286639555 155.22610335190975661 -3649.8457987540809881 5.7707342175350504476
134000 1394.6657557354087658 -1297.2583522771572007 10665.047251829451852 155.57706421252711948 -3648.8541355566085258 5.7638185632010277004
135000 1379.773095910448319 1940.8190101561540359 10650.213292598935368 153.91576559358924214 -3645.8972542719170633 5.7718465948685278022
136000 1360.447354806891326 -3144.8936425776350916 10690.348265411386819 151.75995008563810984 -3645.3367118270934952 5.7501772441222849253
137000 1387.2992189846161182 297.14892114868666795 10664.092618365360977 154.7553159503439133 -3647.2155634239088613 5.7643345315331018242
138000 1452.3954327859362365 -5932.1116003665129028 10684.05726532981862 162.0168965784709485 -3654.6791784923966588 5.7535630707435245768
139000 1368.9925777109833689 232.70454803388093978 10651.360137251818742 152.71318256230367183 -3648.3094725597602519 5.7712251332599366904
140000 1423.8371418245051245 -4672.2321344057127135 10661.038179948905963 158.83117623764002246 -3653.1463229120308824 5.7659860409397110104
141000 1416.8183126957537752 -2728.0580836859599003 10662.98331500317363 158.04821528404241349 -3651.1123455956631005 5.7649342132063914335
142000 1379.6234930915213681 3045.5994069710823169 10630.606611152194091 153.89907717396550879 -3646.9482512457225312 5.7824919664530929353
143000 1392.2555563737596458 -413.66052070410802344 10659.291270278123193 155.3082028460597428 -3650.0485630276289157 5.766931005902307561
144000 1388.5757415380048769 -879.70861598473777576 10667.364869557106431 154.89771396251319402 -3647.5017602598750273 5.7625663019120958452
145000 1407.0996219795451907 -714.56830477298535698 10664.928551217766653 156.96408070670781854 -3650.1102078183880622 5.7638827144783482126
146000 1391.7103193003993056 4304.4051675814107512 10638.73239806913989 155.24738082987099119 -3648.399825432344187 5.7780753408805880511
147000 1426.4876331669213414 -3721.3971815946729294 10671.878151295224598 159.12684253623385189 -3653.0934350441252718 5.7601292346136876432
148000 1441.8348705601454185 -1285.2918067924231309 10661.537412994919578 160.83884996711213944 -3655.0662393430147858 5.7657160450973687915
149000 1449.9399271519253034 -1537.0547002070366034 10642.829212366405045 161.74298122912952635 -3655.0716708754707724 5.7758511483097167982
150000 1434.6974809513615128 -2699.0831283991583405 10676.635792239763759 160.04266341351737424 -3653.3950238057132083 5.7575624497925410594
151000 1455.2729160292601591 1512.186218928640983 10638.371786278466971 162.33788416526445531 -3655.2273208907909066 5.778271201876722607
152000 1385.3119307254439718 483.59921012206910973 10667.661462465506702 154.53363095389613591 -3647.5677755441938643 5.7624060853261678261
153000 1401.2773107720552161 -1076.7184704242133648 10664.21019248153425 156.31459312814791929 -3648.5868654813029934 5.7642709790969011152
154000 1364.8481553853339392 2219.1846342523658677 10658.607603741576895 152.25086601396236574 -3645.6136951230901104 5.7673009095420573189
155000 1447.4816106365922224 -8140.9891390522379879 10715.607576048365445 161.46875232174591019 -3652.8425254986964319 5.7366226685001215913
156000 1427.6032441262264001 1091.2311095281502276 10630.70639300230323 159.25129061788939566 -3653.7407694863682082 5.782437690873905467
157000 1381.845086459922868 -224.02253468402491876 10666.782076009836601 154.14689925800860237 -3649.1060797939153417 5.762881147235880519
158000 1434.1152466146743336 -3213.0928639652138372 10668.277318335147356 159.97771429691866274 -3653.3744137168937414 5.762073434467459343
159000 1330.1332809191535489 1988.5495962616378165 10644.124919006902928 148.37836951668737129 -3641.8982264875303372 5.7751480554068868045
160000 1392.2887394142226185 2684.5662035413538433 10658.707821244970546 155.31190446416835016 -3647.6665971951856591 5.7672466830346653666
161000 1331.5310780366917243 -281.31836953937317958 10671.561137945071096 148.53429588902213254 -3643.5559152187997825 5.760300347147493838
162000 1427.9798579811842956 -4503.9491625707059939 10677.463218104172483 159.29330246026466966 -3652.7043340925056327 5.757116280511542783
163000 1387.4007256366144247 -1202.5392882685018776 10658.2364303657032 154.76663917015551419 -3647.4090504546265947 5.7675017559543393375
164000 1435.000012989122979 -3611.4627163551222111 10672.987102531351411 160.07641131768124865 -3651.4884932821933035 5.7595307421416546134
165000 1425.3975351913768463 73.48556875061414928 10645.910294033779792 159.00524046631724673 -3652.5915298672589415 5.7741795327695673024
166000 1363.6735695964487149 -2001.3909269262162525 10671.488787526666783 152.11983920130202819 -3645.8870892274044309 5.7603394007555284162
167000 1408.8282326678704521 2541.14266719136549 10630.453158079852074 157.1569098307829222 -3652.5506802462605265 5.782575438074184504
168000 1397.5638513270130261 -1332.6794247285304209 10653.960273949031034 155.90035113779569542 -3649.4806342701090216 5.7698166453483041849
169000 1357.2609572031503831 3667.4355062685522171 10636.656173034923995 151.40450263698224376 -3647.0485027257236652 5.7792031938897627796
170000 1429.3945354458528527 -1502.7080748769794809 10652.977732811894384 159.45111186072901432 -3652.5241737617034232 5.7703488047454207788
171000 1347.9567487688773326 1388.9276005305393937 10656.408157957130243 150.36660418204934331 -3643.8101125861594483 5.7684912605013218823
172000 1400.9012628061643682 -280.09131768936094886 10648.468384972085914 156.27264441154983388 -3651.0594381731143585 5.772792396535048276
173000 1399.6320223146806256 315.57679509813311824 10650.466262191584974 156.13105872434655907 -3650.3786176752519168 5.771709502121037616
174000 1412.8841959629669418 1369.1568995832330984 10637.11645278263677 157.60935864112326499 -3651.8565812860742881 5.7789531214006757409
175000 1389.956736432625803 -675.94178935502907279 10656.895309170551627 155.05176602159190224 -3648.7945706774171413 5.7682275694885420947
176000 1410.5934760550285318 -3693.4051873968642212 10673.645146935628873 157.35382538755001747 -3652.2075458199369677 5.759175659419308424
177000 1432.2409486190165353 -3067.7730839424161786 10663.560049320782127 159.76863353443150118 -3654.1963221735645675 5.7646224190790888997
178000 1408.5415469336903698 1261.5321974907587901 10645.500268444411631 157.12492960563440647 -3651.1254835279423787 5.7744019329674296515
179000 1371.6425037787539623 3577.5530835673021102 10638.649780999623545 153.00878580365994708 -3646.3732441684569494 5.7781202119555770125
180000 1428.8296195121413348 -2283.2002413439367956 10674.107944150677213 159.38809463804872735 -3653.6891816517309053 5.7589259588850714167
181000 1451.3410865509445102 -2711.4321555022393113 10668.901203768047708 161.89928266902418841 -3655.2787174358672928 5.7617364856467316869
182000 1454.8376019539769004 -2772.5982426510959158 10645.606472049616059 162.2893242249601542 -3654.8336688279637201 5.7743443258874762591
183000 1357.4900213546368377 1083.183846464189628 10651.857095662515349 151.43005508785304869 -3646.4085762038566827 5.7709558789088646336
184000 1416.2233668143169325 958.94559808274527768 10645.258004813809748 157.98184817549426384 -3651.6310753355328416 5.7745333461822339061
185000 1417.9582611730741064 2739.2470149754667545 10649.819980703734473 158.17537825246384386 -3650.6016298874901622 5.772059756774282846
186000 1408.7283171546375797 -1151.2871381302677491 10663.499290271767677 157.14576410489547698 -3651.8829953223594202 5.7646552650489324421
187000 1417.2724367004871056 -3647.2147300703036308 10656.21553762867552 158.09887350028836295 -3652.0361997367235745 5.7685955309787129153
188000 1398.9586498723399473 1671.3300553045128254 10638.290521099224861 156.05594301488702058 -3650.4911045300914338 5.7783153416982475648
189000 1384.3166684099787744 4534.6953627658449477 10632.318658525484352 154.42260794460185025 -3648.3006538813269799 5.781560852507001691
190000 1405.2938332696355701 -2796.8608197418789132 10674.73900160156154 156.76264225816157705 -3648.8945545084488913 5.7585855090497268804
191000 1394.9361203189014304 -3106.8272162484840919 10673.998964974349292 155.60722378875092886 -3648.0813364772889145 5.7589847562495446454
192000 1381.3312878909025585 5916.9759572077937264 10621.721950208426279 154.08958425429818817 -3646.7838141199808888 5.7873287980678567166
193000 1457.9708090998067291 -2134.4413038277753003 10659.531064303195308 162.63883819797720776 -3657.2556646500061106 5.766801274529521848
194000 1412.2988841474737001 -1.6974130085546326185 10663.798555435812887 157.54406622713167963 -3649.7464001042831114 5.7644934877521656347
195000 1406.0547837920119036 1780.1747673326647146 10650.077927917154739 156.84752743426594179 -3650.0003791830176851 5.7719199562263403536
196000 1435.1490981441675103 -2552.7120361027709805 10658.277585475372689 160.09304199111974754 -3652.6501021571339152 5.7674794857361559863
197000 1398.789758809953355 1874.029292713984205 10642.928297740963899 156.03710296267394142 -3648.7509395766519447 5.7757973752917637356
198000 1351.5078293991002738 1591.1054649165162118 10647.301487053147866 150.76273257120644189 -3643.9808235837372195 5.7734250694655715463
199000 1384.2662171419804054 -2470.8321264805645114 10673.761584425932597 154.41698002972066206 -3646.8570678063751984 5.7591128339613195664
200000 1392.444683303275724 167.30699479340069047 10660.520803757977774 155.32930023970882871 -3649.7321762578767448 5.7662658756635227775
201000 1417.1251231647579516 -4417.7098240232044191 10688.979654825800026 158.08244045365100305 -3650.7854989630832279 5.7509134933901702169
202000 1460.8012932259589434 -1473.9378908546489129 10647.483892875639867 162.95458296251021579 -3655.1347093354397657 5.7733261628732730486
203000 1397.348484175460726 -109.7539981024305149 10655.761750916697565 155.87632660788338512 -3650.4583803020800588 5.7688411926273044372
204000 1399.5376575298832904 -3594.6001716233995467 10653.003863421297865 156.12053219057065689 -3649.4867348277302881 5.770334650734714188
205000 1406.8997190420243442 1261.8590052170277431 10647.07875815114312 156.94178123314645745 -3653.1073598375869551 5.7735458451877894603
206000 1398.784741573892461 -41.171917984115900424 10668.26231255609855 156.03654328243970895 -3650.4413582926499657 5.7620815392926205689
207000 1390.7054398295579176 2074.2062580203355537 10647.708741280033792 155.13528501241935942 -3648.9857756882574904 5.7732042471440481179
208000 1379.1018816332693859 -1113.3738453630678578 10659.073921846182202 153.84089063070180714 -3648.0116379050141404 5.767048598989702235
209000 1394.1584128838951528 1181.132519554278133 10646.73402164782965 155.52046935382128368 -3649.4335631019043831 5.7737327900294976857
210000 1364.2864126289075557 -31.094724107623282094 10663.078407428296487 152.18820276398432156 -3644.4719602827181006 5.7648828020140445716
211000 1365.2921456805640901 762.59920079837115736 10651.748228368544005 152.30039379966061119 -3646.9378224814145142 5.7710148615600402877
212000 1437.6310374732006494 -780.32094439888942361 10654.646633205669787 160.36990605892714257 -3652.7602600449727106 5.7694449608429447807
213000 1399.4439281879058399 137.30785950252041516 10655.567169908821597 156.11007654139777401 -3649.4923613424780342 5.7689465372716242086
214000 1362.7413899211419448 3816.4450499811478039 10657.047044347144038 152.01585315546529387 -3645.3803397262131512 5.7681454413882118359
215000 1388.3825955417289606 -395.16272838194635142 10664.377230433501609 154.87616823591781667 -3646.5374121360628124 5.7641806923414611319
216000 1412.9055230143130757 681.5884914039169189 10647.096216751593602 157.61173770580103337 -3651.4310238400767048 5.7735363780027428859
217000 1434.2928913256478154 -177.59331670258492863 10631.900481436325208 159.99753083180701196 -3652.7155094596400886 5.7817882545874024203
218000 1382.0714169272857816 922.04972639882294061 10640.996762212083922 154.17214676230085502 -3647.3587680889158946 5.7768457881507551122
219000 1459.3450197413949354 -1106.3567695239812565 10642.713491581949711 162.79213346341890656 -3656.2666847473892631 5.7759139505289356364
220000 1398.5499219347830149 2174.1798783690178425 10645.075291956571164 156.01034879826181623 -3649.3376259550759642 5.7746324606983794325
221000 1382.7411899503658788 -298.64969076066341813 10665.579902331928679 154.24686095112426187 -3646.1606340008984262 5.7635307119184915337
222000 1415.5352868436305016 -687.08558372161996886 10653.607115621816774 157.90509181911096448 -3651.0730690136433623 5.7700079100319641157
223000 1369.2409268487349436 1126.9633539695237232 10660.632836934682928 152.74088628241881338 -3647.6991525682569772 5.7662052776583516689
224000 1395.8549206945729111 -2096.4281237427780979 10682.228404339948611 155.70971735357568377 -3647.7390256743374266 5.7545481149360426798
225000 1408.8268188336021467 -224.91079747257822419 10659.210751753529621 157.15675211544228773 -3650.2966753819937367 5.7669745686750903957
226000 1398.9476919569999609 55.328618541647138329 10645.400863389300866 156.05472064293769563 -3650.0996863464615672 5.7744558534115482118
227000 1387.0892787263471746 2214.2607904115484416 10648.333160369193138 154.73189679854556289 -3646.6775470597995081 5.7728657059955663655
228000 1394.9328133892836377 -1375.131067541125276 10691.176420454401523 155.60685489577468843 -3646.7943516660161549 5.7497318265091363898
229000 1398.9691638674296428 849.10271748061882136 10649.445702597142372 156.05711586686425107 -3649.4447545061002529 5.7722626176233102768
230000 1456.6768730687817879 -3092.3173973699967974 10666.46347578410132 162.49449768616796064 -3655.9933873288227915 5.7630532806931009659
231000 1340.1751730444052555 3416.7636723101572898 10648.261656063930786 149.49855769766250546 -3644.9084037880506912 5.7729044714546624562
232000 1352.9582312541388092 -1068.8344139574205656 10678.321084678253101 150.92452708118659643 -3643.6317030721966148 5.7566537698246111887
233000 1416.1026240156909353 -1917.868797469614492 10647.938932649492926 157.96837913457332547 -3651.9379770824562002 5.7730794397235491999
234000 1426.0843381033548667 -770.50906681786818808 10650.801419469824395 159.08185436487946163 -3653.5339361075498346 5.7715278791265474112
235000 1429.3382862450976063 -1896.2696252031109907 10652.089021828194745 159.44483717772212117 -3653.6176691022619707 5.7708302288446793327
236000 1405.8601614975682423 -882.7402481445705007 10657.501651948961808 156.82581702438793059 -3650.863313140822811 5.7678993947206453896
237000 1470.9225207854040036 1508.3216809173447928 10624.520613256090655 164.08362113058015552 -3656.208813045336683 5.7858043261560005988
238000 1395.186600679027606 -306.87850478505799856 10659.762456718852263 155.63516524992974155 -3648.7155696894005814 5.7666760940592300955
239000 1369.1560580603950257 -2159.0474765780286361 10683.860601205635248 152.73141904134052993 -3646.3465125808747871 5.7536689799728266692
240000 1423.4930789638053739 2208.0321965007055951 10645.18713420943277 158.79279550766790408 -3651.824422370747925 5.7745717902850079994
241000 1467.1293329626232662 -847.42955047313682826 10658.955123311794523 163.66048531968920088 -3654.8635596606336549 5.7671128751700013737
242000 1414.4782955187383777 -4189.0205005529132904 10692.123112847857556 157.78718284590459575 -3650.8931462642749466 5.7492227389007055649
243000 1394.7786842231566879 2172.6214180767010475 10640.96805616421625 155.58966155530802666 -3649.7095014846695449 5.7768613722978781055
244000 1356.8963416349679392 4073.9268417929429233 10638.164094423636925 151.36382922155584652 -3645.5165091226908771 5.7783840126825136707
245000 1402.7605886467904384 623.81193785674963692 10645.497135187188178 156.48005500760808673 -3650.8505319298014911 5.7744036325298209178
246000 1398.3743902574099138 641.06182170840668277 10662.800759736799591 155.99076797545197337 -3649.2451911576554267 5.7650329132688451494
247000 1446.1452543235811845 231.79397507546781299 10644.020383626462717 161.31967976363284833 -3654.8651994859828847 5.775204773383489254
248000 1435.3621185205365691 -1091.6053679318081322 10651.751671356598308 160.11680473472813446 -3654.7600521224294425 5.7710129961827920653
249000 1367.2217419079381671 2538.1755616422979074 10643.898773729604727 152.51564316312700953 -3646.3432201632012948 5.7752707569175090185
250000 1427.2703834676447059 870.16146924652969119 10636.020744059665958 159.21415951042439474 -3651.5837685556261931 5.7795484614716601257
251000 1377.4845948052006861 174.76411782167750175 10657.27539970007274 153.66047985079575255 -3647.6470360036973943 5.7680218463004822027
252000 1399.2866400163684375 -1373.4828090867599713 10671.457383135448254 156.0925308091228203 -3650.1314338788870373 5.7603563525125016653
253000 1399.2129519572151821 1403.6191444860007778 10647.235568076263007 156.0843107952138098 -3648.9335039063771546 5.7734608137929406269
254000 1407.7931463682912181 -682.47001122781443883 10659.035131182581608 157.04144439612025508 -3649.4521756065046247 5.7670695865968752969
255000 1383.0851697355437864 -868.35415452810241277 10668.653119959264586 154.28523241389686405 -3649.5175421964631823 5.7618704663391868692
256000 1423.0095501942587362 526.54958061611830544 10657.930001324217301 158.73885714564889327 -3652.568815222079138 5.767667578964495334
257000 1435.6587699230940416 -1332.7889657120610991 10659.252447616703648 160.14989664518381574 -3652.1965690849547173 5.7669520099653004408
258000 1396.673421842795733 1401.2383460039918646 10647.477363094178145 155.8010223886146548 -3649.9631317947932985 5.7733297034826467353
259000 1436.7798332840125113 2441.1744070905224362 10636.70994492475802 160.27495295044596446 -3653.5626595708445166 5.779173978213197671
260000 1363.3020748286376147 -3461.4775992313866482 10681.91229247118099 152.07839840080293925 -3645.054646032090659 5.7547184103764763563
261000 1432.8243289013969388 -163.81415173801948981 10658.463446471700081 159.83371048299710537 -3653.6776684291749007 5.767378913126520068
262000 1382.4402385033154133 -1029.8214623651817874 10676.757396703156701 154.2132893642332192 -3646.928891285971531 5.757496873207240462
263000 1434.8629995887811219 -2906.8370789980472182 10675.777159442919583 160.0611272666494358 -3652.5123285458180362 5.7580255197756846641
264000 1460.2463186233542274 -26.799281070353234924 10647.379667799166782 162.89267471027795864 -3653.9702845620813605 5.7733826768118765571
265000 1418.7668437349855139 -2552.700836385092316 10667.148611912760316 158.26557685427098932 -3652.6722789223995278 5.7626831277911731988
266000 1361.993668206803477 -2951.3864615570478236 10686.063949447257983 151.93244367280874485 -3645.1121608689900313 5.7524826370415214072
267000 1443.2259545067979616 -1053.6890576333180434 10664.63244593752097 160.99402747513036616 -3653.3610264599192305 5.7640427496333455082
268000 1395.0107353925118332 -1765.6704338843269397 10673.148336456899415 155.61554721251792444 -3650.1442903357465184 5.7594437357849921355
269000 1390.9057133611913741 1579.8842004446578358 10639.60123675140494 155.15762582631180067 -3646.1663424857788414 5.7776034984446269505
270000 1387.3716753037699618 305.32847889877592706 10650.879120251971472 154.76339856180206311 -3648.5570881997987271 5.7714857744114977933
271000 1453.152007319274162 -4428.1175159322838226 10673.318000526516698 162.10129360641158769 -3653.7556847101873245 5.7593521831241503151
272000 1440.3440332728214344 -139.38887553691296262 10643.221708674811453 160.67254482379976821 -3654.4838057495926478 5.775638148870668509
273000 1400.0750288138642645 -548.64944355405725673 10668.018731916065008 156.18047676611504926 -3647.8803734070575047 5.7622131036950205996
274000 1397.6283116529918971 -1238.8790011132691689 10661.75067974439844 155.90754178418012543 -3649.8509724292007377 5.7656007136141731451
275000 1403.0650596817799851 -2418.0476960604264605 10670.787535032462984 156.51401920983118998 -3649.4538232628165133 5.7607179531687382479
276000 1391.4069061918237367 -2415.3169463935396379 10669.87822337223588 155.21353464093169805 -3648.7949797420014875 5.7612088948548976219
277000 1389.6495321285990485 623.80322210431427266 10647.789323267756117 155.01749691909375883 -3650.2236080366837996 5.7731605557955774088
278000 1407.6331689157152596 5119.6934560385034274 10616.085987890028264 157.02359867049773356 -3651.7235823069213438 5.7904012267451765439
279000 1392.9598784275490289 1386.2068037320070744 10652.095167150680936 155.38677103125971257 -3649.9001493387586379 5.7708268995829508086
280000 1389.1964414233027583 1190.5403853989516847 10654.128456671151071 154.96695396895529484 -3648.5445270570025968 5.7697255648367926639
281000 1382.402850119775394 546.02222485227378002 10660.397085784692536 154.20911863377477857 -3647.1832592522814593 5.7663327953778464874
282000 1377.2859009153103216 4123.6168842694496561 10652.530086855656918 153.63831524831735464 -3646.9138012508065003 5.7705912892338444564
283000 1352.3685690563011121 3158.2069052638962603 10640.571785645053751 150.85874937549658625 -3643.2849574707261127 5.7770765110988042679
284000 1427.2072053209285514 -1816.8483443821896799 10653.274186825772631 159.20711189306658184 -3653.6475082921829198 5.7701882303497340487
285000 1406.6327184699744066 -1548.3777800186869626 10679.881060126028387 156.91199691746237477 -3648.2466964963796272 5.7558129141548048935
286000 1374.7683390723291268 2462.9755575104531999 10660.551122713890436 153.35747743546235711 -3644.626674688552157 5.7662494762148588379
287000 1327.9192314328374778 3839.4882754099267004 10670.257938149577967 148.13138896404544198 -3639.7265404753256917 5.7610038748670575615
288000 1404.7759529635518447 -630.14642052393662652 10663.496647958114409 156.70487193053818942 -3645.0806197875153885 5.7646566934760059553
289000 1361.1505228333951436 -340.77824962645445339 10676.186729957187708 151.83838953735741484 -3642.6017128112998762 5.7578046246627616611
290000 1391.8484761326251373 -2496.7580929544478749 10680.218482023035904 155.26279243245045336 -3644.3240835895321652 5.7556310698118648972
291000 1415.1841136034734063 -541.98046097726683001 10673.580699598323918 157.86591791560829279 -3647.8331271045303765 5.7592104334606322169
292000 1427.2888946013579243 493.51149346610861812 10657.338080147888832 159.21622445525187572 -3650.2778197797370012 5.7679879220513265992
293000 1393.8657743186690823 386.831610157447642 10658.115966184648642 155.48782508140976688 -3648.5275743678603249 5.7675669435895615678
294000 1395.0281618581311704 -1767.661706558937567 10692.727228080428176 155.6174911609869298 -3647.037479744655684 5.7488979206426575885
295000 1374.2854101731488754 2431.6164865033306342 10646.252758575643384 153.30360598988559673 -3647.7967508324945811 5.7739937911952150529
296000 1445.1041117948786905 1549.2430657894929027 10648.00148179338612 161.20353874749605438 -3654.4526115988674064 5.7730455271459444333
297000 1406.3101647460409822 -4247.2024780541360087 10689.55502777966467 156.87601556407068415 -3648.7441282958943702 5.7506039463533182854
298000 1419.3113581804302612 -924.77811635916793875 10667.655570468654332 158.32631826022810628 -3649.7496828965140594 5.7624092680384615406
299000 1366.0635897665940774 -784.38793650346963204 10664.75216488165097 152.38644954858474989 -3644.3034009431094091 5.7639780444155181982
300000 1464.9121689302321556 -4298.9950257016034811 10680.880872487845409 163.41315733474479543 -3655.9984731513695806 5.755274125924453088
301000 1401.1065647363827793 -121.32767051130609559 10669.007041199814921 156.29554615087283764 -3646.2017816889037931 5.7616793287445196015
302000 1455.9641629074656066 -4218.2665194662058639 10677.893295257317732 162.41499379494814548 -3654.3319325264747022 5.7568843991739226951
303000 1396.8609297601321941 -33.35928090847225036 10646.167662404817747 155.82193917901827263 -3648.2680391624962795 5.7740399434612310614
304000 1411.2354489797610313 -2108.627053946187516 10680.046417002084127 157.42543843355986155 -3650.1453365285460677 5.7557237981336299981
305000 1391.9306092417548371 2336.606864512280481 10644.070215225816355 155.27195450439529623 -3647.4886060870712754 5.7751777360110700954
306000 1403.8750480261326175 -463.46283412882650055 10677.491568478479167 156.60437462878550718 -3646.2601238264333006 5.7571009944866897712
307000 1442.6852711653471033 -1832.2914369003681259 10673.241024277238466 160.93371343459011769 -3652.1717259714760075 5.7593937200226736906
308000 1398.9576754603149311 -419.18345454626472701 10656.087602467425313 156.05583431775897907 -3648.6186547415818495 5.7686647877478920421
309000 1411.4055491895537671 -995.68856007859756119 10683.452623119779673 157.44441336798601583 -3649.3701204748376767 5.7538887002205694188
310000 1421.4181398985306259 257.58050178654372075 10649.180564987203979 158.56133293187309619 -3651.2834774937509792 5.7724063323349774635
311000 1372.3776585628349949 -680.14606482634178519 10667.75016033751308 153.09079342633137344 -3645.2998235329705494 5.7623581733344444444
312000 1401.9975879566295589 -570.80908485501026917 10668.323944883695731 156.39494113220158056 -3649.1722809918610437 5.7620482509805199811
313000 1347.5845113540881357 1762.3110526136692897 10659.869486193760167 150.32508053816204097 -3643.1005631593534417 5.7666181942589460618
314000 1403.5771951104848085 -1725.6679624607827463 10675.620647353727691 156.57114868773615513 -3648.6707379314775608 5.7581099364698973275
315000 1404.9774174507733733 2198.5990843379113358 10629.629370084874608 156.72734559731898685 -3649.1432922706353565 5.7830235831656162659
316000 1430.8503633193463429 1896.9521294669400504 10650.689342537743869 159.61351165123468832 -3652.4700093207702594 5.7715886127670952277
317000 1365.6876108229453166 2020.3078462846540333 10656.699880346239297 152.3445085315216545 -3645.6191889573219669 5.7683333506351379683
318000 1405.3178426489812409 926.50452172475331736 10645.016772642480646 156.76532054056494303 -3648.5476804475079007 5.7746642058367800843
319000 1440.349708465113963 -1977.7769871657285421 10677.500239155751842 160.67317790004193512 -3652.4415988831888171 5.7570963194257078754
320000 1368.9916160411908095 -1516.5337062572127707 10661.6086952891892 152.71307528659087893 -3645.6812489781568729 5.7656774961804506674
321000 1381.8899276130023281 1668.4557891990966709 10652.650711731437696 154.15190135612661493 -3646.91090507271565 5.7705259461679458965
322000 1408.9993208108235194 850.3667716115313624 10655.35288902184584 157.17599497064009029 -3648.9705245920667949 5.7690625517287514867
323000 1384.8438739424727828 -298.88173015079820516 10657.861726109289521 154.48141851526705182 -3647.7653213639059686 5.7677045271585791752
324000 1447.4776016897624231 -2480.9072962994114278 10652.508643825422041 161.46830511769303484 -3654.751750299246396 5.770602905179686104
325000 1439.1474534721867258 -3211.3353235696340562 10668.171185650753614 160.53906454602483223 -3652.9222631010161422 5.7621307586620780228
326000 1448.9877663585243681 2134.0611146284636561 10622.391894336613404 161.63676625949511845 -3652.3699977532669436 5.7869637967588554162
327000 1388.9255366542031425 -2922.7587703573076396 10703.333378413299215 154.93673413421399232 -3647.1412257902497913 5.7432012209848064543
328000 1354.5148635733557967 3192.5727657030702176 10643.442165496053349 151.0981717593370206 -3643.1960050321072231 5.7755185185098181222
329000 1419.1278666479422554 1806.1978279051159006 10641.890402411940158 158.30584950359954632 -3651.8034395010245134 5.7763606843365407073
330000 1429.2421327899535299 499.06988084944720185 10650.684907039862082 159.43411111507685973 -3651.0396602755299682 5.771591016356091508
331000 1400.168731948597042 745.22653662539505603 10653.85935890465953 156.19092949183036012 -3650.2755326092483301 5.7698712979660236044
332000 1420.1520127203998527 -1494.352346860786156 10658.458325305775361 158.42009453946027975 -3651.323980703347388 5.7673816842312568554
333000 1425.0511705423489275 1205.2757836647674594 10641.795226738129713 158.96660296839260695 -3650.1953092022113196 5.7764123456407272528
334000 1423.7236728832215249 -2488.0988645607335457 10672.477320773799875 158.81851860645377883 -3649.2919664608853054 5.759805851998171633
335000 1397.59985198860727 2838.2476045772118596 10641.542733973865325 155.90436706578236681 -3647.7584646417817567 5.7765494030540311954
336000 1417.0144195519203549 292.72873684206729195 10640.925134931809225 158.07009129901510391 -3651.0685409394136514 5.7768846738441625988
337000 1391.7623389975508417 -3653.4946767711576285 10674.790732242623562 155.25318370538491308 -3648.4678770599148265 5.7585576026178850739
338000 1368.0716843010638968 -370.61403974230086078 10654.999112009767487 152.61045551635822903 -3645.8814292435658899 5.7692541014126694776
339000 1402.0118693087872543 5523.008731045470995 10620.468627872527577 156.39653423853013692 -3649.2663106720328869 5.7880117611933039612
340000 1389.5625540158193871 -1549.7750237753084548 10681.69887186123924 155.00779437969939067 -3647.192133190205368 5.754833389793882148
341000 1418.3516535048920559 2119.7972107339323884 10636.168093016702187 158.21926175918670765 -3651.5054658226436004 5.7794683940610580564
342000 1433.2912528049253069 -4807.3114272023694866 10687.330863214143392 159.88579654721922907 -3652.9720097002145849 5.7518007175295409183
343000 1424.2744194531758239 3699.0329253133281782 10628.545033129161311 158.87995521528009135 -3650.4455082865861186 5.7836135741914276309
344000 1374.4805556688859269 2352.2341107869237931 10649.494789907217637 153.32537476365538964 -3645.9836640749417711 5.7722360112114072805
345000 1411.4189860695873904 -2119.8342558116819419 10678.4698773860855 157.44591227217807727 -3648.7402301492525112 5.7565735571993661424
346000 1382.6972587821633169 727.8401436637345796 10664.651101006142198 154.24196036318892311 -3646.5326896117026081 5.7640326669206514154
347000 1317.2495409747118629 1039.5426139242906629 10670.592994754028041 146.94116893411697333 -3641.4483351833737288 5.7608229793538008323
348000 1396.1187473418076479 3842.9233006107456276 10623.526345432521339 155.7391476131694219 -3648.3633909895515899 5.7863458261144815609
349000 1410.3763307406650256 -4088.4014225159626221 10679.388604269524876 157.32960250089976739 -3648.5496246619768499 5.7560783304518929882
350000 1421.2275200083629443 608.95307814552893433 10648.199694597406051 158.54006899621623461 -3651.0481242932219175 5.7729380637648572971
351000 1387.411694253370797 -3631.8090441373392423 10682.376033832322719 154.76786273586395737 -3648.7680769258990949 5.7544685875898453631
352000 1413.7913343054508459 2822.4324304169454081 10631.235541600226497 157.71055128859302386 -3650.0474286065718843 5.7821498815421739081
353000 1474.0904399052087683 -4119.1318307539950183 10676.087703600389432 164.43700727654029947 -3656.960228754865966 5.7578580313442131455
354000 1426.188784847387069 -2508.5860759466672789 10660.985058530313836 159.0935055563827234 -3652.0262091387821783 5.7660147716204503965
355000 1433.7496647952684725 -2165.995829307115855 10658.887772252823197 159.93693309471393604 -3654.229453781959819 5.7671493162291103118
356000 1386.3845357494733435 -459.26860152652710667 10658.494764279445008 154.65328165874197452 -3645.0105392901950836 5.7673619668627198465
357000 1371.6060932611114822 -494.99329395462950743 10667.471885513210509 153.00472415561418416 -3646.7465982142498433 5.7625084919127784744
358000 1415.3474441953092082 694.86731147446266732 10644.860104336657969 157.88413768896216993 -3650.2928376428835691 5.7747491958553389679
359000 1436.4049162904620971 -582.34587032391789307 10665.654308190243682 160.2331303955147348 -3654.0988255989291247 5.7634905043102984123
360000 1380.5270447800089642 -1262.187849654999809 10673.849141037911977 153.99986972478356506 -3646.3459444835134491 5.7590655924834717183
361000 1390.6243012509869459 664.95028684462351976 10672.729303927426372 155.12623388185525641 -3645.5413909560975299 5.7596698629740394892
362000 1411.3902172090636213 -3510.3346404411968251 10688.560729477563655 157.44270306248563429 -3649.7238104132379704 5.7511388935632030694
363000 1460.2295297732907784 2542.3238835559009203 10632.62277563339012 162.89080188878389777 -3654.6104339243447612 5.7813954867639720803
364000 1423.5256512687587929 197.95311105904352189 10652.976623192569605 158.79642899731118177 -3651.5876393211847244 5.7703494057878126355
365000 1317.6062388307041147 -1211.8101751932358638 10687.152879236562512 146.98095911683134318 -3640.0334954117906818 5.7518965080905539722
366000 1381.3527415032713179 4160.0809780240051623 10637.775656734365839 154.09197743704851291 -3647.1212904183266801 5.778595010000565857
367000 1376.6420343208228587 579.36289569050029513 10666.587550968442883 153.56649096059612702 -3644.3680977614767471 5.7629862440804302537
368000 1416.4494664122478298 -2146.4189386108059807 10663.860295801796383 158.00706992595388556 -3649.8205621370261724 5.7644601131647501546
369000 1375.7761291035601516 2736.7001720277435197 10645.485289324842597 153.4698979303062174 -3646.5167122875418499 5.7744100580509405418
370000 1441.3536681408713775 -3398.9410743260700656 10694.040108039758707 160.78517111296750386 -3651.432549364121769 5.7481921431449114479
371000 1333.9929427016834325 3147.80443092886253 10642.171722725797736 148.80892059784062553 -3641.6379300747403249 5.7762079892247717439
372000 1397.8201689397481005 -375.44659140153822818 10668.773760117832353 155.92894375328887691 -3648.4807905146972189 5.7618053123690735617
373000 1379.5583864530651681 -524.94898212077134758 10672.50141064239142 153.89181443045143283 -3646.9291527496006893 5.7597928510192302198
374000 1377.2316849122710209 70.543465766706248132 10663.218177487933644 153.63226737157589241 -3645.2695027651334385 5.7648072377707153535
375000 1404.094109378768735 -1574.2434203895184055 10661.913692634945619 156.62881125238899926 -3649.8593789075785025 5.7655125617809126481
376000 1403.097916655709696 1483.1642013189773479 10644.230924327990579 156.51768445472720259 -3649.4346806023486351 5.7750905410192059364
377000 1371.1162338658473345 -1717.1304758837727604 10678.802750347678739 152.95007960276794279 -3646.4280632537215752 5.7563941168881802568
378000 1449.3287232918319205 187.37126728003644871 10639.173126121666428 161.6748005185918089 -3654.9875089578472398 5.7778359839435262657
379000 1408.9367213289986012 -946.01091271960103768 10685.869713598760427 157.16901190422186119 -3646.5362378382401403 5.7525871992695778445
380000 1388.043949048400691 2435.1167785254401679 10656.441851502286227 154.83839170987835132 -3646.8964784727813822 5.7684730216816975101
381000 1387.0129468185730275 535.62246983984732651 10654.690479761327879 154.72338185934353305 -3648.0652168985197932 5.7694212182208506334
382000 1359.5417677315283527 3141.2073101324508571 10646.422820000174397 151.65893048435057722 -3644.4445393036257883 5.773901559877150369
383000 1394.6565152398659393 -919.66039213649560224 10681.223870671861732 155.57603342134112268 -3648.1030274331656074 5.755089311094466531
384000 1381.8858369454828789 368.96876542060988413 10664.71068891388677 154.15144503600780013 -3647.2262999601171032 5.7640004610168240617
385000 1376.4288758978896112 2383.7611716760407035 10655.804807462440294 153.54271281768572521 -3646.0343848937545772 5.7688178826681619782
386000 1366.0810580909815144 712.93640652280600989 10654.065108246624732 152.38839816646236613 -3645.8951260467988504 5.769759871274829699
387000 1424.252870810520335 -1693.3106659200329887 10663.592988094304019 158.87755143175826333 -3650.9915713242489801 5.7646046127362824407
388000 1395.6699526340560169 1753.3707472485227754 10658.269483306406983 155.68908388802310583 -3645.990357579420106 5.7674838700401345193
389000 1389.7522544007201759 200.83634366568728069 10658.610675620939219 155.02895574315977001 -3646.8325725069835244 5.7672992473692685778
390000 1384.1181796774235409 2869.9179378510380047 10640.102890068292254 154.40046622773297713 -3646.711078250797982 5.77733109939091527
391000 1394.8945831890405316 1291.3211779644568651 10651.278260062214031 155.6025902593959529 -3647.7942528403104916 5.7712694971083822182
392000 1396.4343470027392868 3371.5261096981757873 10649.542523621199507 155.77435323036647219 -3648.2308577226258421 5.7722101387138620154
393000 1374.8959496759146077 230.08748111541913772 10651.456692541252778 153.37171259036350079 -3646.2600215449356256 5.7711728171937659582
394000 1366.8864198658548048 2386.1770742276667079 10658.168713793722418 152.47823748462766957 -3645.3375595992783929 5.7675383997210394327
395000 1440.1443876285056831 -3401.3719049645173982 10677.355785948609991 160.65027405168268615 -3652.7267083333531446 5.757174206783199466
396000 1437.236566145909137 715.05190279772000395 10655.92021173683861 160.32590218863518317 -3652.5890490051483539 5.7687554060139962786
397000 1383.0077450177334413 -590.85935456630420504 10659.582597678163438 154.2765955700904783 -3646.8838442598448637 5.7667733951327706521
398000 1395.1879412435987433 2295.9679833576751662 10642.812091196588881 155.63531479192539564 -3648.2655714938055098 5.775860439963792281
399000 1393.2700000006850587 -1614.3482768443125224 10680.765246613762429 155.42136555951788068 -3647.470992559028673 5.755336430318008567
400000 1422.9982264842349196 414.32263957021024225 10654.60068065098676 158.7375939687520372 -3650.8579265628559369 5.7694698440594072153
401000 1405.7739070662089489 -974.14669012656054292 10664.895922221397996 156.81619521274524232 -3649.5270008273860185 5.7639003489409379455
402000 1382.0697660721677948 4340.0721861169377007 10632.825400461986646 154.17196260692770693 -3647.8649802675240608 5.781285313388088376
403000 1448.0487013566171299 -1386.4999899458514392 10660.588438281187337 161.53201214511275907 -3653.8307961923264884 5.7662292924443638853
404000 1418.7047173810428831 762.30462041157011299 10645.508184933920347 158.25864656598014335 -3650.8852961783577484 5.7743976388565680935
405000 1424.6363873214565956 -3829.1290985000464389 10681.520821512625844 158.92033327579733282 -3650.186994752244118 5.7549293171537012626
406000 1419.5450952835024054 -1807.5902911888122162 10680.141258397812635 158.35239198588169529 -3649.2227169014859101 5.7556726863678546735
407000 1438.1231021992671231 5415.1493795099904673 10626.22437336191615 160.4247966197436881 -3652.468670989014754 5.7848766568122469423
408000 1376.3263449372373088 -371.30957338619401753 10657.989914130994293 153.53127533470203048 -3647.174042806327634 5.7676351566075583222
409000 1405.3647228870138406 -4497.5093897724000271 10684.244258932045341 156.7705501016785945 -3649.9922619298940845 5.7534623729816463111
410000 1421.7551276844069434 -335.88070333057936523 10654.357009561110317 158.59892442659972289 -3650.6063069129622818 5.7696017950540703367
411000 1378.7079813853119958 3111.4732084958463929 10640.287220160711513 153.79695046516911816 -3646.6090855721731714 5.7772310141250331483
412000 1434.9171311452589634 -1879.2723719727375737 10666.53187517150036 160.06716572324984327 -3652.3683890317124678 5.7630163249779196022
413000 1388.4900263696110869 508.79405621957175754 10654.945025360377258 154.88815230646596888 -3647.1095462056218821 5.7692833873097884023
414000 1373.2844819336778528 -1530.5889155825179841 10678.635068229532408 153.19195093824049536 -3646.355679509633319 5.7564845071255312803
415000 1385.5218312856131888 1500.6782168240833926 10648.625351450764356 154.55704567731169163 -3647.7796920070668421 5.7727073024628348108
416000 1393.2524252378998426 1944.4376180764504625 10632.613883048203206 155.41940506827680224 -3649.4916038394403586 5.7814003220333098909
417000 1423.8335585759209607 -3713.9363992976714144 10679.790266074975079 158.83077652086717535 -3650.2500016738476916 5.7558618470981084414
418000 1395.7377399573431376 5975.5953520279081204 10623.516525250615814 155.69664566596486566 -3649.0879212421327793 5.7863511749053868627
419000 1369.4934578893842172 -1347.1382396439839795 10676.96100034493611 152.76905650009655346 -3645.3904161952773393 5.7573870809797629278
420000 1397.4727872892906362 3504.730034771215287 10636.636258895010542 155.89019280732406969 -3646.9234505278350298 5.7792140138386818293
421000 1368.4840359270508543 -2366.4524426666230283 10677.234158358458444 152.6564539608819473 -3646.1046047939535129 5.7572397884885813113
422000 1344.4992196946836884 888.49204660193061045 10659.869421847173726 149.98091160977500635 -3642.6428030382398902 5.7666182290682090894
423000 1389.9115967638258553 -1419.1188528025586493 10673.553320637474826 155.04673062359597679 -3647.3832414217040423 5.7592252065350004742
424000 1392.0747860884191596 -1153.6621154773320086 10673.707770543149309 155.28803764864633763 -3649.4145840845785642 5.7591418698155560918
425000 1446.4745403437957521 45.442507192068276822 10642.019578534975153 161.35641211480771062 -3654.9337160422228408 5.776290569085112736
426000 1459.8551560867028911 -5191.3784872384267146 10690.93251953928484 162.84903994056207921 -3655.454475679583993 5.7498629998049732848
427000 1394.526799251414559 -1816.9456520951255243 10676.055173125667352 155.56156340758931833 -3646.0491700093657528 5.7578755758259623221
428000 1375.1490237626474027 450.69319538589599006 10664.1359683827759 153.39994338564920895 -3644.8620560348053914 5.7643110993485278115
429000 1394.2524779638281416 2785.240301731415002 10642.095379852989936 155.53096245506844753 -3647.8197871908851084 5.7762494258306364969
430000 1390.5131536824358136 -1285.0311501210012466 10661.268043873966235 155.11383520329130192 -3648.1648733909387374 5.7658617225023771624
431000 1393.7943024293695089 3895.4206508463767022 10639.053121999595533 155.47985228458355778 -3649.5248546179836922 5.7779011555454315996
432000 1460.1321165071306041 -1970.5010729297259786 10675.737237579758585 162.87993529232360856 -3654.5496126870270928 5.7580470518817827852
433000 1394.8010259246016176 395.31878279955526523 10660.706977654732327 155.59215380573147058 -3648.2830290804540709 5.7661651761329899557
434000 1393.7631001374945754 -831.68608120686303664 10659.188721031427121 155.47637162196124905 -3648.6118725196029118 5.7669864880263101981
435000 1361.7791957570034356 -1615.5000749798516608 10688.231289567986096 151.90851894822355916 -3643.6794226108804651 5.751316159064455924
436000 1406.7502644409057666 878.51830180669526271 10643.184831921575096 156.92510934744231577 -3649.7845977017359473 5.7756581604354533255
437000 1433.0498972276952827 -1489.3756629380675349 10670.376339448059298 159.85887296930647494 -3651.6636084576211942 5.760939949254910708
438000 1378.4547277769543143 926.1857555110652811 10646.570684077849364 153.76869964397596391 -3646.8263412633368716 5.7738213694896458605
439000 1410.8665139104418813 -913.160874169527915 10670.718248882154512 157.3842831712802024 -3650.6849121343502702 5.7607553581456745206
440000 1346.7650392208820449 1885.7312650870715061 10659.638454015323077 150.23366718828671651 -3643.111951275339834 5.7667431773312500809
441000 1426.6974624065856005 -3436.0323433779590232 10683.350618650791148 159.15024930373971301 -3650.7067116441203325 5.7539436382622408672
442000 1391.9242035195777589 -2441.3796041972377679 10675.898885867101853 155.27123993644497091 -3648.6371112919282496 5.7579598668630476155
443000 1410.1121751545422285 -1329.835527369536976 10658.090137606759527 157.30013554767793948 -3650.2766538195278372 5.7675809205826347181
444000 1375.1094472648203464 6363.5622688184921572 10641.550750338394209 153.39552856774861311 -3643.964035389079072 5.7765450515335796666
445000 1375.8329481757159556 1420.9554028947545703 10674.415657325251232 153.47623618332556816 -3645.0094411789450533 5.7587599453583520059
446000 1438.5556771369244871 -525.47725974624052014 10666.232679061953604 160.47305100512303966 -3651.6240233011062628 5.7631779820611255261
447000 1372.6839564549004535 -176.06821709245565444 10661.655021044205569 153.12496141721095455 -3644.9201221717148655 5.7656524438445178049
448000 1372.7723244671769862 1272.2252312576945315 10671.868914608066916 153.13481900198618746 -3643.396958367087791 5.7601342201051846104
449000 1409.793571361622071 -1715.0502286697410455 10667.634918275254677 157.26459481503599136 -3648.3498755496639205 5.7624204238749303641
450000 1419.5884159892145817 1365.0939713019336068 10635.937692623589101 158.35722447580738503 -3650.3045194431588243 5.7795935914652218912
451000 1438.2896396110850219 1023.5435526122456622 10650.913866054039318 160.44337411869324228 -3652.7178015628405774 5.7714669464588093106
452000 1373.1065757296375978 -3008.1033000343550157 10690.061344501003987 153.1721052334069384 -3643.8625947391442423 5.7503315786987272418
453000 1423.7965929614429115 1016.3142554529539439 10646.638350522327528 158.82665295093391933 -3651.4420459708098861 5.7737846730273219009
454000 1411.784509970452973 -3911.9692340306269216 10683.61274971754392 157.48668701348245236 -3649.3011917159074073 5.7538024606082718293
455000 1382.3179309736767664 -1319.563067463419884 10663.417339075604104 154.19964577521267302 -3646.4853321638197485 5.7646995679566606086
456000 1396.8230186242844866 -1314.6873031732854997 10692.408280436744462 155.81771013475309928 -3648.3918903982339543 5.7490694065602800933
457000 1408.3692369769969446 1751.5734947848682168 10655.846385062372065 157.10570817061551452 -3648.0292373918891826 5.7687953735597030658
458000 1388.781653696051535 2395.4309695291503886 10640.320513979853786 154.92068377366888399 -3648.1063786945469474 5.7772129370300548956
459000 1401.4057570137117636 -539.23733487380923179 10668.752209873422544 156.32892149973363871 -3649.2666889106940289 5.7618169508728342976
460000 1417.0090691912268994 1151.7462263642153175 10650.718612854327148 158.06949445822672828 -3649.4976383153039023 5.7715727512809325006
461000 1375.5591378722219815 913.68955498914908731 10655.337981188304184 153.44569223184936391 -3646.8818462576746242 5.769070623197188219
462000 1386.6538588378555232 1447.9005005303802136 10661.830343061657913 154.6833250546186207 -3647.2122856093774317 5.7655576340617811226
463000 1421.3879000552044545 1847.0445187322154652 10635.113577683638141 158.5579596318350184 -3650.4565468094951939 5.7800414521665457457
464000 1380.8741479308466751 48.609633409740723664 10654.467108205806653 154.03858960369660736 -3646.6472077478547362 5.7695421744900725614
465000 1383.5570427391216981 2471.4941824992301918 10642.737947281069864 154.33787055767857055 -3645.5414996793751925 5.7759006781910793293
466000 1355.2078064873589938 1052.1939689061132412 10663.702992910821195 151.17547058436673524 -3643.4154373138535448 5.7645451461257479764
467000 1398.003300863457298 1811.9861118822921071 10646.516744485394156 155.94937239501692261 -3649.361617285135253 5.7738506220216292419
468000 1426.1240989450730012 -4499.991740923764155 10684.553576774527755 159.08628974661857569 -3652.5008292002221424 5.7532958102370983511
469000 1343.0840423012264182 4220.7933434788046725 10646.319686711643953 149.82304644150184458 -3641.9669441544856454 5.7739574929575994133
470000 1402.6190300068947181 141.9539191169941148 10681.692194747187386 156.46426392826285223 -3648.7967055841972979 5.7548369871339088988
471000 1390.6770548801202949 1294.9505161273921203 10646.594121297617676 155.13211862858642576 -3647.6687218563079114 5.7738086591036985595
472000 1376.5053219431813432 -383.83019827963403259 10664.77171159219688 153.55124048909962653 -3647.5436456225834263 5.7639674800252569398
473000 1411.0096677303949946 236.97817012493314337 10663.299946863624427 157.40025219536181567 -3649.9556369042184087 5.76476303150331848
474000 1436.283329974631215 -734.54756718302462559 10669.26804300938602 160.21956725897999263 -3650.4563958825483496 5.7615383810501779038
475000 1446.5675003916840069 3.7800414992666668823 10669.920405889888571 161.36678194806705733 -3655.6053740956076581 5.7611861184623229803
476000 1438.291436706127115 -3285.532529414774217 10670.676232614061519 160.44357458735007071 -3654.0319818868752009 5.7607780413792637475
477000 1375.7388993156657762 4318.7729231829689525 10614.973861057653266 153.46574489143074516 -3649.5080222288888763 5.7910078849111572552
478000 1301.0303867682719101 2698.8621227269568408 10670.244564505261224 145.13189787037194378 -3640.5708924612181363 5.7610110954716331477
479000 1414.1215890949481491 652.2222044909754004 10649.731857953978761 157.74739170743947625 -3653.7719346886624407 5.7721075185193031487
480000 1397.5316270105292915 -3738.1214415887457108 10669.434325316713512 155.89675646678998078 -3650.776551460428891 5.7614485879208938712
481000 1455.4378597076845381 6491.555460454027525 10606.476862866516967 162.35628388085518736 -3658.5374463462630956 5.7956471429946034846
482000 1349.1676836825311057 -2468.633175214828043 10685.727120952908081 150.50168579428793691 -3646.9912678302730455 5.7526639630330498321
483000 1369.3006154693030112 -310.82385039144531902 10668.38937401761541 152.74754463788261205 -3647.0272167784323756 5.7620129123915866387
484000 1375.9273778949102507 4657.7522144966724227 10635.822273050102012 153.48676996063119304 -3647.9410087611136078 5.7796563114139134498
485000 1364.1973819517863831 1668.8342292345384976 10646.391526635450646 152.1782712579482677 -3646.9054055538390458 5.7739185313370988695
486000 1374.0758909033297641 -2825.6885990862792823 10682.936548517040137 153.2802337999825113 -3648.3828563467832282 5.7541666608554269402
487000 1383.3210230593156211 1125.9360837486569835 10646.40304472342541 154.31154220715473002 -3648.6341207693135402 5.7739122846731953942
488000 1404.3658541234888162 -1810.8616158442819142 10662.65268039239163 156.65912478767504012 -3652.2749604244927468 5.7651129761124808581
489000 1405.6383360176255337 578.94399142147779003 10656.466477352472793 156.80107205822301353 -3653.1253853605462609 5.7684596914138515089
490000 1369.4882821460096238 1743.7839221495310085 10648.959883641313354 152.76847913813293189 -3647.1668281022648443 5.7725259555106074316
491000 1380.4337934532175041 708.39713287773565753 10644.765604242566042 153.98946739892411983 -3649.4032907501814407 5.7748004618355075479
492000 1380.9804594998420271 -2906.3866620364265145 10678.873779601401111 154.05044881923129196 -3649.7130660305983838 5.7563558289201139928
493000 1441.8816723367460781 -912.28012868047733264 10642.556781969067742 160.84407077573493439 -3655.4195976440487357 5.7759989997570251319
494000 1345.0777953663812241 3145.731317629808018 10642.445227126074315 150.04545259678735647 -3647.0608049667171144 5.7760595441758892932
495000 1438.7015537205272722 -7145.3722601043846225 10703.915103825820552 160.48932375758789703 -3653.8990435896434974 5.7428890953684259557
496000 1424.9675909424340716 4439.3271820840554938 10612.475746594654993 158.95727953822353129 -3654.5672353301779367 5.7923710541563044885
497000 1354.7114402117840655 -213.36201009794288552 10668.55028337873955 151.12010017922810334 -3647.0255820975676215 5.7619260063179504883
498000 1430.6645724626562242 853.13264684127807413 10649.611559234874221 159.59278640153058859 -3652.6528610660579943 5.7721727206289896728
499000 1417.2191265296992242 -2328.5725608328416456 10662.63790116729615 158.09292667049797387 -3652.0024909085259424 5.7651209669964593729
500000 1414.2276414366499466 2658.441968101425573 10627.235587893104821 157.75922200577940657 -3652.7624762438936159 5.7843262077996024928
500000 1414.2276414366499466 2658.4419681014287562 10627.235587893104821 157.75922200577940657 -3652.7624762438931612 5.7843262077996024928
