step temp press pressGiga vol ke pe density
250000 2543.4471046021421898 155055.25395757946535 15.5055253957579 23112.037288748273568 672.98470113381927149 -8323.1803099186108739 8.6716018970402881649
251000 2430.6539931315369358 145711.64497209319961 14.5711644972093 23205.423364962654887 643.14014951108254081 -8329.7328734750499279 8.6367045860573519178
252000 2555.3879502488216531 156133.87082074343925 15.6133870820743 23093.632202632365079 676.14419535891056512 -8325.4484848433658044 8.678512961453087371
253000 2330.6009248300692889 156600.40219369347324 15.6600402193693 22980.078083412456181 616.66655619492928508 -8356.1272636563680862 8.721397101876775082
254000 2520.8928951541952301 148600.35604748994228 14.860035604749 23124.478449998361612 667.01695842858600827 -8348.1604639914403378 8.6669365032788281411
255000 2440.8098167187963554 155078.19625573878875 15.5078196255739 23101.444543006571621 645.82733490183545655 -8319.6892698053907225 8.6755781018138726779
256000 2560.9114999772577903 153792.62207066608244 15.3792622070666 23136.800099992680771 677.60570185395954468 -8326.8552853042892821 8.66232087114063809
257000 2466.9528215941786584 137574.03927865144215 13.7574039278651 23294.932214637159632 652.74465678793433199 -8337.1910109091641061 8.6035187632632101895
258000 2527.9664764441881744 150169.71203084712033 15.0169712030847 23177.33009570615468 668.88859632574462921 -8323.3547732116785483 8.6471731459140332987
259000 2496.620195958669683 153195.10805824847193 15.3195108058248 23071.633648035909573 660.59451104045092507 -8342.8192602496710606 8.6867878302426593251
260000 2390.4160438174094452 142989.96482390878373 14.2989964823909 23205.449128792301053 632.49336851673524507 -8337.1113504297318286 8.6366949971636230998
261000 2513.222052368432287 149095.62742308576708 14.9095627423086 23187.885863331128348 664.98728781728038939 -8323.2505170642998564 8.6432367132923122455
262000 2454.672765447018719 152935.5989713834424 15.2935598971383 23071.108746942576545 649.49540898515931531 -8345.9932573273999878 8.6869854672300998999
263000 2545.5067077085645906 147795.60288877575658 14.7795602888776 23197.872372668934986 673.5296628821969307 -8326.7577097707398934 8.639515864985211735
264000 2547.4340224750771995 146708.40766674009501 14.670840766674 23241.968883934310725 674.03962172890749116 -8317.3451075139400928 8.6231242885843393253
265000 2485.5632728622399554 154843.40826389205176 15.4843408263892 23130.158815342358139 657.66889875936738008 -8315.7310040248266887 8.66480805417716482
266000 2503.2430552124305905 144488.38447755484958 14.4488384477555 23189.35636111220083 662.34688990749270943 -8347.0080390101138619 8.642688623030112538
267000 2511.586566028193829 154529.79258379442035 15.4529792583794 23066.42758127030902 664.55454546384112291 -8345.0289216547098476 8.6887484284871661089
268000 2443.4554216202327552 157139.99131285044132 15.713999131285 23065.337473274546937 646.52735009801926935 -8329.3092376383465307 8.6891590738612478617
269000 2473.1880800097756037 145367.974817122682 14.5367974817123 23245.375281440490653 654.39447821088424462 -8316.2648327156093728 8.6218606484530670997
270000 2455.9516174928617147 148746.78381774548325 14.8746783817745 23106.284974220885488 649.83378750315910111 -8354.4892762477284123 8.67376069416512685
271000 2488.2957502000958812 150323.69089498615358 15.0323690894986 23154.831599891109363 658.39190001276256226 -8331.6036404292171937 8.6555752104246757028
272000 2461.3553548776358184 151700.42314612792688 15.1700423146128 23178.475627446681756 651.26359218921584215 -8311.755663530799211 8.6467457834134240358
273000 2549.8063433292536502 152740.88669717786252 15.2740886697178 23091.191391294290952 674.66732719136928154 -8344.1102181623882643 8.6794303074866903103
274000 2484.8473683074462315 145102.6173370188626 14.5102617337019 23162.436748457541398 657.47947362370143765 -8352.5552634723426308 8.6527332410706705446
275000 2503.9203129400548278 142184.41195233230246 14.2184411952332 23214.742045972550841 662.52608926595041794 -8347.4408757488508854 8.6332377073449038107
276000 2541.4757455528265382 150658.02412003782229 15.0658024120038 23132.818322362450999 672.46308836733771841 -8339.895045953700901 8.6638118885769888067
277000 2450.0479828918705607 154976.7373537410167 15.4976737353741 23067.300380373795633 648.27171225482288719 -8336.2879843340124353 8.6884196716879849021
278000 2461.9421041235818848 145961.35962971826666 14.5961359629718 23216.310527505040227 651.41884340918784346 -8323.8085795438855712 8.6326544504189808293
279000 2479.1235029754848256 145924.04760587669443 14.5924047605877 23174.067379272444668 655.96496451801169769 -8345.5022034950598027 8.648390596155572041
280000 2496.8555890010825351 158142.16059248542297 15.8142160592485 23017.747955152855866 660.65679498416272963 -8344.9823401866051427 8.7071240326405980881
281000 2537.4186177945312011 143313.16804370589671 14.3313168043706 23213.453794411641866 671.38959055134705523 -8344.6869402212651039 8.6337168166601614416
282000 2462.3353029815079935 156844.79040222591721 15.6844790402226 23056.24306647166668 651.52288206421178529 -8333.7140522310728556 8.6925864643153136768
283000 2448.4449594010079636 148777.5509579226491 14.8777550957923 23160.382260187598149 647.84755942579147359 -8333.5810573651651794 8.6535007991682437734
284000 2495.8179145284489096 153940.22170708398335 15.3940221707084 23106.530734312465938 660.38223097079048785 -8330.6351725123513461 8.673668440410244429
285000 2503.4082103696459853 158710.3118442800187 15.871031184428 23053.18695868292707 662.39058922167077981 -8324.9058481372521783 8.6937388204405419145
286000 2472.1421254606980256 143560.15340722113615 14.3560153407221 23243.476715326141857 654.11772332640612149 -8329.4659793709997757 8.6225648964737171553
287000 2512.3453991090996169 152903.09938033710932 15.2903099380337 23146.300344381674222 664.75532929505970969 -8320.7985998187123187 8.6587654793921817742
288000 2535.5088297803163186 148307.60963914293097 14.8307609639143 23131.517015036504745 670.88426920471874837 -8348.2301855394835002 8.6642992877334688018
289000 2487.839895940929182 152823.62998463236727 15.2823629984632 23086.313374181328982 658.27128301946606825 -8344.8959964512578154 8.6812642256564931387
290000 2488.282626961933147 153933.14839451760054 15.3933148394518 23126.83254525862867 658.38842766277866758 -8321.3869035798306868 8.6660542901999946253
291000 2395.5304618714267235 139741.94979411951499 13.974194979412 23245.759085161727853 633.84662060494588331 -8338.2509618278454582 8.6217182955108064846
292000 2567.525476400847765 149384.67045463947579 14.9384670454639 23159.304689423202944 679.35573036396147018 -8333.8687840121892805 8.6539034347221139853
293000 2459.6383598097349932 152071.11913872032892 15.207111913872 23101.395263229467673 650.80928299185586638 -8337.7161921980205079 8.6755966085122881992
294000 2577.0406486426873016 142954.88324541793554 14.2954883245418 23248.404008696375968 681.8734022808747568 -8332.1001930870734213 8.62073742019478928
295000 2528.2693449870689619 159891.15787766169524 15.9891157877662 23027.956763223290181 668.96873398437514879 -8330.7269743631859455 8.7032639698912763748
296000 2443.1340379358944119 146088.32494864164619 14.6088324948642 23215.561880464720161 646.4423134159659412 -8324.7625578093666263 8.6329328331364738602
297000 2527.1972775580356938 152216.3463828600361 15.221634638286 23105.820512392307137 668.68506974892954986 -8337.6933095640997635 8.6739350498323712912
298000 2554.9500295443690447 150391.52308171155164 15.0391523081712 23148.413836649771838 676.02832350379196669 -8334.5152570373829803 8.6579749183619050257
299000 2423.7995301069358902 153594.32471183183952 15.3594324711832 23101.697863045206759 641.32648932459892421 -8330.1648800363000191 8.6754829703740554692
300000 2483.5881747051776074 152949.19961199990939 15.2949199612 23147.807379421628866 657.14629664173912715 -8321.7914616678390303 8.6582017515726814594
