step temp press pressGiga vol ke pe density
250000 2298.1772434051813434 43235.829955498702475 4.32358299554987 24641.807106602012936 608.08739545126616122 -8326.4114186972110474 8.1332665875742318207
251000 2245.1027935884776525 53863.019684092621901 5.38630196840926 24475.74802745960551 594.04413397234361582 -8324.9202849851099018 8.1884478534720930298
252000 2287.5073798387679744 49175.588283061289985 4.91755882830613 24604.595007068423001 605.26419738656545633 -8308.0897219088328711 8.1455673763375937568
253000 2325.4121002905908426 44285.055762163552572 4.42850557621635 24626.383404848089413 615.29361648424355735 -8327.4648948906433361 8.1383605177737923242
254000 2334.1651073865286889 55508.632588940767164 5.55086325889408 24552.192474659557774 617.60962292047861411 -8296.6428742986572615 8.162952722223412394
255000 2208.7697806832052265 47095.696368774384609 4.70956963687744 24581.721090075196116 584.43058164522699371 -8319.2161606685622246 8.1531470340575058486
256000 2238.2818421617103013 39845.089768384292256 3.98450897683843 24677.267520165227324 592.23934080440812977 -8324.989669226550177 8.1215793537028329041
257000 2375.0402481206829179 51898.948581147436926 5.18989485811474 24511.16099723838488 628.42500190791804471 -8330.2934853376882529 8.1766174364468522384
258000 2291.6335407596588993 48587.486591303655587 4.85874865913037 24631.950665998654586 606.35596106789046189 -8302.3481703889101482 8.1365211028222823586
259000 2343.6304846695179549 49291.460477408421866 4.92914604774084 24587.912731868058472 620.11411931452016688 -8315.7761738181088731 8.1510939372180164497
260000 2298.6749756858484943 50977.154773141584883 5.09771547731416 24562.050658396834478 608.21909318130474276 -8313.3108020999716246 8.1596764531165053569
261000 2306.2743386647093757 42934.020436767947103 4.2934020436768 24617.566868662375782 610.22985055616118188 -8335.0599015121606499 8.1412751904699245387
262000 2320.6506493258361843 41401.682649709320685 4.14016826497093 24671.519896710367902 614.03375790543509538 -8328.6716679712899349 8.1234714049497469546
263000 2322.3491191184862146 47464.036455032866797 4.74640364550329 24595.689956875550706 614.48316539801601266 -8318.5373781243342819 8.1485165388316289636
264000 2288.2485565955698803 46479.578069957751723 4.64795780699577 24609.846986604854465 605.46030943358266541 -8318.0971962453604647 8.1438290334215892585
265000 2283.3408932066799935 51154.160002044824068 5.11541600020448 24474.880992179623718 604.16176370284529185 -8339.7278221906162798 8.188737933459796281
266000 2257.1879372564794721 47217.280051852540055 4.72172800518525 24551.708558876500319 597.24180880696212625 -8334.4841717228500784 8.1631136145559821671
267000 2318.3998453609165153 49036.00441750822938 4.90360044175082 24587.099220712363604 613.4382052670879375 -8315.0670491562195821 8.1513636317350286475
268000 2298.286794704609747 51611.455168236789177 5.16114551682368 24492.928003957542387 608.11638223395607383 -8333.6311475069360313 8.1827042632547648537
269000 2260.9457196690482306 45056.620910571138666 4.50566209105711 24592.294131853406725 598.23610118649401102 -8329.8087771504651755 8.1496417261040132729
270000 2344.2388468346971422 59342.495466862448666 5.93424954668625 24401.957997709319898 620.27508921602645842 -8325.7139339114492032 8.2132092193744963282
271000 2253.6337334491131514 47974.737864061033179 4.7974737864061 24626.675725584365864 596.30138241368615581 -8308.8181892072625487 8.1382639147419748582
272000 2291.0855992006536326 44598.004604062189173 4.45980046040622 24565.004651339957491 606.21097818790099154 -8343.1303413401001308 8.1586952350380723686
273000 2324.2868233418985255 53077.159813814818335 5.30771598138148 24450.071282017728663 614.99587324844435443 -8339.6726490495821054 8.1970471204710531055
274000 2290.9455762419124767 60424.253316470749269 6.04242533164707 24371.586996678794094 606.17392874076688258 -8330.6079476889444777 8.2234442272834815668
275000 2350.8112655166864897 48061.951798666770628 4.80619517986668 24630.96601122064385 622.01412173391190663 -8308.7789875630369352 8.1368463707949878483
276000 2286.1220981718911389 50499.55744431992207 5.04995574443199 24505.345321209661051 604.89765806798379799 -8332.4335726862445881 8.1785579338117297965
277000 2367.3474769431968525 53414.107735933779622 5.34141077359338 24487.928920877056953 626.38952914247158787 -8326.1615155686668004 8.1843747196893303908
278000 2289.2302432284964198 47633.122173537463823 4.76331221735375 24663.988792604584887 605.72005931557225722 -8294.5739893137069885 8.125951892163937984
279000 2342.1951792927675342 47189.900545911768859 4.71899005459118 24584.201118484343169 619.73434394657147095 -8327.2230568598060927 8.1523245531409624931
280000 2255.7499396082730527 52520.61274922497978 5.2520612749225 24540.181266395702551 596.86132107605612873 -8313.4033478866767837 8.1669480849361111297
281000 2336.1513003876493713 45257.68903593820869 4.52576890359382 24593.306906552170403 618.13516068410444859 -8331.9208650078944629 8.1493061164612949909
282000 2391.9169800251843299 61014.591032359370729 6.10145910323594 24424.677787018124945 632.89050950833780007 -8314.5123195901287545 8.2055693076163773725
283000 2278.6276118103801309 46941.40831233933568 4.69414083123393 24559.206968031474389 602.91465057589687149 -8331.4871485550065699 8.1606212553385137909
284000 2330.3440335953168869 52185.770296890637837 5.21857702968906 24480.54632338707961 616.59858392590467702 -8336.826554465758818 8.1868428812844360465
285000 2281.849382010131194 48906.845063265544013 4.89068450632655 24554.451784200773545 603.7671165269591711 -8325.8978178615798242 8.162201630847725653
286000 2220.4989286257887215 56130.653369780127832 5.61306533697801 24358.162249213037285 587.53406160689451099 -8353.8935092910796811 8.227976492933104069
287000 2309.8966239760065946 50991.474589142570039 5.09914745891426 24487.882502256969019 611.18829101015523975 -8338.0147480653995444 8.1843902337861802465
288000 2324.4985895292043097 51080.604213034879649 5.10806042130349 24570.201684824292897 615.05190563221844968 -8315.0294181712106365 8.1569695262763417531
289000 2253.2459149247947607 50393.482030465900607 5.03934820304659 24566.501928469861014 596.19876737081369811 -8310.2009195033915603 8.1581979795549415257
290000 2263.4692348570051763 52468.932130072986183 5.2468932130073 24457.656317636774475 598.90381199184196248 -8337.1229046308872057 8.1945049760573649422
291000 2354.8641348676915186 53597.695436355497804 5.35976954363555 24479.372534575744794 623.08649279442477109 -8331.0688244217672036 8.1872354413698982256
292000 2318.0107179936130706 50393.219245527281601 5.03932192455273 24516.787471431227459 613.33524391022933742 -8330.4143923567953607 8.1747409456119690674
293000 2253.5989432162359662 43374.540998679389304 4.33745409986794 24611.452458369265514 596.29217707403790882 -8331.7996443494230334 8.143297789376180873
294000 2339.9522443924602157 58344.908170352668094 5.83449081703527 24412.793063365952548 619.14087342744232956 -8328.2020804998574022 8.2095639723553368583
295000 2241.6691922834334036 51271.023799143542419 5.12710237991435 24530.59210698771858 593.13561846049879023 -8316.2864315906972479 8.1701405951992800425
296000 2281.4451514196862263 45499.587255281614489 4.54995872552816 24557.495354061811668 603.66015892496795914 -8338.7520002086239401 8.1611900361991178698
297000 2298.6338419698790858 51587.980095339364198 5.15879800953394 24573.278887184955238 608.20820938446934179 -8307.1625422570559749 8.1559480652821729763
298000 2332.3036727251869706 57265.012268546728592 5.72650122685467 24410.346321564768004 617.1170956542435988 -8329.5250146846228745 8.2103868481587376493
299000 2333.0592218821925599 45313.929030611143389 4.53139290306111 24642.077618080551474 617.31701057392058374 -8319.0186802100615751 8.1331773036265033738
300000 2324.1629412056622641 48248.309542094786593 4.82483095420948 24704.569863353332039 614.96309459058272751 -8280.0437157488595403 8.1126037614148192034
