step temp press pressGiga vol ke pe density
250000 1617.8215913921910669 48105.884964183525881 4.81058849641835 24543.545692855394009 428.06834008888262133 -8289.3381524256146804 8.165828560618974663
251000 1616.5241233088265744 45599.219231115304865 4.55992192311153 24647.886588534427574 427.72503585081381061 -8271.6150193688317813 8.1312604907393950526
252000 1574.4196828852047929 54084.0948343732598 5.40840948343733 24412.928570358784782 416.58438967671924047 -8304.5403745180701662 8.2095184041506392703
253000 1599.9215779147457397 49638.270796296783374 4.96382707962968 24487.731169350172422 423.33207677182252837 -8299.4665421476493066 8.1844408128927472745
254000 1611.6310075554088144 47130.514877542504109 4.71305148775425 24545.975996859942825 426.43033935920260546 -8297.6028320757432084 8.1650200596307129786
255000 1661.0655435718804256 45954.550362187008432 4.5954550362187 24599.690578449637542 439.51049596499069594 -8289.4446090245492087 8.1471913542339571279
256000 1597.2601626214234329 53667.043397070126957 5.36670433970701 24456.991296811389475 422.62787821682655931 -8293.3391382951213018 8.1947277964524278815
257000 1632.1345961805518527 53587.399139535598806 5.35873991395356 24456.454923214569135 431.85549698803453111 -8294.4436133068702475 8.1949075214222553143
258000 1558.7277744853502099 44472.742173752340022 4.44727421737523 24608.689855324162636 412.43238106384609409 -8285.9000531954025064 8.1442119664169894122
259000 1585.5983370443357217 52986.340741844956938 5.2986340741845 24477.226782695070142 419.54221145125063686 -8285.0724182853846287 8.1879531605789335202
260000 1692.9420535112399193 49436.299756372907723 4.94362997563729 24506.991401031064015 447.94487758665400179 -8300.2358989881795424 8.1780085983603587607
261000 1590.3668266443796711 49204.292702377744718 4.92042927023777 24518.525299102922872 420.80393242140121401 -8291.4712063444003434 8.1741615351110965548
262000 1617.8076481677203446 49675.359278901247308 4.96753592789012 24561.220664322430821 428.06465077419773024 -8282.4706693835832993 8.1599521919813486903
263000 1618.7605700587721458 49839.820626658605761 4.98398206266586 24541.776636028876965 428.31678963444488772 -8282.4413322419113683 8.1664171820123474532
264000 1549.0060522181429405 48414.025132917748124 4.84140251329177 24537.617214887904993 409.86005693622246326 -8289.2083878902485594 8.1678014879119533731
265000 1609.2245636609247867 51566.141037772496929 5.15661410377725 24471.124189427529927 425.79360509325533712 -8291.1253851277833746 8.1899950670907006867
266000 1607.4750509996754317 48356.074214249660145 4.83560742142497 24553.253758836242923 425.33069188647766623 -8287.1445813453592564 8.1625998886379242947
267000 1591.5251337304780463 48256.878392251790501 4.82568783922518 24496.847264447831549 421.11041528347789153 -8304.4639724396729434 8.181395109093966056
268000 1583.9795028326702777 53085.93846447931719 5.30859384644793 24476.58687090271269 419.11387517637723477 -8286.395026779775435 8.188167225056565357
269000 1601.4696638443417669 47630.017713618399284 4.76300177136184 24566.479476754255302 423.74169336843800693 -8287.1189052209210786 8.1582054354682345121
270000 1621.1518238250541799 50178.214124317724782 5.01782141243177 24506.409314851789532 428.94950466057008498 -8294.7621658284369914 8.1782028457393991516
271000 1580.0258085096616014 48025.144788718214841 4.80251447887182 24548.384413916202902 418.06774538365220906 -8289.0742517837170453 8.1642189978074686252
272000 1581.0979724761232319 55606.732738640348543 5.56067327386403 24404.002967889689899 418.35143516246853324 -8302.0663215199947444 8.212520981139119769
273000 1618.8782773455002371 53937.049490283468913 5.39370494902835 24477.351151488299365 428.34793445480960372 -8284.5956886435433262 8.187911557798987161
274000 1561.8562076916084607 48880.149132798833307 4.88801491327988 24492.616968700971483 413.26015046487719928 -8302.9503483582484478 8.182808176590086191
275000 1596.2664582675604379 47396.735003857109405 4.73967350038571 24579.045689099610172 422.36494849975485977 -8280.8916091499049799 8.1540344947752618765
276000 1589.2110954000922902 54792.206864706800843 5.47922068647068 24466.557907219914341 420.49813111551975453 -8282.9980569153522083 8.1915235954965819332
277000 1595.6053178888635102 53626.065484398211993 5.36260654843982 24416.289654659918597 422.19001371956625235 -8302.1454574217077607 8.208388302738086395
278000 1557.6546685344806065 45922.273448498483049 4.59222734484985 24529.871800948098098 412.14844204017850871 -8301.1597435809162562 8.1703805068328598793
279000 1596.9773616646402843 51167.751859746931586 5.11677518597469 24492.947078308479831 422.5530503515107057 -8292.5061538645350083 8.182697890817335562
280000 1589.7511749434704598 57596.535546781233279 5.75965355467812 24385.231167832327628 420.64103374142109715 -8294.188347244173201 8.218842996327893502
281000 1592.1565513825528342 45958.72394431981229 4.59587239443198 24562.527300901805575 421.27748556345471798 -8296.3508544016076485 8.1595181123815834212
282000 1614.5633564711727104 49350.421797043105471 4.93504217970431 24553.773059861585352 427.20622573605106709 -8285.506670568647678 8.1624272533984729705
283000 1612.0866795887025091 52073.382468788106053 5.20733824687881 24474.922802361557842 426.55090813635013092 -8291.9071675553732348 8.1887239447487552013
284000 1561.3878427359318266 53693.986979661945952 5.36939869796619 24447.447166118436144 413.13622319737191901 -8296.3227780941015226 8.1979269670059462527
285000 1632.5342890559370517 49565.104285676439758 4.95651042856764 24533.963018179019855 431.96125393096434664 -8291.0594259903082275 8.1690180363062694369
286000 1584.5142287161193053 52046.894580122556363 5.20468945801226 24481.771888106599363 419.25536124786276559 -8292.0723420030772104 8.186433045515791207
287000 1613.2647336425930007 46700.500345516833477 4.67005003455168 24533.335411424995982 426.86261595757525811 -8298.1931962891030707 8.1692270144499801177
288000 1629.377196505702841 49020.594546541753516 4.90205945465418 24534.321800913199695 431.12590139600234806 -8289.0342037764494307 8.1688985749797886626
289000 1629.8741099215421855 53266.285035982109548 5.32662850359821 24409.902673354172293 431.25738245807866633 -8311.341536596935839 8.2105360713441903897
290000 1618.0692004613831614 50936.18098679666582 5.09361809867967 24423.432650647682749 428.13385633851356715 -8313.2900505423149298 8.2059876375428544293
291000 1526.7713519621581781 42123.159155751207436 4.21231591557512 24609.81919447781911 403.97685493076357943 -8294.9671725816224352 8.1438382303331646739
292000 1656.0935233440973207 51901.685757834377 5.19016857578344 24452.107774977801455 438.19492170320575042 -8308.7395537749471259 8.1963644296818642943
293000 1618.9481058736523664 53960.597316296087229 5.39605973162961 24421.989720848137949 428.36641077030446922 -8302.6847765170350613 8.2064724737184597814
294000 1587.285490216441076 47351.586230191249342 4.73515862301912 24478.940474536728289 419.98862461676992552 -8316.6393790357251419 8.1873799483295801593
295000 1613.4592868727720543 47418.434428205269796 4.74184344282053 24513.644747457085032 426.91409387006251563 -8300.0297284662610764 8.1757889723177843422
296000 1564.9631573690683126 59342.536175468136207 5.93425361754681 24332.614069050112448 414.08223542050285459 -8302.8032873282718356 8.2366155082571967938
297000 1598.3264255704675634 44700.243713342773844 4.47002437133428 24602.706958629929431 422.91000661288956053 -8289.544079979410526 8.1461924793309918869
298000 1619.0160971622360648 46514.506539180947584 4.65145065391809 24562.466902643009234 428.38440096044615757 -8294.6694924670773617 8.1595381763551468879
299000 1600.4616279617839609 50611.304149854855496 5.06113041498549 24503.282851687883522 423.47497159312456461 -8289.5106713368004421 8.1792463324468300812
300000 1601.9521409179435523 48022.762879033114586 4.80227628790331 24530.380085487409815 423.86935463907906296 -8298.5752657712437212 8.1702112115313827445
