step temp press pressGiga vol ke pe density
250000 1467.9719115462783066 50478.909594043718243 5.04789095940437 24342.29697340761777 388.41878660549105007 -8334.7396882961675146 8.2333391387230019376
251000 1487.5776115673004369 50241.450093350002135 5.024145009335 24401.299402492597437 393.6063669350732539 -8320.0604955459821213 8.2134308952867751685
252000 1503.2848081865499807 48747.429393347149016 4.87474293933472 24410.417476738330151 397.76242074225837086 -8325.1445239539643808 8.2103629152824666448
253000 1538.3930449393023991 51621.469431467652612 5.16214694314677 24340.899839007935952 407.05190279031631917 -8330.5758264290197985 8.2338117211423469399
254000 1562.6852313908414089 51231.919955265671888 5.12319199552657 24390.994078825522593 413.47950641902758662 -8321.2069846169088123 8.2169011131679940974
255000 1518.6586730901456122 52661.091307701055484 5.26610913077011 24363.680580255491805 401.83027647186929698 -8320.3798062298119476 8.226112870647137143
256000 1484.1972691781852518 49606.731811604404356 4.96067318116044 24360.896783601136121 392.71194349361365994 -8335.2533304197677353 8.2270528945588630165
257000 1528.3381852814068225 48986.729458768131735 4.89867294587681 24407.796666045636812 404.39143200263310973 -8326.6358344021064113 8.2112445109141294353
258000 1481.0851503967130611 57645.908589589264011 5.76459085895893 24250.51579831978961 391.88849081624033488 -8332.0669320361848804 8.2644999415419242439
259000 1509.614722208135845 50498.133824843156617 5.04981338248432 24339.662375664716819 399.43728761419441753 -8336.063181206707668 8.2342303399392147156
260000 1498.1209433140827514 45919.135521983582294 4.59191355219836 24444.519584864989156 396.39608524756511088 -8326.476044316916159 8.1989087861504135191
261000 1538.1807327929284384 51716.559778642789752 5.17165597786428 24340.837381655230274 406.99572594822041083 -8333.2461855792134884 8.2338328486851146693
262000 1473.8172697781326406 54020.798736520642706 5.40207987365206 24300.044057758364943 389.96544218781735935 -8329.4667555269206787 8.2476552684926964787
263000 1461.9930294997943747 53429.900730664165167 5.34299007306642 24340.809467346818565 386.83680122042568428 -8324.0800945083992701 8.2338422913353213062
264000 1506.1763753665909462 41314.249122754015843 4.1314249122754 24488.70155339831399 398.52751645466662467 -8338.2701627625792753 8.1841164979922425005
265000 1485.573063864829237 46090.011629389438895 4.60900116293894 24436.680665968724497 393.07597259975756288 -8324.2583110540290363 8.2015388725312536877
266000 1533.1641504571475707 48735.496895382719231 4.87354968953827 24384.436676105764491 405.6683607524394688 -8330.6678657218453736 8.2191107819999285056
267000 1555.3690263243440768 48967.014291295228759 4.89670142912952 24360.564944473877404 411.54367135833319935 -8338.8762803263252863 8.2271649633084447117
268000 1520.4362716257805914 48400.830120089027332 4.8400830120089 24397.294191375709488 402.30062107509519365 -8330.2167006263152871 8.2147792630390163993
269000 1480.3241231655256342 48023.831636531562253 4.80238316365316 24357.29758714439231 391.68712642269400703 -8342.7214012783078942 8.2282685786683824603
270000 1560.6132576323559533 55524.925132236181526 5.55249251322362 24302.303534766931989 412.93127145157404811 -8329.4551221118435933 8.2468884528109196452
271000 1507.7454896796486992 56591.354372893285472 5.65913543728933 24239.109622283947829 398.94269706727197899 -8341.031199078206555 8.2683889598536683962
272000 1547.2413298595661217 49472.162515470779908 4.94721625154708 24383.958827486767404 409.39311931171982906 -8330.3117218904480978 8.2192718506255921795
273000 1475.8762286600342577 49862.109323604920064 4.98621093236049 24362.3634831609088 390.51023347727493729 -8329.1904221582317405 8.2265575971766100594
274000 1513.0096906309074711 42703.613431206693349 4.27036134312067 24495.522970555837674 400.33558103858831601 -8328.415259528437673 8.1818374173306178676
275000 1503.7843327946570753 49164.245238152274396 4.91642452381523 24326.711167990590184 397.89459271410231622 -8346.7033394017253158 8.238614131337596902
276000 1504.5664520100867776 57138.438694579846924 5.71384386945798 24286.881793632161134 398.10153795211988381 -8324.2112420749417652 8.2521250813730890883
277000 1471.7933904739411446 58124.81525720913487 5.81248152572091 24233.350348830765142 389.42993279735361511 -8331.2814768065400131 8.270354016783542761
278000 1476.9005326682279247 49772.447518786262663 4.97724475187863 24284.658421231993998 390.78125972569864643 -8354.4363362766234786 8.2528806014561979509
279000 1494.5508452524409222 47518.423407398593554 4.75184234073986 24362.880279189150315 395.45145330586473165 -8343.39639239448843 8.2263830918536111625
280000 1507.7715497355579828 48271.293047912084148 4.82712930479121 24381.25919445310501 398.94959244123350572 -8336.2182519347661582 8.220181935606175827
281000 1457.5307898061369087 52551.261137086454255 5.25512611370865 24310.822485023873014 385.65611260253001547 -8333.0845270782210719 8.2439985944958706909
282000 1479.8975678164927103 56210.627690845882171 5.62106276908459 24259.601663732122688 391.57426178966647967 -8333.3717346306730178 8.2614046667220844
283000 1490.4542501985056333 50274.812509980292816 5.02748125099803 24351.363596874562063 394.36751262038700361 -8332.5636441697697592 8.2302736600466435135
284000 1481.1429336639873782 48293.698267412968562 4.8293698267413 24424.147161269200296 391.90378000970804351 -8321.3570207988905167 8.205747577356174105
285000 1489.3135050306593712 53614.736345358294784 5.36147363453583 24251.1644756778187 394.06567656314649639 -8348.7105508990171074 8.2642788802401927484
286000 1502.3871104263810139 48328.011039921380871 4.83280110399214 24389.253536488009559 397.52489393946279961 -8330.5191143590200227 8.2174875134138751775
287000 1493.7150606329662423 47305.821186134402524 4.73058211861344 24372.855416861024423 395.23030844252883753 -8343.193314831070893 8.2230162600860836619
288000 1537.2981605222364578 53516.052737514888577 5.35160527375149 24309.883159740584233 406.76220128213003591 -8330.7580971270435839 8.2443171396844387999
289000 1501.4461179665229338 49601.56723348594096 4.96015672334859 24333.679959231201792 397.27591155322767236 -8342.9012347264542768 8.2362547191118480328
290000 1465.2298584495622435 48859.434364444488892 4.88594343644445 24402.059909934741881 387.69325164923128568 -8324.5033225666229555 8.2131749179084518886
291000 1486.8659176210185251 53793.168745702234446 5.37931687457022 24312.330245801593264 393.41805590754267996 -8327.5735119593446143 8.2434873322019353026
292000 1513.1288405115267324 55337.938624687929405 5.53379386246879 24312.428610935250617 400.367107562829176 -8325.4708706269993854 8.2434539800532782294
293000 1503.4850131526156929 46924.293394225103839 4.69242933942251 24455.661164796696539 397.81539407872350012 -8318.0491549819980719 8.1951735038786264198
294000 1513.4691353416233142 44845.676470086677 4.48456764700867 24457.247544576483051 400.45714804926808483 -8328.8944372014775581 8.1946419372125625102
295000 1497.7925954324045961 49737.745967888651649 4.97377459678887 24366.617153084796882 396.30920587011735279 -8334.2661782798550121 8.2251214905390579446
296000 1514.3930745653906342 56671.107522802325548 5.66711075228023 24196.297424900076294 400.70161822568644538 -8350.2459392556775128 8.283018797385405918
297000 1524.8363200561734629 53113.220310054472066 5.31132203100545 24316.011892334703589 403.46485416354602194 -8336.4794152948707051 8.2422391996260948588
298000 1525.4685217598912459 43982.230622480077727 4.39822306224801 24432.994050877652626 403.63213190007257936 -8339.4870238284947845 8.2027763760854437436
299000 1525.635438354056987 46489.268401237903163 4.64892684012379 24402.544448693141021 403.67629728257082888 -8338.9158450763316068 8.2130118364893966998
300000 1487.525256263329311 52184.700946152239339 5.21847009461522 24276.383707300035894 393.59251395636101734 -8350.3418946777546807 8.2556936327097414363
