step temp press pressGiga vol ke pe density
250000 1577.698000265611654 150748.24465407739626 15.0748244654077 22947.486914408429584 417.45181775827160209 -8339.653834704638939 8.7337836663820169747
251000 1550.0248469045566253 149738.03895884696976 14.9738038958847 22915.279430372575007 410.12962544280247812 -8354.5351350268992974 8.7460590217344265085
252000 1582.4243037563296639 147775.40344594613998 14.7775403445946 22979.119852547806659 418.70237647302263895 -8342.6642020993167534 8.7217607847305806956
253000 1540.4468735288978678 144951.26908477742109 14.4951269084777 23004.888821044420183 407.59533662742973092 -8344.5982189641727018 8.7119910883566884507
254000 1525.7386954150986185 139359.18307834974257 13.935918307835 23009.235973779315827 403.70361863800195579 -8366.1937923500045144 8.7103451251474233175
255000 1566.0589733223580424 144610.65418559001409 14.461065418559 22965.499428825591167 414.37218340899767099 -8357.8253590386593714 8.7269335038286346418
256000 1561.1314367714285254 147155.29917457903503 14.7155299174579 22959.417901956559945 413.06837932867966856 -8350.6563849533176835 8.729245107755806643
257000 1526.4275861936844194 148130.07945426821243 14.8130079454268 22929.368484550348512 403.88589604959094004 -8354.6649429543285805 8.7406849662089882713
258000 1548.0484012975070982 146522.38690342212794 14.6522386903422 22982.41100336497766 409.60666679594845618 -8345.2453716822692513 8.7205118021878149648
259000 1520.0937960396420294 146063.49244930245914 14.6063492449302 22956.604723371798173 402.21000357038434458 -8356.9928412661320181 8.730314818442304059
260000 1530.4635797914399973 144625.77858848145115 14.4625778588481 22975.300334433391981 404.95380186145109747 -8356.6989442312260508 8.7232107297942764745
261000 1513.4334182120276182 143331.99612297592103 14.3331996122976 23004.165458342515194 400.44769745690354057 -8350.813982933983425 8.7122650356739281818
262000 1521.7323718399445625 148197.49173641082598 14.8197491736411 22946.363259808043949 402.6435633811059347 -8351.0862997958629421 8.7342113488031642987
263000 1523.7073801661842936 149706.82028945803177 14.9706820289458 22890.507519729872001 403.16614172990125553 -8364.4141421925287432 8.7555239316922115478
264000 1579.4818467593997866 151186.80113609266118 15.1186801136093 22892.238844797266211 417.92381554321406156 -8359.3148582971753058 8.7548617571375988433
265000 1555.5260741023273567 152620.15278684228542 15.2620152786842 22852.658706676142174 411.58522549631334186 -8366.1268436833015585 8.7700249222654118597
266000 1574.601079271509434 151845.14530830655713 15.1845145308307 22902.401420419089845 416.63238634730191734 -8348.8233000374202675 8.7509769267640393764
267000 1577.0332518597160743 148271.97315737698227 14.8271973157377 22904.150912268400134 417.27592831026169051 -8368.2550683735189523 8.7503084993307087558
268000 1502.3474617884323834 148067.0330141869199 14.8067033014187 22907.479495868585218 397.51440308761380038 -8362.8751988319963857 8.7490370310588421177
269000 1563.9383213102653372 146614.19586491453811 14.6614195864915 22934.811472752353438 413.81106839387325635 -8363.3771547101860051 8.7386105892207570633
270000 1566.7097738149136603 144181.53149978799047 14.4181531499788 22972.364439624871011 414.54438230166891799 -8362.0507870763649407 8.7243255662388463634
271000 1581.7459634990027553 141606.83006575147738 14.1606830065751 22989.457156150074297 418.52289068205880085 -8371.3761236383070354 8.7178390092590785088
272000 1526.6309248739191844 133602.23821060385671 13.3602238210604 23040.413695135011949 403.93969855277617853 -8386.1801652675239893 8.6985585002709306934
273000 1520.785366497949326 144430.72126810479676 14.4430721268105 22958.135972372874676 402.39299001321415972 -8364.0630831513553858 8.7297325287537645977
274000 1535.7163559832761166 145871.93466688779881 14.5871934666888 22949.307933924195822 406.3436628926435219 -8361.0494680178398994 8.7330906437188176028
275000 1549.4266935882596954 148031.54468518160866 14.8031544685182 22949.559789600258227 409.97135675694227075 -8347.7840680002736917 8.7329948040396097042
276000 1537.0154238448046726 151054.24588851956651 15.105424588852 22909.25163819134832 406.68739042484241963 -8353.3106518201566359 8.7483602503830262265
277000 1535.8851038185375728 150537.49227480601985 15.0537492274806 22929.192888712183048 406.38831281332596745 -8346.1503152209279506 8.7407519039293966046
278000 1517.5106502380167512 154955.90213150644558 15.4955902131506 22895.693638013297459 401.52651477199481178 -8335.8616560559967184 8.7535407123383439654
279000 1567.7316147243313935 159520.45755960681709 15.9520457559607 22824.456088231894682 414.81475682519896964 -8344.4537510285681492 8.7808614419035162513
280000 1564.5928942617997564 156137.16878928741789 15.6137168789287 22872.056497126253817 413.98426546227761946 -8342.2072078328492353 8.7625870643838634777
281000 1555.0487297898537236 152891.31099880821421 15.2891310998808 22935.993136993256485 411.45892233125567827 -8332.0072481067654735 8.7381603752890217862
282000 1563.3622555097472286 151750.85089841502486 15.1750850898415 22902.225172415262932 413.65864396566570349 -8353.6165631981093611 8.7510442714086433824
283000 1568.2170163213215801 146306.76304052604246 14.6306763040526 22990.599497321196395 414.94319191161741855 -8345.7724413937812642 8.7174058432416092757
284000 1547.2128863052164434 143155.21058548483416 14.3155210585485 23019.489382468575059 409.3855932747566726 -8350.0929367264943721 8.7064653375939844437
285000 1549.6775154214672057 148550.60924710950349 14.8550609247109 22932.406709538547148 410.03772308952829917 -8355.1083600657111674 8.7395269469999856682
286000 1529.3763053876375579 150221.07903709309176 15.0221079037093 22949.380278552856907 404.66611392865729613 -8341.2897399880494049 8.7330631139035439503
287000 1512.6930645485831519 148936.30100550784846 14.8936301005508 22914.610440753160219 400.25180319669857454 -8359.7281808551360882 8.7463143619991665645
288000 1527.0666255521391577 150312.69808862911304 15.0312698088629 22919.995134158292785 404.05498299890638236 -8348.1321801178728492 8.7442595526072537382
289000 1521.9080042880839301 146827.18424240752938 14.6827184242408 22967.770369951296743 402.69003493949088579 -8349.3864829756639665 8.7260706272030006403
290000 1506.6964322186768186 149628.85467590927146 14.9628854675909 22907.855143662705814 398.66512116621748874 -8355.0777173068418051 8.7488935625219248493
291000 1544.7957756187040559 150948.1987275929423 15.0948198727593 22929.94419027929689 408.74603662345981547 -8343.3139776339357923 8.7404655124515695519
292000 1569.7463294801088978 155138.45076549242367 15.5138450765492 22879.604550580294017 415.34784131723876044 -8345.4405996828390926 8.7596962593696670041
293000 1598.7746724362859823 156671.90052540649776 15.6671900525406 22896.886031233188987 423.02861072401151432 -8330.0265638046039385 8.7530848572241950478
294000 1587.9330035271909765 154889.68377589478041 15.4889683775895 22917.14346948804814 420.15995373587236372 -8331.2112689381174278 8.7453476330683628248
295000 1603.5046838729649608 155836.6626311444561 15.5836662631144 22881.511577527719055 424.28015054464043487 -8345.0368688983253378 8.7589661949785408979
296000 1564.9528731014406731 158053.36683831550181 15.8053366838316 22830.862650431699876 414.07951424939489016 -8348.0508705767206266 8.7783974467467515979
297000 1551.4721000486313187 154386.80567007287755 15.4386805670073 22909.602720437571406 410.5125621364210815 -8337.3601758832337509 8.7482261845938911193
298000 1528.6468728313766405 150124.90163140094955 15.0124901631401 22924.118054250673595 404.4731093444517569 -8347.1332152413542644 8.7426868908665866797
299000 1567.1873974596053358 149983.86451149138156 14.9983864511491 22925.478444612701423 414.67075937677913089 -8350.9484541125384567 8.7421681026976383322
300000 1495.118396656652294 153094.35770025217789 15.3094357700252 22876.935962029641814 395.60162486298116846 -8347.717230489339272 8.7607180756296649804
