step temp press pressGiga vol ke pe density
0 2499.9999999999990905 25391.174809263102361 2.53911748092631 22895.299348819997249 651.14798043749976841 -8770.2420742503381916 8.616915031525074653
1000 2495.5216120600011891 8920.1683689317778772 0.892016836893178 24078.222150114812393 649.98154313240172542 -8434.9991947142425488 8.1935804014156659036
2000 2481.7829397634332054 4110.3577114986946981 0.411035771149869 24160.012489781820477 646.40317964448058774 -8431.7420888519445725 8.1658421821409792329
3000 2504.4974908256199342 1452.2947478727194266 0.145229474787272 24190.691657458377449 652.31939326475549024 -8430.3791957256325986 8.1554860813285827703
4000 2486.462276572866358 840.86922239175066807 0.0840869222391751 24121.89647204472567 647.62195592978025616 -8457.883221846737797 8.178745370984920271
5000 2476.9284487594718485 5294.5706225944932157 0.529457062259449 24141.735749427745759 645.13878283916801593 -8430.5742015259984328 8.172024213908883894
6000 2505.0336349194817558 7769.3865555952888826 0.776938655559529 24040.614748853433412 652.45903692233218862 -8452.9728290903694869 8.2063978467739673306
7000 2549.3114493490616042 6603.9803884031289272 0.660398038840313 24168.165402678514511 663.9916006999350202 -8419.9757943849272124 8.1630875088370729031
8000 2450.3975902915722145 5925.243079561832019 0.592524307956183 24144.938378024166013 638.22857687490954959 -8424.8634641722383094 8.1709402617352093756
9000 2510.6922511750403828 82.617274849471328935 0.00826172748494713 24111.960023343955982 653.93287554108326276 -8466.2803357061638962 8.18211580141599093
10000 2495.928861832516759 -1044.991037222467412 -0.104499103722247 24286.459899626242986 650.08761507916460687 -8415.06927428814015 8.1233267394870267708
11000 2500.2179225082600169 -2041.4359702293347709 -0.204143597022933 24298.669251148854528 651.20474035795825785 -8413.414146797173089 8.1192450117730405879
12000 2501.3997430502854513 -2662.7550164963595307 -0.266275501649636 24303.091610692554241 651.51255638163002004 -8417.074116297182627 8.1177675774926356667
13000 2551.9559495864045857 -1070.2397967217532369 -0.107023979672175 24375.978957331211859 664.68038509545999659 -8389.1970138901451719 8.0934943969000325836
14000 2452.8764981297335908 251.83355660280207644 0.0251833556602802 24502.755412252463429 638.87423120791333986 -8337.804002645509172 8.0516189216605873469
15000 2511.5227694099116889 -4763.6574154511017696 -0.47636574154511 24707.615249752747332 654.149191649624413 -8299.9731972031004261 7.9848600164715435312
16000 2465.8149437682131975 -2359.212886807324594 -0.235921288680732 24682.648360996587144 642.24416830691188807 -8295.831372206848755 7.992936828523842685
17000 2479.0855667475957489 -2884.8467729441040319 -0.28848467729441 24742.536170274051983 645.70062404778093423 -8281.2141451030111057 7.9735904093427505401
18000 2501.0289210601513332 -2480.2898610629731593 -0.248028986106297 24789.033419946827053 651.41597238563895189 -8265.7287239748602587 7.9586341979499604093
19000 2478.7910651232264172 243.89886275086260525 0.0243898862750863 24583.177980875865615 645.62391839260340021 -8313.5698132878424076 8.025278475532731548
20000 2441.1866139250296328 -1549.1596556519480146 -0.154915965565195 24734.665928425267339 635.82949341133689813 -8277.6407414695258922 7.9761274998013913518
21000 2450.1558400853427884 -1335.3406717706166091 -0.133534067177062 24658.704252209125116 638.16561081148688572 -8295.8147642370677204 8.0006981345112144766
22000 2435.0695128112970451 -458.74978069842023842 -0.045874978069842 24578.734937959543458 634.23623819680130964 -8315.6300988677412533 8.0267291871650527924
23000 2515.5784618594275344 -3578.2981142970606925 -0.357829811429706 24749.622330537884409 655.20553402873554205 -8283.8607934908795869 7.9713074597783419861
24000 2483.521343335299207 1463.5587300977381346 0.146355873009774 24620.018154482368118 646.85596283448285249 -8295.5722642981563695 8.0132698470084129383
25000 2509.1848435179667831 -3593.9058663355694989 -0.359390586633557 24763.807143926613207 653.54025736044343375 -8281.7041383417163161 7.9667414611770785982
26000 2553.18530181801043 -1226.1380877765600417 -0.122613808777656 24688.689570290822303 665.00058118460265177 -8296.7963818651787733 7.9909809934796518505
27000 2515.6255899882171434 3347.9733979199518217 0.334797339791995 24607.112141718247585 655.21780898308884389 -8294.5675813955076592 8.017472671067254808
28000 2527.1132566375426904 1717.3128575577336505 0.171731285755773 24698.694158915215667 658.20987735854782841 -8277.2775827375717199 7.9877441228568279996
29000 2474.0587963802108789 1336.5215044696280984 0.133652150446963 24665.139665047430753 644.39135549864261066 -8289.2948937272412877 7.9986106622248431819
30000 2478.0119922499934546 2397.4875577317684474 0.239748755773177 24619.257142742357246 645.42100170139565307 -8292.3350508320363588 8.0135175471073267772
31000 2497.536894156292874 1218.1585285245319028 0.121815852852453 24721.123657639633166 650.50644187920659078 -8267.963639399740714 7.9804968351082701261
32000 2512.4010676575280741 -3270.8745831872856797 -0.327087458318729 24720.129673078325141 654.37795250168733219 -8298.0281656216266128 7.9808177270595086483
33000 2512.0185180126982232 -8232.3638120401355991 -0.823236381204014 24852.452939377748407 654.278313930228137 -8277.361173458131816 7.9383250253547377184
34000 2464.7906528995640656 -8435.5966799025100045 -0.843559667990251 24857.799685809619405 641.97738233471136482 -8272.9772707341762725 7.9366175447433873202
35000 2492.9589609969348203 -5632.3193484015291688 -0.563231934840153 24728.555341549315926 649.3140771066890693 -8298.7057154842786986 7.9780984527886573687
36000 2497.9299234586692364 -3527.8774586865652054 -0.352787745868657 24725.492207670384232 650.60880997380456847 -8291.054644082676532 7.9790868247674611169
37000 2543.3938515541822198 -4806.6799176417162016 -0.480667991764172 24792.737411696278286 662.45030795866421158 -8282.27574647178335 7.9574451918746493817
38000 2484.8821983335615187 -3141.2604799629525587 -0.314126047996295 24697.786000273285026 647.21041002799756825 -8295.6941464079354773 7.9880378390164317182
39000 2492.1481421629687247 -3844.6376273349783332 -0.384463762733498 24760.121578051413962 649.10289188819399442 -8282.0202129221215728 7.9679273176508962351
40000 2485.4997210175897635 -6173.5182785876741036 -0.617351827858767 24832.607059369347553 647.37124948742939523 -8271.9012417784397257 7.9446692261687807957
41000 2487.3719526580384809 -11820.305250264056667 -1.18203052502641 24872.220014271100808 647.85888942806514024 -8285.8739177109637239 7.9320160804670702959
42000 2474.2610309010992751 -2404.0571844101809802 -0.240405718441018 24739.512949924417626 644.44402933858305005 -8281.0084992906758998 7.9745647988076511226
43000 2507.4113399539683087 -3475.5566315516393843 -0.347555663155164 24700.910424314006377 653.07833205484496375 -8298.8753337649595778 7.9870274302082666651
44000 2466.4053497618028814 -2592.0318088460139734 -0.259203180884601 24673.195127501279785 642.39794497505761228 -8301.649262603626994 7.9959992246895117418
45000 2546.1086820383688973 -9834.746229453399792 -0.98347462294534 24775.195951085333945 663.1574105134675392 -8308.0570494120238436 7.9630792628088453711
46000 2522.8039730928617246 -743.35442556442296791 -0.0743354425564423 24685.152708535802958 657.08748484764726072 -8292.985405528346746 7.992125932520322884
47000 2538.8702158338519439 -1229.3875668236128149 -0.122938756682361 24720.822415162932884 661.27208545325299838 -8283.0856107936688204 7.9805940836783841874
48000 2525.5793477816537234 1833.0740297499951339 0.183307402975 24652.850412549221801 657.81035669707296165 -8289.4399510906878277 8.0025979068808581474
49000 2410.5624093493688633 -1983.3817390861543117 -0.198338173908615 24678.982981338991522 627.85313782655828163 -8294.8993596518557752 7.9941239579966358875
50000 2473.2675826093836804 -7719.3412677733058445 -0.771934126777331 24778.169593196755159 644.18527659905521432 -8293.989791231453637 7.9621236091741645069
51000 2470.6765924400228869 -4454.1557038210376049 -0.445415570382104 24735.4976161489285 643.51042939261014908 -8289.7540262522179546 7.9758593165035698291
52000 2515.6699149924784251 -1248.0706941737419129 -0.124807069417374 24624.991176648614783 655.2293538378919493 -8312.028569432470249 8.0116515654712774364
53000 2488.77897725281764 -3954.2799125468213788 -0.395427991254682 24774.182734914717003 648.22536191739163769 -8280.4746109262723621 7.9634049373533217775
54000 2506.4849913750404085 -3377.4459281100575936 -0.337744592811006 24757.132081059218763 652.837056052304888 -8278.5837708610451955 7.9688894684635247501
55000 2491.0750728840212105 -4748.9218506330080345 -0.474892185063301 24758.718699258850393 648.82340113065151854 -8292.3244696498932171 7.9683787964366281642
56000 2502.689839246252177 -5600.1093618128534217 -0.560010936181285 24789.929296461279591 651.84857379465950089 -8283.1819654567589168 7.9583465830326369783
57000 2462.3921589993578891 -4126.2737451984612562 -0.412627374519846 24731.32945578923318 641.35267255102701256 -8287.8262559727918415 7.977203549157822593
58000 2486.746694572576871 -2496.122528375552065 -0.249612252837555 24727.139298786514701 647.69603521222484233 -8287.6573329211805685 7.9785553325125295743
59000 2527.56457161130038 -2870.4783801815524384 -0.287047838018155 24793.362841621914413 658.32742649202930352 -8266.5934962494666252 7.957244459751846577
60000 2493.4591484463853703 -650.60192882927003666 -0.065060192882927 24663.424596297903918 649.44435552570894288 -8296.0211259439656715 7.999166877244086038
61000 2504.2814860646676607 -92.168731573226665432 -0.00921687315732267 24685.892937945864105 652.26313283921194852 -8282.831938810806605 7.9918862812069582091
62000 2458.1419893016031892 1835.4449096401449424 0.183544490964014 24636.464110467259161 640.24567678494315714 -8290.7211754914151243 8.0079206263325879434
63000 2490.8876815022690607 2227.1003960026923778 0.222710039600269 24570.070037084038631 648.77459332273974724 -8310.1750010796204151 8.0295599000061770312
64000 2563.6663923515657189 7357.3602756990330818 0.735736027569903 24487.549226349783567 667.73047755808545389 -8320.354548927210999 8.0566187855917856808
65000 2549.7410175174027245 6073.6852699337514423 0.607368526993375 24604.900990446858486 664.10348567804533104 -8285.2482891753861622 8.0181931716251249043
66000 2474.8670297974267669 1778.7013140725130143 0.177870131407251 24690.121238053048728 644.60186732157944789 -8274.5896228286383121 7.990517632859968522
67000 2532.8657710774268708 -2457.4696651024587482 -0.245746966510246 24722.764842020260403 659.70817262253513036 -8291.8335257867747714 7.9799670615639630711
68000 2498.033944927587072 -1323.7964391927839642 -0.132379643919278 24699.820046289965831 650.63590332156786644 -8285.895840840321398 7.9873800189789943005
69000 2490.3794445480571085 1418.5061924378840104 0.141850619243788 24644.528556329030835 648.64221833621218138 -8292.591108292899662 8.0053001890128463458
70000 2455.1550472579215239 894.39113795473372193 0.0894391137954734 24636.988477293434698 639.46770027317222684 -8291.7493408138871018 8.0077501879721122435
71000 2500.5712193816953004 -3032.4677486191408207 -0.303246774861914 24706.360673443748965 651.2967597762111609 -8292.9745186838736117 7.9852654835631859953
72000 2481.2993290022159272 -3162.6085099821361837 -0.316260850998214 24794.096576842399372 646.27721877628675884 -8266.5482136252376222 7.9570089798867087438
73000 2451.1504625695283721 -1052.2748454169236538 -0.105227484541692 24661.136535425375769 638.42466938023699186 -8297.8937351630411285 7.9999090401496095737
74000 2506.0621761094275826 -1275.5430653609275851 -0.127554306536093 24686.905897834418283 652.72692992978409166 -8295.7916826856599073 7.9915583559387917134
75000 2495.9498176011234136 -4554.972201736624811 -0.455497220173662 24711.905687679278344 650.09307320172729305 -8298.2289380028432788 7.9834736990144570257
76000 2517.9916305765605102 -189.43939426628995193 -0.018943939426629 24709.109933676383662 655.83406600338207681 -8282.8822345493499597 7.9843770026385429972
77000 2539.2038416089712882 3343.3735253392269442 0.334337352533923 24642.35585529095988 661.35898135312936574 -8288.3763713465086767 8.0060060113024391626
78000 2544.5515806289067768 9769.4588127906135924 0.976945881279061 24517.272401213416742 662.75184913822454291 -8298.2026025543382275 8.0468514556435355445
79000 2524.7553759328930028 6623.6935025486563973 0.662369350254866 24561.277343060093699 657.59574565496984633 -8291.5062083851971693 8.0324344029223553321
80000 2558.1490049867411471 4310.6832943964782316 0.431068329439648 24640.604990764444665 666.29342330212671186 -8285.1773287253472517 8.0065748866173720444
81000 2516.2544758143812942 -1097.1879460949146505 -0.109718794609491 24671.961105130474607 655.38160807734186619 -8295.9421758806183789 7.9963991621682621869
82000 2504.7245037007251085 -1838.1332158774866912 -0.183813321587749 24731.48654585814802 652.3785208548187029 -8280.1141048966637754 7.9771528793586998773
83000 2497.9791688371606142 2566.741175491208196 0.256674117549121 24676.046450299065327 650.62163638530478238 -8279.6802126187976683 7.9950752851546136313
84000 2487.215057328198327 2341.932795022361006 0.234193279502236 24613.204367835129233 647.81802459719892795 -8297.3284666366926103 8.0154881973811757945
85000 2507.291791286022999 765.70708359231957729 0.076570708359232 24645.834943051988375 653.04719450536629211 -8294.7871024873275019 8.0048758569541273999
86000 2502.4675596937277078 2125.8035013831490687 0.212580350138315 24688.565227241873799 651.79067904197199823 -8277.825880592878093 7.9910212397609434731
87000 2548.436395567472573 -3324.9823774970491286 -0.332498237749705 24710.402801356249256 663.76368489887272517 -8297.4436796047903044 7.9839592537635626357
88000 2490.4037967158710671 -2572.890560092841497 -0.257289056009284 24678.020744591023686 648.64856108216872599 -8302.6961176785716816 7.9944356620801935165
89000 2505.2521666806401299 -875.71729533628626996 -0.0875717295336286 24695.302026694447704 652.51595552830804081 -8289.2213754837976012 7.9888413147106112078
90000 2564.5663256365783127 580.28464580004595064 0.0580284645800046 24702.292184687739791 667.96487345451123474 -8282.3193271943982836 7.9865806636521723405
91000 2463.1421272352195047 1467.3463573198512222 0.146734635731985 24580.360163251702033 641.54800867189635483 -8308.9580366096670332 8.0261984690143961529
92000 2497.9211857904792851 1875.9625255531132098 0.187596252555311 24575.457479260920081 650.60653416780633052 -8312.6110762025564327 8.0277996564907265764
93000 2497.8141132874852701 6996.7266382517209422 0.699672663825172 24508.093608493654756 650.5786461501724034 -8309.544128635112429 8.0498651695103902171
94000 2537.6855712631804636 14028.113656404253561 1.40281136564043 24415.454934502227843 660.96353388536147122 -8308.554407143190474 8.0804084805858433782
95000 2499.0983631285607771 9803.5476166266780638 0.980354761662668 24508.083618224525708 650.91314082632982263 -8299.7239955132681644 8.0498684508897397905
96000 2491.1165013297741098 6952.1538622750376817 0.695215386227504 24559.804321164825524 648.83419155016531477 -8292.1112595716786018 8.0329161637537165319
97000 2486.383491610603869 5513.1214561498354669 0.551312145614984 24627.586907058004726 647.60143566215378996 -8279.4437667695128766 8.0108071430081100317
98000 2513.4458682951362789 1254.4363454339982127 0.1254436345434 24632.122078353622783 654.65008043174270824 -8301.0818108789389953 8.0093322240996158712
99000 2499.8043608762063741 1816.9385655881417279 0.181693856558814 24625.815732533941627 651.09702442935895306 -8297.3412865017271542 8.0113833081870833297
100000 2429.7950506677120757 2175.2430804629984777 0.2175243080463 24692.422467889155087 632.86245604772557272 -8272.4414740844149492 7.9897729502511003474
101000 2545.8741655439530405 -4978.7023664382386414 -0.497870236643824 24719.902293159924739 663.09632853678033371 -8300.5283666820778308 7.9808911366410688615
102000 2541.2403996700727475 -2814.7056051056597425 -0.281470560510566 24724.934062992022518 661.88942162054138407 -8286.2777947037866397 7.9792669459697291856
103000 2548.0541076183553741 2158.4168866769036867 0.21584168866769 24699.742444894305663 663.66411448846736221 -8273.4646071036513604 7.9874051136470267664
104000 2557.3735461121509616 1020.8501668283387289 0.102085016682834 24676.511126465091365 666.0914479100860035 -8285.0006978495985095 7.9949247322295438067
105000 2513.680685527409878 3003.8693233958783821 0.300386932339588 24643.71758844786018 654.71124073836949719 -8289.646604179391943 8.0055636249700690144
106000 2519.2255371801174988 3023.3582190766023814 0.30233582190766 24590.415524774307414 656.15544832056389168 -8306.0132485322610592 8.0229164452854035972
107000 2463.7486275446312902 5151.2832179064425873 0.515128321790644 24585.893403722660878 641.70597725253969656 -8293.400775517027796 8.0243921126023103341
108000 2530.3123053962381164 1592.5151264383794114 0.159251512643838 24625.564249198781908 659.04309901396607074 -8300.3612133199894743 8.0114651227344850781
109000 2544.8568749072287574 -1163.8592450270425616 -0.116385924502704 24743.445193137617025 662.83136583933185193 -8277.6931402042864647 7.9732974761667021468
110000 2523.9140774595643961 -4429.0506500358533231 -0.442905065003585 24700.653306784544839 657.37662173422859269 -8302.3958804395297193 7.9871105699023905444
111000 2478.8263009174343097 69.986147313063369779 0.00699861473130634 24657.785120254004141 645.63309587909850507 -8294.2787096055271832 8.0009963647570714329
112000 2460.9700599703387525 197.85029381676289972 0.0197850293816763 24618.14098956171074 640.98227378673573185 -8303.7579706491887919 8.013880869142981922
113000 2463.8786583992473425 -4444.6993546425928798 -0.444469935464259 24750.603426395431597 641.73984498389074815 -8288.2449920701819792 7.970991482967866304
114000 2548.6049609827991844 -4198.4370128578220829 -0.419843701285782 24773.165278332086018 663.80758931077730267 -8283.8604423439792299 7.9637320016861448124
115000 2478.3749176237161009 -1611.9285218843251641 -0.161192852188433 24704.885973655782436 645.51552895105533025 -8287.4795740207428025 7.9857421451162098336
116000 2564.101475268422746 -1692.4058218930517796 -0.169240582189305 24708.697128294556023 667.8437989031391453 -8294.007792288037308 7.984510396713516478
117000 2511.0377702749046875 -4870.6823760220431723 -0.487068237602204 24759.045487291397876 654.02286916671494055 -8288.7924266812460701 7.9682736239318634475
118000 2487.279612529784572 -2285.9178068672758855 -0.228591780686728 24703.434575471052085 647.83483859285479411 -8292.734593711913476 7.9862113305494224491
119000 2499.5927593019487176 -2643.2884711661754409 -0.264328847116618 24669.085781389243493 651.04191085426487007 -8304.0595416533742537 7.9973311884524580506
120000 2514.8110945994890244 -6714.4656609957719411 -0.671446566099577 24789.928505441901507 655.00566617211052289 -8284.9928547512663499 7.9583468369747309978
121000 2501.7032955747795313 -8048.6967344803179003 -0.804869673448032 24815.565688518967363 651.59161942694242953 -8283.2025134192426776 7.9501249976094205962
122000 2521.9625030864640394 -5869.0473632679722868 -0.586904736326797 24758.428119280208193 656.86831624954140807 -8298.6251101436610043 7.9684723181791774493
123000 2492.7005320771695551 -7669.3836733247308075 -0.766938367332473 24771.1448060543662 649.24676691901231607 -8296.7655490635152091 7.9643815679400491447
124000 2496.9300265440992916 -7632.7336074052764161 -0.763273360740528 24875.698874904428521 650.3483776311774136 -8266.8472337582479668 7.9309067898849638922
125000 2515.0116518606823774 -6278.5582463135951912 -0.627855824631359 24845.670927351704449 655.05790315434569493 -8270.5096758366762515 7.9404919145462597996
126000 2507.2233138394030902 -3918.8598938176710362 -0.391885989381767 24742.662196109031356 653.02935892493746906 -8287.5378577627288905 7.9735497961548418289
127000 2518.0489375404758903 -8882.1890674800852139 -0.888218906748009 24847.187426502059679 655.84899212890945819 -8275.8698533834613045 7.9400072822603151579
128000 2482.8597064932841931 -8441.5058441498113098 -0.844150584414981 24783.303667393887736 646.68363343709847868 -8295.7486266731812066 7.9604741868887076706
129000 2513.5193803944957835 -2340.369526809499348 -0.23403695268095 24731.963795663628844 654.66922733375690768 -8283.6298699897342885 7.9769989451749285791
130000 2465.4165453739715304 -4482.1328370368555625 -0.448213283703686 24695.171541513260308 642.14040178298387218 -8301.7486733954519877 7.9888835264200812603
131000 2498.4745496873506454 -2405.4810276218095169 -0.240548102762181 24744.940601855661953 650.75066288136429193 -8281.500154901190399 7.9728156266141301245
132000 2523.9517317141303465 -1824.4459930181596974 -0.182444599301816 24750.998709531413624 657.38642913095475251 -8275.8412205372096651 7.9708641831143438594
133000 2485.5689411478556394 -2651.308506348389983 -0.265130850634839 24783.221045616086485 647.3892785066406077 -8271.1273963108942553 7.960500725349073825
134000 2492.1547014539337397 -1590.460028573090085 -0.159046002857309 24695.814108437258255 649.10460031581988005 -8292.3199255649378756 7.9886756615450371655
135000 2500.2402344055458343 -668.9270080980579678 -0.0668927008098058 24646.122856014862919 651.21055169670114537 -8299.7369140166392754 8.0047823449831430054
136000 2502.4758128013004352 -1607.8141135703231157 -0.160781411357032 24706.935205496531125 651.79282863970331618 -8288.0152016376214306 7.9850797951752046089
137000 2451.3611396994169809 -3516.5735237622884597 -0.351657352376229 24677.623537861709337 638.47954217529752441 -8302.9470381749597436 7.9945643391238796482
138000 2479.0651934936408907 -2459.7259174075234114 -0.245972591740752 24716.153328183809208 645.6953176465137858 -8287.7439942447745125 7.9821016842919183532
139000 2494.3679780255474725 -1715.9385687061535464 -0.171593856870615 24641.110668033026741 649.68106854372229009 -8311.8666885855018336 8.0064105781584746779
140000 2443.4661106434373323 -553.95198585126092894 -0.0553951985851261 24689.410885815068468 636.42320928517892753 -8286.6215060631602682 7.9907475323140042534
141000 2483.5078279656522682 -5714.0000807082496976 -0.571400008070825 24723.949701279583678 646.85244263222273275 -8298.9524900528667786 7.9795846332717115246
142000 2521.5930606409815482 -6642.1570643819077304 -0.664215706438191 24752.716746257756313 656.77209156863591488 -8294.3085970511565392 7.9703109413208199641
143000 2519.402986586616862 -6500.2642867334807306 -0.650026428673348 24731.012712028252281 656.20166664963267067 -8305.0644957939875894 7.9773057176166597415
144000 2513.4642867677048343 -8795.5564317921798647 -0.879555643179218 24793.926948866199382 654.65487769222897896 -8294.655818582901702 7.9570634178679391368
145000 2475.7359662250714791 -353.38645262968725547 -0.0353386452629687 24677.620598561352381 644.82818980157526312 -8292.6615555341886648 7.994565291339904789
146000 2484.5387676412415203 -2852.5828204108825048 -0.285258282041088 24708.505028791332734 647.12096034730780048 -8295.3334977759004687 7.9845724733336478351
147000 2506.8870951803269236 -5168.5010109363856827 -0.516850101093639 24705.976538054343109 652.9417876846002855 -8308.386451219814262 7.9853896406901592187
148000 2500.2442685459591303 -5442.8778752435300703 -0.544287787524353 24732.31857030253741 651.21160242565429144 -8301.84679139263244 7.9768845185023016242
149000 2517.0314145534539421 -3187.6160356280129236 -0.318761603562801 24794.680744881330611 655.58396891369022796 -8267.576590267712163 7.9568215110348461394
150000 2530.4970664320717333 -12860.791367924897713 -1.28607913679249 24878.749973409678205 659.09122172410479834 -8292.8421116694626107 7.9299341534833054368
151000 2505.0786290798982918 -10731.399645433524711 -1.07313996454335 24834.160067130986135 652.47075606500686717 -8294.0662061677958263 7.9441724051392581529
152000 2487.8812445527391901 -3426.4496048819519274 -0.342644960488195 24704.007445337731042 647.99153918354011239 -8297.6372598110247054 7.9860261355024118046
153000 2536.3164666373363616 -6692.6103177015711481 -0.669261031770157 24815.731049816728046 660.60693800051103608 -8284.6650509479204629 7.9500720214152345022
154000 2549.4227798270017047 -4462.9332048580699848 -0.446293320485807 24720.364958058184129 664.02059774628378364 -8303.0468939388883882 7.9807417667514251036
155000 2476.0247041404327319 -4283.731589518560213 -0.428373158951856 24714.072393031514366 644.90339424576052352 -8296.9994423849984742 7.9827737805664567006
156000 2483.687093323044337 -10132.0171165091906 -1.01320171165092 24815.45239128034882 646.89913394239397348 -8292.1070134873389179 7.9501612946389776937
157000 2454.2438654803559075 -4834.8310962260338783 -0.483483109622603 24738.174360964578227 639.23037460346290572 -8291.7187279937916173 7.9749963045543337259
158000 2501.2983431507013847 -3818.9959796848161204 -0.381899597968482 24752.010675330144295 651.48614584569770614 -8285.4615008275432047 7.9705383008235894948
159000 2495.2077233247082404 -7495.6653658307895967 -0.749566536583079 24718.441570906044944 649.899787925974465 -8312.5416285357023298 7.9813627628661949487
160000 2519.7892165248440506 -4794.1482830279228438 -0.479414828302792 24808.044849721005448 656.3022637873370968 -8276.5203118319732312 7.952535167733381094
161000 2492.3773899334805719 2002.5151059660522606 0.200251510596605 24719.950408291551867 649.16260157730937408 -8270.7547281091938203 7.9808756025634837172
162000 2490.910701755070022 1702.4587823339338684 0.170245878233393 24686.245448401630711 648.78058915918791172 -8273.8110389534595015 7.9917721600263469384
163000 2537.9698141075905369 -536.50821303290547348 -0.0536508213032905 24729.963292200773139 661.03756754699804787 -8277.3769523127411958 7.97764423582192439
164000 2530.8997446677817607 -2974.8962183615067261 -0.297489621836151 24742.987157589461276 659.19610297208430438 -8282.624553711808403 7.9734450757130641563
165000 2538.3183212743806507 -2529.5557115409174003 -0.252955571154092 24653.94231709989981 661.12833944212729875 -8308.5775346741102112 8.0022434778423132684
166000 2454.2867189085941391 -906.26334656274059398 -0.0906263346562741 24648.948622089348646 639.24153617276374462 -8298.5708034607960144 8.0038646732913036885
167000 2508.3331853998233782 -2387.9048280932033776 -0.23879048280932 24715.654819424471498 653.31843517498259644 -8295.1909405483747832 7.982262681345672739
168000 2515.9318682456105307 -3479.4643026299086159 -0.347946430262991 24711.655964616962592 655.29758197059027225 -8299.6230372260779404 7.9835543758215026244
169000 2513.7946196345201315 -2363.5651302388596378 -0.236356513023886 24726.1355849811589 654.74091592386855609 -8283.3611218066980655 7.9788792078753623116
170000 2484.8591611941783412 -1221.3553109882918761 -0.122135531098829 24760.578827770303178 647.20440979328384401 -8269.9176415753863694 7.9677801751890227067
171000 2534.1760657176341738 -4773.3609062001196435 -0.477336090620012 24754.595169200849341 660.04945090603473545 -8290.4516244484839262 7.9697061398755355555
172000 2501.1546895514543394 -7019.2271017758594098 -0.701922710177586 24832.673104777873959 651.44872994528475374 -8270.7447743004704535 7.9446480963885743876
173000 2477.2740136333281953 -8895.2985008176037809 -0.88952985008176 24817.909655302235478 645.22878838705662474 -8284.0561312741338043 7.9493741354628486562
174000 2449.7383549167216188 -3860.1859813596902313 -0.386018598135969 24732.035008294300496 638.05687296172277456 -8289.9165469596428011 7.9769759764592702567
175000 2537.5108336703865461 -396.49922650443795646 -0.0396499226504438 24771.674228612591833 660.9180218730997467 -8265.9279971090509207 7.9642113524259317003
176000 2495.5138347541856092 -1068.9349231507328568 -0.106893492315073 24742.01265533770129 649.97951746161163555 -8275.7712967267270869 7.9737591221202341885
177000 2518.3895189316717733 -3113.2895235991468326 -0.311328952359915 24672.38950699814086 655.93769968293020156 -8302.9588250740926014 7.9962603157734006842
178000 2502.2955159123739577 1877.497842985556872 0.187749784298556 24676.421082873242995 651.74586865766184474 -8281.2751569365009345 7.9949539054932445836
179000 2508.7506413159603653 1031.6777931272413298 0.103167779312724 24671.640485531876038 653.42716540566823369 -8287.1275675040851638 7.9965030791449676073
180000 2552.4730737487275292 -128.46812135024029544 -0.012846812135024 24699.601319638135465 664.81507483703285288 -8284.6325485087072593 7.9874507510068450955
181000 2470.2972812153620907 6451.122914755189413 0.645112291475519 24584.996001396772044 643.41163429745211033 -8286.3423989148705004 8.0246850192249219447
182000 2546.0692204048154963 4429.587657400153148 0.442958765740015 24624.293423623665149 663.1471323682703769 -8285.2228922689610044 8.0118785833198096213
183000 2503.5316616253521715 1375.5731471656108624 0.137557314716561 24620.505096428740217 652.06783417147471482 -8296.081358969609937 8.0131113613396252049
184000 2502.7871874409447628 534.24333657935005704 0.053424333657935 24652.105559806295787 651.87392902680880979 -8296.3865807687434426 8.0028397019270052226
185000 2496.9435306788595881 -350.43947677079785308 -0.0350439476770798 24616.828786666257656 650.3518949072081341 -8306.9566786090581445 8.0143080499862762167
186000 2537.2470656829100335 -1344.4546149548380072 -0.134445461495484 24663.018054649757687 660.8493210761599812 -8305.2557212413594243 7.9992987343622559138
187000 2503.4339726115804297 172.21840315128372367 0.0172218403151284 24679.226674119123345 652.04239016986332445 -8288.5028786769325961 7.9940450207463822352
188000 2491.8905884803943991 -664.98237492462681075 -0.0664982374924627 24668.633503065702826 649.03580966408890163 -8297.0572475261142245 7.9974778126885457397
189000 2484.8280585384200094 -5896.2087234611935855 -0.589620872346119 24759.661473417410889 647.19630882069054678 -8290.4699226855918823 7.968075384307065967
190000 2494.6070940411618722 -10315.555530656776682 -1.03155555306568 24895.688626758943428 649.74334850798527441 -8272.0217129751235916 7.9245387451569024861
191000 2450.1254948175424033 -6187.4317570352395705 -0.618743175703524 24798.260775921076856 638.15770710754929951 -8277.7701545445343072 7.9556728148321322891
192000 2504.5919193646673193 -2056.4149597065570561 -0.205641495970656 24749.138014395455684 652.34398804575403119 -8276.4955263465890312 7.971463450377965998
193000 2526.4016138143233547 3298.0760864630688047 0.329807608646307 24587.036716923117638 658.0245234436949886 -8303.0740043355381204 8.0240189731494506731
194000 2436.9181382519795989 9008.4544182734407514 0.900845441827344 24562.769115402970783 634.71772968571565343 -8279.6818937750940677 8.0319465685323496729
195000 2465.8691701131388072 4533.664269827409953 0.453366426982741 24599.911341537936096 642.25829205690581603 -8291.3908928476121218 8.0198195176820217256
196000 2518.7819436715726624 467.55772010767111624 0.0467557720107671 24684.269005508369446 656.03991031367422693 -8288.0288026878588425 7.9924120526351467575
197000 2494.5250265770173428 2293.5791580583613722 0.229357915805836 24583.928745145327412 649.72197328257038862 -8304.3827725209885102 8.0250333929670283339
198000 2514.6521399118341833 1554.8243994414453937 0.155482439944145 24621.28738851775779 654.9642649625714057 -8300.8049469908510218 8.0128567607768079739
199000 2492.0935465668326287 -1057.1063074989701818 -0.105710630749897 24701.789457236744056 649.08867196332801086 -8283.5962629311925411 7.986743205452885519
200000 2416.4232270367915589 -1860.9117613324644935 -0.186091176133246 24695.441578576323082 629.37964166690937873 -8291.145790192149434 7.9887961704342504987
201000 2485.9161176925122163 -828.5009039556297239 -0.082850090395563 24721.589275995655044 647.47970382900405184 -8279.4375604347515036 7.9803465265753068536
202000 2489.6477445523073584 -23.09574228606836499 -0.00230957422860684 24746.968975772037084 648.45164034640481532 -8268.3708145069722377 7.972162138452694613
203000 2484.2419892818666085 2504.1667578020469591 0.250416675780205 24624.902207998038648 647.04366169556999466 -8296.4046195875198464 8.0116805112036360015
204000 2506.2697205432082228 -2733.5918832882166498 -0.273359188328822 24729.152145367901539 652.78098678534706778 -8289.6836262507949868 7.9779059124381559442
205000 2440.4361590143944341 -7185.4668176522845897 -0.718546681765229 24755.010415274362458 635.63403053154911504 -8295.9089433397639368 7.9695724542447834438
206000 2458.3129393325639285 -9733.6587294213150017 -0.973365872942132 24835.945736408790253 640.29020229190939517 -8285.1384602519792679 7.9436012304092118441
207000 2521.1659559274239655 -6867.1951098732643004 -0.686719510987326 24839.801592740550404 656.6608482199685568 -8276.6344631421306985 7.9423681535270596044
208000 2528.4516214690534071 -3025.832893965362473 -0.302583289396536 24722.721828707017266 658.55846678139857886 -8295.2528058043099009 7.9799809453436409967
209000 2481.078220395011158 -3386.9721861717353022 -0.338697218617174 24755.758184228991013 646.21962900707126209 -8281.8009507871247479 7.9693317264586012172
210000 2497.039444329914204 -1087.2297896226302782 -0.108722978962263 24671.253756666425033 650.37687649928034261 -8294.1117357405837538 7.9966284265875362536
211000 2486.7946859444687107 -899.31397900684748947 -0.0899313979006847 24718.345245742657426 647.70853500617920417 -8278.3115400485730788 7.9813938655174663239
212000 2490.1580186471665002 1360.5294186726109729 0.136052941867261 24680.361178760533221 648.58454592493967539 -8280.7996368259009614 7.9936775511978623854
213000 2512.8959791736883744 757.72727468363029857 0.075772727468363 24651.598119830006908 654.50685675538454689 -8296.9777316849613271 8.0030044361064636149
214000 2537.0284578823525408 -374.31631539661088937 -0.0374316315396611 24687.788245373034442 660.79238266502363786 -8292.4197347400840954 7.991272735705218011
215000 2479.247199982381062 2043.2714534938388624 0.204327145349384 24582.602238551284245 645.74272290954172604 -8309.9072477281461033 8.0254664333591687608
216000 2457.5424085947147432 3369.9701540498949726 0.336997015404989 24640.075137097468541 640.08951047838320392 -8283.0184059601342597 8.0067470578887665056
217000 2476.5633209644092858 1875.6975795914988794 0.18756975795915 24648.966585404024954 645.04368194862536257 -8288.5839247617659566 8.0038588403514410174
218000 2454.896639329104346 620.27291728916497959 0.0620272917289165 24653.421963380671514 639.40039555278087846 -8291.9022148274198116 8.0024123792289874046
219000 2509.9343333421193165 -777.079163395757746 -0.0777079163395758 24724.786081766891584 653.73546887458564925 -8283.4454017046518857 7.9793147029733448861
220000 2509.0023237855507432 -301.84706112912084564 -0.0301847061129121 24705.459442706473055 653.49271841838242381 -8283.5632488930514228 7.9855567781539944505
221000 2510.7177499529052511 2535.4752050955553386 0.253547520509556 24594.870441444512835 653.9395169321674075 -8301.8709589548907388 8.0214632388413669162
222000 2503.2246921133532851 2407.8616088480930557 0.240786160884809 24633.748870229188469 651.9878811403571035 -8295.1998227348376531 8.008803294594834199
223000 2518.0088612932636352 -656.12594928783494197 -0.0656125949287835 24706.595658863618155 655.83855390193514268 -8288.5363336447626352 7.9851895353836663816
224000 2497.6688693038463498 1359.8508466805026274 0.13598508466805 24658.699496432443993 650.54081601952555047 -8289.7878025737809367 8.0006996775582681636
225000 2528.6568274283845312 -501.14122958586966661 -0.050114122958587 24640.548956884562358 658.61191455979542297 -8299.1619548746057262 8.0065930939818361622
226000 2545.309849342463167 -2060.4252102214354636 -0.206042521022144 24741.172441270606214 662.94934719480897911 -8283.9425254278685316 7.974029912221145544
227000 2472.421612281144462 -1296.6186655932754093 -0.129661866559328 24639.114394860713219 643.96493585075802457 -8304.6211315637865482 8.007059261483190582
228000 2484.9655188622341484 10359.974720055159196 1.03599747200552 24515.139698075348861 647.23211162558732212 -8288.8367576308155549 8.0475514942956660747
229000 2537.4535943398104791 6900.4389407428716368 0.690043894074287 24515.31090593292538 660.90311336329727965 -8307.3021853318441572 8.0474952925181177932
230000 2534.4957040015506209 4079.2009562031571477 0.407920095620316 24624.088765059812431 660.13270363525180073 -8285.8690773657308455 8.0119451725682591103
231000 2512.029547151056704 4664.964505592286514 0.466496450559229 24590.437051984503341 654.28118657069535402 -8296.0215059805814235 8.0229094217823906376
232000 2523.5273893030353065 242.31059866563228411 0.0242310598665632 24745.133618708267022 657.27590524935533267 -8266.0825211040937575 7.9727534371023516258
233000 2484.6603371737719499 -2411.9947151541268795 -0.241199471515413 24735.705439422370546 647.15262424954380549 -8284.3234832658199593 7.9757923053081256626
234000 2447.5538534513816558 -11273.327364746613966 -1.12733273647466 24869.067371845820162 637.48789947475529516 -8280.8075059127004351 7.933021619196745533
235000 2529.6235543178477201 -8256.3462347008025972 -0.82563462347008 24884.612964849049604 658.86370746447892088 -8264.6692902622471593 7.9280658047120251553
236000 2523.9874111929771061 -3728.6081847523400938 -0.372860818475234 24758.082275632841629 657.39572217919237573 -8283.9128278286625573 7.9685836291240139673
237000 2504.3677399988546313 -1341.5294119503078036 -0.134152941195031 24668.89549482401344 652.28559846923212717 -8297.4567399957013549 7.9973928768520536892
238000 2492.8157394263748756 -2795.796100609874884 -0.279579610060987 24706.599094423578208 649.27677373211895429 -8290.5947021001011308 7.9851884250083635663
239000 2477.2315132602993799 3036.6244888275487028 0.303662448882755 24538.950011147873738 645.21771877423043406 -8317.217653299743688 8.0397428993696653521
240000 2508.7948439743004201 9376.0881428358297853 0.937608814283583 24511.229089945598389 653.4386783943515411 -8295.3794091715026298 8.0488354291070418611
241000 2561.9264383725203515 8277.3149373922224186 0.827731493739222 24548.088995357527892 667.27729055028157745 -8294.4559901433640334 8.0367497912942909011
242000 2520.171448190389583 3964.3263972979138998 0.396432639729791 24601.09970079741106 656.40181953816875193 -8299.6963462552666897 8.0194321192771109708
243000 2493.240520673737592 3785.5773173913898972 0.378557731739139 24637.781092157474632 649.38741191265808084 -8283.5920027546635538 8.0074925729781831762
244000 2485.9915045964139608 -1010.1958202707739929 -0.101019582027077 24619.675762562281307 647.49933904109479954 -8305.5764808042476943 8.0133812895341218763
245000 2520.5740950728022653 2310.6531250982066013 0.231065312509821 24676.228134886561747 656.50669261989378356 -8279.6474487716586736 7.9950164195148873958
246000 2427.3532949209084109 1436.6613330106420108 0.143666133301064 24652.557312459044624 632.22647831842436972 -8284.5183910977066262 8.002693051661921686
247000 2447.51498693034182 -1957.9100935937410668 -0.195791009359374 24714.244595874257357 637.4777763320826125 -8285.0850009081332246 7.9827181585411643994
248000 2520.2682880677693902 -7017.6813857775496217 -0.701768138577755 24849.38288238941459 656.42704237440148063 -8271.3586409571926197 7.9393057784919518483
249000 2459.858937236465863 -4897.8122316822855282 -0.489781223168229 24764.686407395620336 640.69287165706396081 -8283.6188351549244544 7.9664586041839147157
250000 2531.4149729531859521 -1702.6875764662886468 -0.170268757646629 24714.53138916257376 659.33029891508635956 -8291.660298429624163 7.9826255251849280725
250000 2531.4149729531850426 -1702.6875764662847814 -0.170268757646628 24714.53138916257376 659.33029891508613218 -8291.6602984296278009 7.9826255251849280725
251000 2543.2520945061942257 -1114.1637312046293573 -0.111416373120463 24680.253841410562018 662.41338603246015282 -8295.2128079672529566 7.9937123166492378701
252000 2482.1887842376586377 1939.409704777264551 0.193940970477726 24621.618888596251054 646.50888556838594923 -8297.4525929155552149 8.0127488774301784957
253000 2533.6963307996802541 754.67804941701569987 0.0754678049417016 24649.696421300639486 659.92449953684638331 -8298.2683113377333939 8.0036218596035535455
254000 2491.4470502308040523 -321.57013653662113484 -0.0321570136536621 24604.349824476681533 648.92028604990196072 -8312.3504956318138284 8.0183727884510123118
255000 2501.4292810870215362 1283.8657709225790313 0.128386577092258 24639.862579870474292 651.52024983481669551 -8296.7108839438969881 8.006816128564235413
256000 2518.5470424393643043 470.60998564824325285 0.0470609985648243 24686.984426086233725 655.97872812849232105 -8283.8684630744046444 7.991532935130152282
257000 2541.5880284486947858 -176.92206182439133499 -0.0176922061824391 24660.774861905530997 661.9799647313980131 -8295.9042729618049634 8.0000263663600463815
258000 2570.5113372448995506 2252.4418419709804766 0.225244184197098 24668.894386436251807 669.51330637548562663 -8289.5462342157970852 7.9973932361795636581
259000 2501.4609312495927043 541.33305168269271235 0.0541333051682693 24660.265201258207526 651.52849341059220478 -8290.9735262332269485 8.0001917051584410245
260000 2471.8852394935156553 681.95202158382392099 0.0681952021583824 24710.173405050507426 643.82523262778749995 -8276.6208760529298161 7.9840333726589660657
261000 2487.5519883360634594 -218.92792306591050533 -0.021892792306591 24687.028609456709091 647.90578137532611436 -8287.2698715541337151 7.9915186323614424424
262000 2541.5718424887077163 2448.0431351695369813 0.244804313516954 24690.203275510029925 661.97574894933518408 -8273.9482160640673101 7.9904910829875657186
263000 2534.4253248176710258 5000.8915501888213839 0.500089155018882 24580.396963760482322 660.11437272987257074 -8298.3226238710212783 8.0261864526019817134
264000 2481.1210929074923115 5483.7406033029410537 0.548374060330294 24559.568600417551352 646.23079554703861049 -8297.4919082862907089 8.0329932630314644371
265000 2508.523195823340302 1413.5121587840740176 0.141351215878407 24603.364309043412504 653.36792513639659319 -8304.3865206060199853 8.0186939733927733442
266000 2510.3440214378092605 4503.681172251011958 0.450368117225101 24607.369860121165402 653.84217590503271822 -8289.8451253643979726 8.0173887023105780969
267000 2462.4047941680878466 5683.4808549427425532 0.568348085494274 24542.930915072818607 641.35596349686738904 -8301.2730071104961098 8.0384388397944501747
268000 2498.7063016207835062 1525.4442073486520712 0.152544420734865 24526.2850021774575 650.81102480273125366 -8326.6030545656576578 8.0438945030850792506
269000 2538.5322227232009027 -620.20341979504496521 -0.0620203419795045 24687.393190075261373 661.18405204069210868 -8294.6830655702033255 7.9914006145219840249
270000 2481.9480393758908576 -2675.1223947750695515 -0.267512239477507 24780.592399084180215 646.44618135616963173 -8271.5370690898234898 7.96134514998133902
271000 2446.2149453325423565 -3596.2733812668070641 -0.359627338126681 24708.768832070800272 637.13916854772583065 -8295.5902815034478408 7.9844872260104029493
272000 2555.9029269638526785 -2599.604307531260929 -0.259960430753126 24735.879388258694235 665.70841163472312019 -8290.7374770964452182 7.9757362175592936282
273000 2521.117612878737873 -991.16487922131489086 -0.0991164879221315 24689.182794176180323 656.6482568285605339 -8292.819677298732131 7.9908213550369264766
274000 2467.0490514761149825 826.82439103349349807 0.0826824391033494 24645.606483046551148 642.56560300356898097 -8291.2397137561201816 8.0049500606051147145
275000 2491.3833520286802923 1836.1889071173907269 0.183618890711739 24645.684953838241199 648.90369526763379326 -8290.1313551713519701 8.0049245731913991619
276000 2522.2814854450280109 -3106.1102583449342092 -0.310611025834493 24721.409303318552702 656.95139813697107911 -8290.2444464453074033 7.9804046237618777582
277000 2520.6655340614365741 -663.18848528600165082 -0.0663188485286002 24735.294345029393298 656.53050874500672762 -8280.0525759216070583 7.9759248609773862881
278000 2555.5263762518088697 -2206.6423751827901469 -0.220664237518279 24688.760089043797052 665.61033554045127403 -8298.8041683586016006 7.9909581687605220068
279000 2511.1725223670587184 7170.482075408669516 0.717048207540867 24535.76533314405242 654.05796658778126584 -8298.9693750793030631 8.0407864369166031082
280000 2498.1198942992359662 206.83874347104656977 0.0206838743471047 24686.510465164283232 650.65828962547539049 -8284.7727724053675047 7.9916863660625265808
281000 2544.7528334768649074 -3174.8468025736938216 -0.317484680257369 24748.62335889492897 662.80426729242662987 -8284.1034183382089395 7.9716292194978271013
282000 2527.665096191525663 -1754.2822869130748131 -0.175428228691307 24725.104741610190104 658.35360904298852347 -8283.0147901567743247 7.9792118646962393314
283000 2507.1256082223248995 -2164.5309408287812403 -0.216453094082878 24706.625874738871062 653.00391059884236711 -8291.6196276647824561 7.985179769602936517
284000 2533.9968770317541384 -743.18245665705410374 -0.0743182456657054 24753.08245441566396 660.00277956566355897 -8273.6004746174749016 7.9701931859771102395
285000 2568.5240037249250236 -282.20108390284042343 -0.028220108390284 24748.993272455394617 668.99568709229072283 -8271.2730360090754402 7.9715100706615560355
286000 2555.3777597911434896 -3431.3105360419208409 -0.343131053604192 24745.507448875698174 665.57162701716242736 -8288.8990768101120921 7.9726329927849963752
287000 2482.1529848610221052 -143.31766267890128574 -0.0143317662678901 24681.690731765520468 646.49956129166685059 -8285.6836938316155283 7.9932469478763721327
288000 2455.3967226416502854 -2585.8272044966961403 -0.25858272044967 24676.238962846371578 639.53064684838682297 -8302.0911546203715261 7.9950129112932089015
289000 2489.0602627831622158 -1191.3774354421263979 -0.119137743544213 24706.201904368310352 648.29862531939568271 -8286.2742964183089498 7.9853167991487570276
290000 2434.5759251079448404 3680.6810549372198693 0.368068105493722 24596.584096781316475 634.10767874231862606 -8295.2335537018807372 8.0209043798049197704
291000 2529.6045868848914324 -46.299244761050680097 -0.00462992447610507 24660.9442593509375 658.858767222213487 -8300.1336336322165153 7.9999714137185176099
292000 2524.7096637844265388 -3781.3856769770145547 -0.378138567697701 24745.447363602670521 657.58383950570760135 -8285.6197415717251715 7.9726523514097600298
293000 2472.6622676688884894 -1261.2395612051020635 -0.12612395612051 24716.834425981913228 644.02761675864235258 -8283.1783005371744366 7.9818817292690491527
294000 2421.3471219918524184 475.06643996636074689 0.0475066439966361 24655.287614772074448 630.66211536925914061 -8293.2411851756678516 8.0018068413004428407
295000 2485.4081018638148635 -3971.2383713454692042 -0.397123837134547 24701.308691826478025 647.34738643664934443 -8293.5956467393625644 7.9868986526772314249
296000 2478.1533842409362478 -1429.1078711005686728 -0.142910787110057 24612.107049661048222 645.45782854513663551 -8317.3516168000787729 8.0158455638128831566
297000 2515.4292909715081805 1924.0380918498308347 0.192403809184983 24605.474047160907503 655.16668109977206313 -8304.3633375075733056 8.0180064294626802734
298000 2447.1114599116294812 6459.2778833935271905 0.645927788339353 24546.077965520817088 637.37267401076792339 -8296.2511816775222542 8.0374082322738704676
299000 2500.9581622702285131 5755.2783970694690652 0.575527839706947 24624.785468975722324 651.39754260837628408 -8283.1883816497957014 8.0117184922756408127
300000 2469.702096425574382 6934.6974284810321478 0.693469742848103 24559.964988950323459 643.25661294790916145 -8292.4999743253592897 8.0328636135627160542
