step temp press pressGiga vol ke pe density
250000 2281.1034510011868406 -2928.0942963897882692 -0.292809429638979 11277.38338527626729 254.46052332782514327 -3351.0585448566125706 7.4974401306483358098
251000 2193.4289303974906034 -298.99542737474826026 -0.0298995427374748 11319.078757641595075 244.68029859249324431 -3337.827373042677209 7.4698222860580161253
252000 2259.1996603632564984 -2844.3140745674941172 -0.284431407456749 11310.100373958221098 252.0171225140020681 -3348.3616094364688252 7.475752112347203493
253000 2219.5653990030064051 -811.66003202671561212 -0.0811660032026716 11270.498833024181295 247.59586100435220146 -3350.2444429654397027 7.5020199206914428558
254000 2238.1762650493988076 8998.1751479084341554 0.899817514790843 11225.693872048927005 249.671931123693156 -3345.72853941499352 7.5319626319049639562
255000 2389.4491909191697232 -6601.7802050185928238 -0.660178020501859 11353.080181861754681 266.54665369064139213 -3343.4878450894530033 7.4474508597729061066
256000 2332.5973412112302867 4595.8485286894365345 0.459584852868944 11254.913668626546496 260.2047442860119304 -3342.3183692931511359 7.5124082912485823371
257000 2274.98656157038522 6845.0601187087177095 0.684506011870872 11280.302126142951238 253.77817510507483689 -3338.834980119321699 7.4955001928115532195
258000 2224.7793487898006788 2716.2593787200780753 0.271625937872008 11332.935907151786523 248.17748495076742188 -3326.4243166888527412 7.4606886912790013611
259000 2254.7244916306117375 1294.9965712633945714 0.129499657126339 11271.754779832754139 251.51791070614245882 -3343.7755861696091415 7.5011840137575820364
260000 2309.4417950653528351 7452.2082793288536777 0.745220827932885 11185.489281970851152 257.62170826121632672 -3359.4441971479086533 7.5590351597547043028
261000 2338.9783785976915169 -5770.716727341125079 -0.577071672734113 11269.032259046083709 260.91655861079436818 -3359.9373422164971998 7.5029962482895848908
262000 2214.6287974416914039 3007.1259506109840913 0.300712595061098 11254.917258318067979 247.04517566993573041 -3347.155364143260158 7.5124058952089018959
263000 2319.6525920264434717 3370.3188698948438287 0.337031886989484 11227.82796905532814 258.76073803085387226 -3354.6976576139013559 7.5305310158391165487
264000 2320.9855855034047636 -5458.3894366982694919 -0.545838943669827 11295.740879315588245 258.90943545954405636 -3354.3008448442769804 7.4852555192997716205
265000 2439.1274794682822176 -8322.8342875079197256 -0.832283428750792 11295.507753815019896 272.08834155082570305 -3363.7692420343082631 7.4854100058423735931
266000 2222.8015007750891527 4906.8016428960918347 0.490680164289609 11250.501732163769702 247.95685302779807557 -3345.9901393828254186 7.5153543170216972058
267000 2383.3627780635570161 3269.8500629762988865 0.32698500629763 11254.144794084895693 265.86770517572477956 -3356.2205138054964664 7.5129215332218564072
268000 2272.3817286490825609 14655.562384766475589 1.46555623847665 11148.722220864639894 253.48760207207831741 -3353.7892428377722354 7.5839638916862055495
269000 2321.3629592743991452 5088.1926190665162721 0.508819261906652 11260.276343851903221 258.95153207169693133 -3345.7987662857954092 7.5088305277376328206
270000 2331.0300231039591381 2664.3220956082900557 0.266432209560829 11235.307227650622735 260.02990759212048033 -3354.8098374489618436 7.5255179985992555203
271000 2282.4739785769675109 -14546.524736625186051 -1.45465247366252 11418.336644403119863 254.61340774173248747 -3342.5524540886799514 7.4048882420121442394
272000 2180.9024922504468122 8064.2062438654365906 0.806420624386544 11288.086865530220166 243.28295556321003801 -3333.2829820778056273 7.4903309806790314695
273000 2356.1700206625482679 -4715.3914128455071477 -0.471539141284551 11338.506494241082692 262.83431215887134158 -3344.9235003951898761 7.4570232688424571421
274000 2226.3362747373066668 -665.96606339045354161 -0.0665966063390453 11316.113037152181278 248.35116238359543672 -3337.6205802636004591 7.4717799728479334931
275000 2214.170543212472694 5239.9790055949888483 0.523997900559499 11278.266502308384588 246.99405672093189423 -3336.1993050896171553 7.496853061964039
276000 2289.816326218620361 4675.0639636331970905 0.46750639636332 11252.218782709878724 255.43245767238326493 -3346.1356377501715542 7.5142074993599150545
277000 2367.480302137646504 107.21182571068062828 0.0107211825710681 11319.825653434079868 264.09599108091902053 -3341.8358942454133285 7.4693294181458345093
278000 2274.7925476239292948 -2283.4741130422594324 -0.228347411304226 11348.358957791335342 253.75653255733050173 -3334.8456018027777645 7.4505492006337483701
279000 2300.027056380954491 -6819.6100449362438667 -0.681961004493624 11327.211367914287621 256.57147999051898069 -3350.1274103561509037 7.4644591696222386545
280000 2298.5337433367080848 7050.5913747140475607 0.705059137471405 11255.149849947241819 256.40489867279558212 -3341.2008359565770661 7.5122506486995730413
281000 2260.7059316069826309 6596.6376193957057694 0.659663761939571 11260.071121695775219 252.18514933838130787 -3339.9620654172913419 7.5089673810820070088
282000 2190.0813663366657238 11626.189444992711287 1.16261894449927 11233.998633889317716 244.30687278297239118 -3333.8149696957952983 7.5263946095215548127
283000 2249.000625310464784 3614.3440169321052053 0.361434401693211 11312.879031353926621 250.87940480293852374 -3332.9939729768675534 7.4739159260114469419
284000 2340.2624924657261545 9658.4404942771725473 0.965844049427717 11193.271493533104149 261.05980344553836403 -3355.4620625615179961 7.5537796800807139874
285000 2212.3623965091319405 -2554.4523899689011159 -0.25544523899689 11317.566231519305802 246.7923552346693441 -3343.3996411717794217 7.4708205838461969606
286000 2284.272864057184961 -5733.6070514359689696 -0.573360705143597 11386.152334334354236 254.81407612461623557 -3335.26226182102846 7.4258190369117373919
287000 2407.0318215945594602 669.80576918455483337 0.0669805769184555 11327.419024508733855 268.50802260671389377 -3337.9055892791802762 7.4643223296088878627
288000 2320.268082033902374 -7097.6053786866295923 -0.709760537868663 11325.290876072405808 258.82939686758146536 -3349.6409197237026092 7.4657249590042678022
289000 2285.9591150074484176 -7454.0644651985676319 -0.745406446519857 11353.820299969996995 255.0021799561534408 -3343.935850515148104 7.446965385007943361
290000 2434.7985634422798285 4215.7220376973837119 0.421572203769738 11288.227627742533514 271.60544445252213563 -3345.3928943083928971 7.4902375775696530269
291000 2398.2355776410881845 -6334.209831117165777 -0.633420983111717 11355.470877554373146 267.52678835416958236 -3344.5528632322671001 7.4458829293115949
292000 2288.5926772594216345 -864.92425062409654402 -0.0864924250624097 11260.948912462452427 255.29595778922777072 -3351.2571982958888839 7.5083820572087143219
293000 2280.4361153663035111 -6418.0621646342697204 -0.641806216463427 11307.754650297565604 254.38608103332367705 -3354.4514775328034375 7.4773029108172313073
294000 2395.8066013494963045 -9628.4857868850795057 -0.962848578688508 11330.546015106403502 267.25583239290523352 -3355.0204924161857889 7.46226233482032697
295000 2260.5015858539927649 -1565.699521388061612 -0.156569952138806 11262.537228001070616 252.16235426206733905 -3356.5416116465967207 7.5073231768117025808
296000 2239.5976984357903348 -2716.4427192009593455 -0.271644271920096 11374.190133639214764 249.83049415739426991 -3332.6248108092531766 7.4336287478978952947
297000 2236.2627844494463716 248.02463011404080362 0.0248024630114041 11265.886430252145146 249.45847948272182748 -3349.7128662875911687 7.5050913467787099265
298000 2264.630392155851041 -541.50327452833141706 -0.0541503274528331 11293.271420784818474 252.62292881945049317 -3343.932183554009498 7.4868922928624002111
299000 2399.715380544832442 9767.5382530208225944 0.976753825302082 11169.155026245443878 267.69186259538537342 -3360.1041944613907617 7.5700898199368440444
300000 2371.7195575674213615 5776.2260885415898883 0.577622608854159 11270.167747162087835 264.56888640476216779 -3340.7663136518417559 7.5022403089579361435
