step temp press pressGiga vol ke pe density
250000 288.54973750918998121 -4355.4127648216608577 -0.435541276482166 9797.7936658463931963 32.188157525459310193 -3769.4991827115863998 8.6296476171171736524
251000 298.60046691324185986 -2759.3496858838416301 -0.275934968588384 9789.7736128391679813 33.309331518185899768 -3769.4474274063054509 8.636717262857724009
252000 298.06256288411293554 -2838.5170744527731586 -0.283851707445277 9784.5185473866513348 33.249327514118384386 -3771.4004230218342855 8.6413558676384685242
253000 304.61858520287751162 -2465.4460738032466907 -0.246544607380325 9788.7505114810956002 33.980661671475225205 -3769.3115833490332989 8.6376199559185540267
254000 296.86517033412519595 -2833.6379194578826173 -0.283363791945788 9789.7443440475781244 33.115756572929818446 -3769.8110685188080424 8.6367430843979704491
255000 302.37245787298246569 -3447.050276216857128 -0.344705027621686 9795.0851201454825059 33.730102787100577189 -3769.0370287024898062 8.6320338949970505382
256000 295.98859519033629795 -418.3508105180466714 -0.0418350810518047 9780.5021401420362963 33.017973296276238671 -3768.1746207176847747 8.6449044793368017281
257000 284.15837845963574182 1595.6551702950782783 0.159565517029508 9765.681870524687838 31.698294813893330257 -3768.9136583501017412 8.6580238720119506723
258000 288.8431569914102397 1935.1115280282010644 0.19351115280282 9768.4266087934811367 32.220888910336910271 -3767.4179451697427794 8.6555911353589216617
259000 310.18684767070493535 1228.8853245567238446 0.122888532455672 9762.3346065487130545 34.601809730748108507 -3771.5311328199277341 8.6609924950491574691
260000 309.0943712833840209 3580.0056369582721345 0.358000563695827 9751.3504206025299936 34.479942345418010063 -3770.6104927013666384 8.6707484722154699597
261000 300.35690290691144355 5596.7694939703305863 0.559676949397033 9736.4360876915743575 33.505264596953033163 -3772.163669873640174 8.6840303782575851699
262000 311.99502527517779527 2348.9181763007891277 0.234891817630079 9759.9421199807184166 34.803514664078456065 -3770.1709206008072215 8.6631155924973981541
263000 317.70697829640101872 1462.2396148988636924 0.146223961489886 9764.3368267495570763 35.440691620856313193 -3770.648185172297417 8.6592165204550148871
264000 293.65748168102368254 3822.5347761779212306 0.382253477617792 9752.2819932706061081 32.757934075671883534 -3769.9130966829493445 8.6699202114766951155
265000 290.62789322228650235 4016.4007608903252731 0.401640076089033 9752.4678547721250652 32.419978923160122974 -3769.213256900826309 8.669754981053735321
266000 297.98712627405961939 2833.4395956561506864 0.283343959565615 9759.0759639731804782 33.240912446724657059 -3769.3032784539336717 8.6638844777527364016
267000 309.44957859545962719 894.16022713344261774 0.0894160227133443 9773.2872719749921089 34.519566255715005809 -3768.302915864886927 8.6512863490597915472
268000 300.16546446922711766 -303.46221765276806082 -0.0303462217652768 9773.9702218027687195 33.483909351088648521 -3770.3360211092644931 8.6506818460392125303
269000 305.98691274377375748 -1011.1246581506497932 -0.101112465815065 9779.9586186351370998 34.133300668179877846 -3769.73014837628034 8.6453849201743171449
270000 295.16747882685689319 -882.4663401643731504 -0.0882466340164373 9776.958364054107733 32.926376530039135559 -3770.2265143286567763 8.6480379288857882614
271000 301.74605293697698016 -1707.1057523860574747 -0.170710575238606 9786.4983144198176888 33.660226373665167898 -3768.6114747731362513 8.6396077580573944488
272000 312.54027556873552385 -3449.6215299097461866 -0.344962152990975 9790.2023526828979811 34.864338155000119457 -3771.1365285947167649 8.6363390372934070172
273000 308.25088255997872011 -2179.8482972512019842 -0.21798482972512 9787.8865798917977372 34.385849908757748494 -3769.381568033959411 8.6383823587800261379
274000 303.79401065035557394 -1450.1408657036226941 -0.145014086570362 9780.7443357318697963 33.888679139045386535 -3770.1709232619368777 8.6446904099707531088
275000 298.83136540061974529 137.50991284329865039 0.0137509912843299 9779.1261226311089558 33.335088591986298923 -3767.6851562565857421 8.6461209009060393527
276000 291.40876564640649349 391.05541736143032949 0.039105541736143 9770.791657270385258 32.507086417389125188 -3769.5256471734687693 8.6534960244048200195
277000 301.65347669387756468 956.95605581927839012 0.0956956055819278 9771.2725548630351113 33.649899354407686758 -3768.7227986278180651 8.6530701386890367388
278000 308.7889362630295409 2828.1248209332434271 0.282812482093324 9755.4930704182715999 34.445870609176530763 -3770.9002731238506385 8.6670664569342861228
279000 309.2168202873472751 7277.9934803289615957 0.727799348032896 9736.8929324963828549 34.493601716112394229 -3768.4306783791198541 8.6836229326596310329
280000 299.46041233455969177 3614.9642364185592669 0.361496423641856 9748.2802923509552784 33.40525972426785728 -3771.6429672703998222 8.6734792420588178175
281000 295.29701405546501292 2864.9533167174649861 0.286495331671747 9759.7656471576428885 32.940826379758377129 -3769.0483967706240946 8.6632722360604201839
282000 295.04133444808974218 1364.4219104227870503 0.136442191042279 9764.121034839477943 32.912304934723337624 -3770.3399094099167996 8.6594078934281757398
283000 305.7434970612994789 1160.842321496514387 0.116084232149651 9772.3852744374016766 34.106147282426405809 -3768.0112007487296069 8.6520848684350220026
284000 302.47841767429423498 1117.5596091232262097 0.111755960912323 9765.9751565611677506 33.741922762420706761 -3770.1985691413979112 8.6577638593184449434
285000 313.7685306419969038 -1166.0748178870694574 -0.116607481788707 9776.3022610955158598 35.001351857112126709 -3771.4431659579945517 8.6486183122577031668
286000 307.27938174622318002 -852.63993490174539147 -0.0852639934901745 9780.7921724145980988 34.277477530743439615 -3769.1760649413572537 8.6446481298256347969
287000 305.9461791149691976 -1310.8772667204893878 -0.131087726672049 9779.3506171249555337 34.128756770577119539 -3770.5456895542929487 8.6459224208012361856
288000 300.08523710267775186 -2485.6198731472754844 -0.248561987314728 9786.0320230646102573 33.474959867597050334 -3770.2578937201101326 8.6400194238275922487
289000 303.06767844369841214 -6478.5582324662063911 -0.647855823246621 9809.9576987815071334 33.807655688164757635 -3769.7767871570686111 8.6189471308300529273
290000 290.96025751628258149 -8217.3732565020909533 -0.821737325650209 9817.614919449599256 32.457054660408523716 -3770.4504918875272779 8.6122248076742895506
291000 302.66910652289601558 -4489.1623793576654862 -0.448916237935767 9798.396239692789095 33.763194390494696506 -3770.028144826083917 8.6291169180282132345
292000 294.91100294053791231 -4037.3615128005881161 -0.403736151280059 9798.2119266135014186 32.897766258889419078 -3768.9365303987483458 8.6292792393907848947
293000 300.53481422877285922 -3020.5638216000852481 -0.302056382160009 9787.4515195007152215 33.525110872687228891 -3770.9138647957333887 8.6387663420876155129
294000 307.11017867148154892 -2231.7245632701024078 -0.22317245632701 9783.3138328101449588 34.258602673082542367 -3770.8221365086646983 8.6424199618250021615
295000 295.14814246599456737 -1042.5127648468646839 -0.104251276484686 9779.0029825104502379 32.924219529881106894 -3769.8690011620665246 8.6462297754378170112
296000 319.49905717782576176 -1404.107877487538417 -0.140410787748754 9784.4941911616951984 35.64060071739989155 -3769.0528811915864935 8.6413773782861653672
297000 295.35296031594970145 -698.82894495806931445 -0.0698828944958069 9776.5913193339983991 32.947067269322118932 -3769.9200771021996843 8.6483626040775209987
298000 287.21122155675084286 -1869.9900847906737908 -0.186999008479067 9782.2055648116238444 32.038844056317515196 -3770.0917550132662655 8.6433990986270252677
299000 303.46246988435996172 -2851.4046108635711789 -0.285140461086357 9790.3452995217085117 33.851695267584965165 -3769.491965436944156 8.6362129398651230616
300000 290.82318453968332506 -1996.1505693071017049 -0.19961505693071 9784.9791393751111173 32.441763963555537487 -3769.5339276864833664 8.6409491075191695586
