step temp press pressGiga vol ke pe density
250000 1934.8674048196864987 -8880.0146198311540502 -0.888001461983115 10582.296737784734432 215.83737124428739662 -3552.6076871407763065 7.9899013282797834989
251000 1884.1118614745751074 -2737.8577825035372371 -0.273785778250354 10560.180632438550674 210.17551399019549763 -3546.3924916112609935 8.0066345173825386183
252000 1907.2404356591214309 2266.1006299531954937 0.22661006299532 10489.053259463462382 212.75554125210814504 -3557.4884476040797381 8.0609283478652162813
253000 1947.8140528579344846 2167.7852331398371462 0.216778523313984 10498.931140506665542 217.28158931940706111 -3557.0671709959415239 8.0533442528509358027
254000 1863.4650669080267562 -3416.1514356506349941 -0.341615143565064 10528.496643609787498 207.8723329800838826 -3555.6711832327137017 8.0307293266598644976
255000 1935.7801665495733232 -4541.8736615575116957 -0.454187366155751 10537.246639527744264 215.93919118908590349 -3555.6909095979453923 8.0240607109170287714
256000 2026.0981736264973279 7336.1121536845257651 0.733611215368453 10471.357801887717869 226.01430081931036398 -3557.3968085827073082 8.074550441417883917
257000 1843.3123641406616571 -7931.6623024352502398 -0.793166230243525 10571.721901590421112 205.62426865384603047 -3550.241730395840932 7.9978935833297928326
258000 1947.2251681475734131 6094.3940096516316771 0.609439400965163 10479.251431837672499 217.2158983436152937 -3553.6299693319033395 8.0684681831944420338
259000 1922.3179765252389188 -794.73910244095520738 -0.0794739102440955 10518.660586825268183 214.43746362945802275 -3556.293791210397103 8.0382389053772413945
260000 1845.7479319828230473 -10579.180193619831698 -1.05791801936198 10562.338554369433041 205.89595991249751705 -3559.8476504452560221 8.0049987345368478486
261000 1867.4235040146736537 5605.6455251276474883 0.560564552512765 10519.407443215530293 208.31390259731256265 -3541.2080798357974345 8.0376682068730378461
262000 1810.0650778587028071 -96.291211929889342969 -0.00962912119298893 10488.142182516699904 201.91548382743926027 -3560.3280924244463677 8.0616285792178654646
263000 1870.9103695086071184 8403.9491299374039954 0.84039491299374 10469.469131443496735 208.70286769136413341 -3551.0096770082659532 8.0760070735142779341
264000 1885.580586775175334 -7686.8699842334699497 -0.768686998423347 10594.619747701783126 210.33935250810728235 -3546.3026326042991059 7.9806079665877804885
265000 1893.8111300768612182 8476.2492066326976783 0.84762492066327 10468.73797338870645 211.25748200148913725 -3549.7392913462231263 8.0765711183530495276
266000 1884.5002361728959386 6691.8161650804204328 0.669181616508042 10511.91391716229009 210.21883777234953072 -3542.108818472798248 8.0433979413999896479
267000 1935.0300633722170005 -3930.7837084652414887 -0.393078370846524 10561.418232299218289 215.8555160506452637 -3549.1897145282950987 8.0056962901913433228
268000 1928.9828420754013223 10486.255554995101193 1.04862555549951 10451.63526945358899 215.18093941310104356 -3553.1627548530373133 8.0897873473054531246
269000 1833.4200995714386409 4898.1032315575539542 0.489810323155755 10478.595804019134448 204.52077165195555608 -3551.6644094742378002 8.0689730134496429059
270000 1949.5147048845506106 4428.1940687292890289 0.442819406872929 10515.005835245274284 217.47129961268697684 -3545.6124223682218144 8.0410327950621436344
271000 1877.9778661281709446 5696.274484401637892 0.569627448440164 10469.237964791682316 209.49125757681301252 -3557.141274911383789 8.0761853962844263322
272000 1867.1457357365277403 -2851.9377502121133148 -0.285193775021211 10523.679890306731977 208.28291712780662692 -3556.7639809414258707 8.0344050410880232249
273000 1997.9314320520302317 1015.5557306528922936 0.101555573065289 10530.38085624330779 222.87225840192996884 -3549.8696880578036144 8.0292923794249784208
274000 1856.037706862369987 -11818.533506496460177 -1.18185335064965 10609.027067589997387 207.04379978781130944 -3546.5392469825155786 7.9697701045345938908
275000 1805.2451554211070288 450.42807204435973745 0.045042807204436 10477.39350919014214 201.37781422489149463 -3564.2815829839319122 8.0698989388261068711
276000 1999.8456391073448231 -1563.7956035170043378 -0.1563795603517 10512.482436901349502 223.08579108009035963 -3559.2362044276669621 8.0429629508517308523
277000 1914.7404877665012464 -8526.1256375152224791 -0.852612563751522 10603.238912506358247 213.592183353277278 -3546.027887593104424 7.9741206870053504829
278000 1852.0854831925921644 6045.9913975828376351 0.604599139758284 10503.935618834117122 206.60292328881740787 -3546.9705057522774041 8.0495073303640314322
279000 1926.1897124009594791 666.9583855445731615 0.0666958385544573 10517.152553489262573 214.86936159387983025 -3551.9445451550391226 8.0393914922747331531
280000 1878.1755642580894801 -8998.4874653992683307 -0.899848746539927 10565.889341965676067 209.51331110076779396 -3555.4691733520380694 8.0023085634310753278
281000 1951.0914819714582791 7225.238200262524515 0.722523820026252 10537.309872212146729 217.64719146999391342 -3535.1718672275410427 8.0240125598324816281
282000 1967.3369316441053343 1248.6208708978253981 0.124862087089783 10482.774648401484228 219.459395832572568 -3564.8711283757775163 8.0657564049009007334
283000 1910.34500999624629 -250.91000121654414556 -0.0250910001216544 10558.871326323389439 213.10186119221791046 -3542.6767291645055593 8.0076273446660124478
284000 1883.9092458160762362 -8755.8895740188363561 -0.875588957401884 10604.704582088657844 210.15291190852602199 -3541.7070586356467174 7.9730185887765827601
285000 1953.7878976767499353 2919.981222040261855 0.291998122204026 10450.325094612882822 217.94798070038882543 -3568.1951763628330809 8.0908015775569666062
286000 1870.9748934731132977 2475.3151765262728077 0.247531517652627 10455.732062196519109 208.71006543672208977 -3566.710758342464942 8.0866175853127835182
287000 1877.424200695670379 -3311.476237647621474 -0.331147623764762 10561.315584111742282 209.4294953644763666 -3546.5125176251531229 8.0057740996467217087
288000 1922.6537025603909115 -819.98473911330654573 -0.0819984739113307 10524.394004805808436 214.47491437399222036 -3554.608081064315229 8.0338598804708265533
289000 1934.1932636627821012 2866.4349222191131048 0.286643492221911 10492.574038745251528 215.76216978356126219 -3556.0012128190674048 8.0582235063826246346
290000 1933.2286953678035388 -4934.8556195790415586 -0.493485561957904 10578.298189097005888 215.65457073845090008 -3544.1209062220414125 7.9929214747060015611
291000 1892.6936305574636208 1339.8821783897403748 0.133988217838974 10503.612896706430547 211.13282324811271451 -3553.3971149946328296 8.0497546504202848183
292000 1804.2101796104752793 -149.07678455503568671 -0.0149076784555036 10507.331735279738496 201.26236111543721563 -3554.5093152447416287 8.0469056171115589393
293000 1817.6310678496226956 -4461.0983968307609757 -0.446109839683076 10537.02653515917882 202.75948139876274467 -3554.3281849228151259 8.0242283227959791958
294000 1878.9937213865596277 7800.3646674479614376 0.780036466744796 10470.272235307460505 209.60457775988558637 -3550.3073462523616399 8.0753876175593255482
295000 1903.6926223560024027 -52.985665344294673673 -0.00529856653442947 10543.53849139781596 212.35977733820723756 -3545.5415851050524907 8.0192723562834551387
296000 1863.192504180912465 -5090.5106929182375097 -0.509051069291824 10551.727227712162858 207.84192819763057969 -3553.0792767881030159 8.0130489479881692461
297000 1966.7320172716881643 4474.9493288747225961 0.447494932887472 10535.66855910173399 219.39191672385163656 -3541.7553782895674885 8.0252625912793416063
298000 1947.9133133377717968 -2931.979608984117931 -0.293197960898412 10538.530265284962297 217.29266197533331706 -3553.6357772289043169 8.0230833553705966921
299000 1888.6341001422315458 8391.2495887636396219 0.839124958876364 10466.864212224068979 210.67997652015225185 -3553.7764451915186328 8.0780169730998157007
300000 1790.974824843622855 -8174.1810743524083591 -0.817418107435241 10538.951740456315747 199.78593737019912169 -3562.1170153130115068 8.0227624951450966506
