step temp press pressGiga vol ke pe density
250000 2365.2458842157407162 804.57035513800065019 0.0804570355138001 11389.724093999626348 263.84673839862983868 -3322.3640877378979894 7.4234903377528507207
251000 2445.6180791705510273 6973.6997515055445547 0.697369975150554 11312.003094657718975 272.81237771684254767 -3327.2706056348724815 7.4744946632314768209
252000 2418.2064178909604379 4952.988242441928378 0.495298824244193 11379.671799433164779 269.75456564285343575 -3314.8046250765082732 7.4300479180505609733
253000 2465.1052954506772039 9375.8239553982984944 0.93758239553983 11276.343490937866591 274.9862060237819037 -3332.3621980100433575 7.4981315378895772028
254000 2312.7826824498229144 -3855.7212596893109549 -0.385572125968931 11329.280713363225004 257.99438927744051853 -3343.9305538436642564 7.4630957516787486128
255000 2411.9470307296633109 -5321.2325926848679956 -0.532123259268487 11403.564945672369504 269.05632158378807617 -3333.1641805019216918 7.414480223008173887
256000 2379.8615892280231492 7546.5373433776294405 0.754653734337763 11298.387325608997344 265.47714229135908681 -3327.8027554424570553 7.4835022313168604313
257000 2423.2068209534818379 9116.1230364682069194 0.911612303646821 11330.755268664259347 270.31236813075935288 -3322.5767139557588052 7.4621245236236166676
258000 2467.8554327136753272 3639.4813829244121735 0.363948138292441 11316.54674950208755 275.29298797479719951 -3334.4255096703695926 7.4714936131198514957
259000 2469.630862294335202 -5548.1241303292608791 -0.554812413032926 11380.308885509524771 275.49103981678103992 -3334.1991962160682306 7.4296319732705997652
260000 2337.3794567174372787 -10039.134161609592411 -1.00391341616096 11490.001151493750513 260.73819646845873876 -3317.8367218401313039 7.358703071190292988
261000 2315.5282814674269503 -3811.7051906987353505 -0.381170519069874 11416.93626529985886 258.30066498035142786 -3321.4670150136080338 7.4057965111410188896
262000 2448.0556730917137429 -1499.1527320584386871 -0.149915273205844 11414.62820927433313 273.08429498765622156 -3322.5485426446134625 7.4072939750047535057
263000 2461.7260205984680397 4107.9609902460642843 0.410796099024606 11318.868442874474567 274.60924282775312122 -3338.9669217936016139 7.469961082081881365
264000 2435.0562306559450008 -2972.3369337862864086 -0.297233693378629 11398.488992147578756 271.63418761803040979 -3325.3933304230249632 7.4177820252951613966
265000 2429.8770246765802767 -1922.1001032800700159 -0.192210010328007 11379.062938971026597 271.05643939562810374 -3327.3535859523417457 7.4304454782392470591
266000 2334.3477559500079224 9919.9474611153909791 0.991994746111539 11264.386586855842324 260.40000568473305975 -3336.7663945467156736 7.5060906432435752222
267000 2408.4140497660096116 2809.1253257664061493 0.280912532576641 11389.516280167370496 268.6622122396792065 -3316.5569825740053602 7.4236257872256690149
268000 2468.7163364012444617 5899.2125064044985265 0.58992125064045 11289.247504219489201 275.38902307692183058 -3341.7029267357702338 7.4895609056205865173
269000 2500.4724666683400756 -6329.0556988612315763 -0.632905569886123 11429.325241830438245 278.93146720547946416 -3327.5875755276192649 7.3977688947047504087
270000 2483.999310791300104 1257.4053080524538473 0.125740530805245 11368.252359381775022 277.09386187307217142 -3326.9141074657591162 7.437511421155249991
271000 2367.8343746901500708 4588.5334302425035276 0.45885334302425 11292.926894859059757 264.13548840707778709 -3340.8971330617832791 7.4871207038423230884
272000 2319.1985451270134035 -4258.5040798574627843 -0.425850407985746 11345.877029611372564 258.71008841582056448 -3336.0830635254874323 7.4521790198155519747
273000 2377.3337833257915008 -9838.1442641648591234 -0.983814426416486 11393.755194072440645 265.19516173827599914 -3341.4636246788240896 7.4208639137222007776
274000 2472.2713246468288162 -7280.0796546638812288 -0.728007965466388 11369.233753933332991 275.78558736645396721 -3345.9068502407380947 7.4368694136687425456
275000 2399.381946820194571 -1291.7418878856731226 -0.129174188788567 11304.595091441562545 267.65466756153927008 -3345.8876406879412571 7.4793927670606246139
276000 2293.3058801332617804 -5195.5925601191811438 -0.519559256011918 11348.343313515604677 255.82172266381127201 -3342.4882315160766666 7.4505594715995462352
277000 2452.8607414382699972 -4381.705513857204096 -0.43817055138572 11447.054412573359514 273.62030759399107183 -3318.3734682108201923 7.3863112477744774509
278000 2346.5293912937318055 -3508.8393501399964407 -0.350883935014 11370.302195435389876 261.75888544233117727 -3332.3972106753117259 7.4361705879216017934
279000 2454.0521458471239384 -8964.4537272849665897 -0.896445372728497 11491.387717227993562 273.75321054902320839 -3318.5381375223641953 7.3578151605412003278
280000 2279.3440181995320017 7959.5540811688333633 0.795955408116883 11243.03615716209606 254.26425595061664353 -3341.2972046023519397 7.5203446453043412134
281000 2343.9212517641008162 8102.329645024860838 0.810232964502486 11290.994069562211735 261.46794355219873296 -3330.6363174065299972 7.4884023710018121633
282000 2410.4693714218956302 -6293.3037076233167681 -0.629330370762332 11492.185982209741269 268.891486463929823 -3311.2568528888850778 7.3573040753400098524
283000 2430.5841959873137057 -4468.9778406720497514 -0.446897784067205 11428.276019463135526 271.13532541972870149 -3320.5149969148533273 7.3984480789123461264
284000 2466.9933482587530307 -3489.8344602711390507 -0.348983446027114 11383.015887297642621 275.196821156297176 -3333.815607791646471 7.4278651280657932432
285000 2466.309036072706931 6905.7283883853879161 0.690572838838539 11272.530617248274211 275.12048510196149209 -3337.9129128798895181 7.5006677411107220976
286000 2455.2692379238760623 8329.1585653564106906 0.832915856535641 11265.780448241508566 273.88897900207280145 -3336.4843993143786065 7.5051619503799962274
287000 2302.39538205723602 -2347.8142237612760255 -0.234781422376128 11388.357294407964218 256.83567028435805923 -3325.5038892076445336 7.4243812848227435097
288000 2299.1007544680715 -4271.2281159362528342 -0.427122811593625 11387.706100593459269 256.4681496179274518 -3324.2224202931829495 7.4248058401393715044
289000 2456.0954365302827682 -14208.063723430388563 -1.42080637234304 11476.27914072038584 273.98114270015793181 -3330.572516308412105 7.3675017594744236504
290000 2427.833597333787111 -2994.6835173108074741 -0.299468351731081 11382.110843835505875 270.82849199990550915 -3332.1563707627346957 7.4284557514452371763
291000 2372.6419110241786257 2459.5623290420180638 0.245956232904202 11358.006180880083775 264.67177632112986885 -3328.0499623338382662 7.444220879524607426
292000 2288.6334322554248502 1498.589772847000404 0.1498589772847 11360.817398015844446 255.30050407037370519 -3327.2771118743958141 7.4423788182920622702
293000 2487.5119112445845531 -1046.1855045091019747 -0.10461855045091 11514.570816392008055 277.48569774057392578 -3298.8205906380380839 7.3430011512987123368
294000 2312.7276311836685636 5704.202471413587773 0.570420247141359 11357.339328418061996 257.98824822584140293 -3322.5841988652928194 7.4446579710720026668
295000 2322.804307484450419 7142.8843555055946126 0.714288435550559 11278.963985479540497 259.11231663395182068 -3335.9685500683413011 7.4963894618626394362
296000 2352.5995311185070022 -1134.5071618178546942 -0.113450716181785 11382.104372510109897 262.43601867616473555 -3324.4741042809782812 7.4284599749133048974
297000 2511.1606576039948777 3233.8499504467999941 0.32338499504468 11355.990582172671566 280.12375099152200164 -3328.4644595784511694 7.4455421699812953662
298000 2413.1991708007799389 -5580.7765596120243572 -0.558077655961202 11455.377186865192925 269.19599969336098866 -3320.0587494700639581 7.3809448071622076881
299000 2360.5981801804718998 -6999.9936575348747283 -0.699999365753487 11385.06655058798242 263.32828001807359897 -3336.5360810501338165 7.4265272307178911149
300000 2337.5947835208257857 -1606.6943793751140674 -0.160669437937511 11317.444071041985808 260.76221649747265019 -3343.180774845938231 7.470901223874348851
