step temp press pressGiga vol ke pe density
250000 590.39324324582798909 761.28337770091241055 0.0761283377700912 9878.8700968858283886 65.859254905606292141 -3738.622375052091229 8.5588236237796788686
251000 612.36155324288608881 1651.5390908748813672 0.165153909087488 9889.0200258707263856 68.309852951050388015 -3733.4904234183477456 8.5500389867025603507
252000 574.86814056398850425 5547.556597353322104 0.554755659735332 9856.0886892717244336 64.127406334071665128 -3736.2900119690425527 8.578606527101436896
253000 592.26496458012559287 3297.8884068632323761 0.329788840686323 9878.6041403890885704 66.068048237640482512 -3733.0825230870204905 8.5590540485152839523
254000 603.56670727992286629 -5778.5588093653695978 -0.577855880936537 9931.3520610785835743 67.328774646451364561 -3733.4022750793969863 8.5135947493834436273
255000 573.50654497436676138 -2979.8182651306065054 -0.297981826513061 9911.0616643714984093 63.975518296664183993 -3734.0049965489397437 8.5310241853730648387
256000 560.61253677881825297 2828.9165919291604041 0.282891659192916 9877.749982186825946 62.537172275227725038 -3733.5824623599878578 8.5597941751870791904
257000 629.59667241964575624 720.08574964976298816 0.0720085749649763 9891.3188617985542805 70.23245643639903335 -3734.6024698945871023 8.5480518768862072676
258000 584.50676919789384556 -106.39989571586467321 -0.0106399895715865 9892.7446316434779874 65.202609865621113272 -3734.7261812373390057 8.5468199078975466421
259000 599.85664213393454247 -291.91833680465663292 -0.0291918336804657 9896.1253445690708759 66.914911295267458513 -3734.6026456250538104 8.5439001445023521342
260000 585.91056299674369257 -273.13288967388677975 -0.0273132889673887 9890.0752763736327324 65.359205176781998148 -3736.1073338499809324 8.5491267152902139514
261000 594.13201195472868221 -713.20690412404451308 -0.0713206904124044 9894.7864365055756934 66.276320182435796369 -3735.7829774928009101 8.5450562580648394828
262000 635.44868105441480566 926.93828761535962713 0.092693828761536 9894.9217372097937186 70.885256807670529611 -3733.9629600196594765 8.5449394150861888164
263000 592.81284279587862329 2069.7123357781206323 0.206971233577812 9884.8084584163934778 66.129164877238409304 -3733.7392090586595259 8.553681856069342615
264000 616.11808034156740632 -5312.0727172445185715 -0.531207271724452 9921.5348598573091294 68.728899202988699813 -3736.2517676995198599 8.5220188162190346759
265000 600.28809623003758134 -5161.8114047624230807 -0.516181140476242 9926.5227594781099469 66.963040649084419442 -3733.486652386438891 8.5177366546351809262
266000 599.907501937888469 3491.2399549248752919 0.349123995492488 9877.8272640599479928 66.920584782949390501 -3733.4041706497805535 8.5597272053049664464
267000 582.07174298859467854 3776.9642639561475335 0.377696426395615 9871.6969765059966448 64.930979026930629061 -3734.6871382627564344 8.5650427644511584191
268000 620.79093237321592369 -261.48882561339189579 -0.0261488825613392 9899.6702893849324028 69.250162880392238662 -3733.2463143333397966 8.5408406835668735368
269000 602.59007107368188372 -2949.8818134963844386 -0.294988181349638 9909.272273180044067 67.2198294076758458 -3735.2528908402719026 8.5325646960292012011
270000 595.51606611948909631 -1078.599468685652937 -0.107859946868565 9902.8525249552130845 66.430713507703188725 -3733.4775059924713787 8.5380961241629176328
271000 611.44810209777324417 5047.144813021111986 0.504714481302111 9869.3146498811256606 68.207956100945764888 -3733.5100530895042539 8.5671102564852841255
272000 617.19714721087063936 4996.1782225063816441 0.499617822250638 9862.0673665257654648 68.849270736400796977 -3736.0688639325521763 8.5734059218116147605
273000 588.5062773446651363 -1804.420567143380822 -0.180442056714338 9907.2020995111815864 65.648761019193145216 -3733.64438525124433 8.5343476303616352396
274000 593.61286208050819369 -4769.0578332378645428 -0.476905783323786 9917.7759882124519208 66.218408232575853845 -3735.4166563818944269 8.5252486910340437021
275000 585.21502126815300926 254.33602601547136146 0.0254336026015471 9904.2001572814879182 65.281616450073514102 -3730.4433317614411862 8.5369343731725262359
276000 598.79704559506672013 4.2803682672635803286 0.000428036826726358 9892.9239781772557762 66.796711706520923713 -3734.725108070742408 8.5466649645735426333
277000 607.14819103341858408 106.60114720093459084 0.0106601147200935 9896.2720153142836352 67.728294549770353683 -3734.2472394793203421 8.5437735170006749996
278000 620.94347320096494514 -3006.1286280897329561 -0.300612862808973 9900.7552879450431647 69.267179039322186895 -3738.6732104321854422 8.539904714585285106
279000 598.39686886921060704 -318.84945486508831891 -0.0318849454865088 9900.0309230538732663 66.752071390431666487 -3733.2407186053096666 8.5405295618405379088
280000 596.95129948732562752 7279.7741645466148839 0.727977416454662 9848.1118864392228716 66.590815950105337606 -3735.925248755004759 8.5855550522231443011
281000 594.6217373830759243 4533.0324450941225223 0.453303244509412 9864.8565749323352065 66.330949791070821675 -3735.6694106305194509 8.5709818606315639755
282000 627.96193959611878199 -4706.0468184844758071 -0.470604681848448 9918.1288169711406226 70.050099529441013146 -3736.2374244737839035 8.5249454127676802528
283000 590.89145214896871039 -2854.0958235857283398 -0.285409582358573 9912.6709043078753893 65.914830858623290055 -3733.5653776743029084 8.5296392443264146266
284000 572.09530503825726555 428.74927605747052439 0.042874927605747 9883.8685838742057967 63.818092357684548688 -3736.500925852103137 8.5544952408032912672
285000 603.7919222399480077 4124.327081578004254 0.4124327081578 9877.8291406475018448 67.353897714221091064 -3732.512599499078533 8.559725579130095241
286000 597.8145309363638944 2566.2393104013390257 0.256623931040134 9868.2046455302097456 66.687110717525413861 -3737.8830783310236257 8.5680739099563112404
287000 614.94067592448402593 -6201.4260581359440039 -0.620142605813594 9928.1475920369193773 68.597557968110450588 -3735.0643402660416541 8.516342648783080449
288000 577.17044029072667399 -5349.9498022832713104 -0.534994980228327 9923.9855566236419691 64.384231333861208668 -3734.3800147817319157 8.5199143306939024711
289000 612.29487994171881837 49.966218784499268679 0.00499662187844993 9889.8178834254249523 68.302415443952853025 -3736.6361674744016454 8.5493492153357948382
290000 602.22534978426654106 4093.387531980791664 0.409338753198079 9874.5856361144342372 67.179144198886788786 -3733.3922722334182254 8.5625371916615797829
291000 586.34815209510463774 264.81760771200907811 0.0264817607712009 9894.841423996269441 65.408018899334834373 -3733.2278874403264126 8.545008771583619378
292000 616.96041239461499117 -4598.3578392727558821 -0.459835783927276 9928.4973742048241547 68.822862611329611582 -3732.1747077470772638 8.5160426169976020105
293000 583.82152507107025485 -8128.7605097812584063 -0.812876050978126 9941.3648875184826466 65.126169851889031293 -3734.6476196550183886 8.5050199563273878312
294000 600.59876974587882614 5079.2804950628069491 0.507928049506281 9870.4342379646532208 66.997696747382093463 -3732.9854187273217576 8.5661385024244012243
295000 574.78088356756256871 4653.758356592952623 0.465375835659295 9866.0712915990934562 64.117672684786796822 -3734.7222794904810144 8.5699265961591244434
296000 617.99492437175820214 -668.98909240216335093 -0.0668989092402163 9904.3765586370700476 68.938263979460131736 -3733.0243680881894761 8.5367823265710018887
297000 567.32696525290623413 -3671.7520480808275352 -0.367175204808083 9911.7255686601602065 63.286176877633536719 -3735.7104868144051579 8.5304527628186246346
298000 594.11421396695288877 -4401.1271571827783191 -0.440112715718278 9929.1921618711367046 66.274334790111041116 -3731.3101887076973071 8.5154467133954128144
299000 592.40383721774855985 6732.2674665842014292 0.67322674665842 9852.7516908479283302 66.083539689389382943 -3735.5535354879957595 8.5815119891852837952
300000 579.62590750373828996 4128.1608522400674701 0.412816085224007 9875.5176409294290352 64.658142397282304614 -3732.416858240496822 8.5617290997537569552
