step temp press pressGiga vol ke pe density
250000 5034.4269555586215574 1016871.2581824852386 101.687125818249 18820.160702103377844 1332.0868021734006561 -6500.7963570181464092 10.649132574897528514
251000 5207.7137153326339103 1002443.2300010690233 100.244323000107 18916.416586130715586 1377.9377019330022449 -6507.6777759614833485 10.594944633674419521
252000 5069.0912690799787015 971872.84490122483112 97.1872844901225 19015.385371239914093 1341.2588241246214693 -6576.9583190986813861 10.539801454705251871
253000 5083.1090193391173671 1014595.75848597195 101.459575848597 18845.55873495364358 1344.9678579990218168 -6495.0454087422986049 10.634780810496803127
254000 4939.1117180704331986 1017177.0900935380487 101.717709009354 18824.534125369937101 1306.8668176498690627 -6492.5057305145728606 10.646658507605261335
255000 4951.0532308677620676 989709.88262495561503 98.9709882624956 18916.12446527269276 1310.0264884000312122 -6557.2089822367624947 10.595108250927138371
256000 5203.8106236665180404 999549.41266683663707 99.9549412666837 18888.612011746827193 1376.9049613764300375 -6550.564640391337889 10.610540693669562984
257000 4966.7491600681787531 1005606.0710509768687 100.560607105098 18873.871849340990593 1314.1795608987072228 -6509.7512810313546652 10.618827339583388536
258000 5238.6475477060248522 989632.04680092108902 98.9632046800921 18962.904586493088573 1386.1226552969083059 -6542.7468150957920443 10.568970881197680356
259000 5176.7822247135682119 997770.07659745961428 99.777007659746 18917.420845042164729 1369.7533681867921587 -6533.12713812911079 10.594382185566306731
260000 5149.001112160239245 1009061.5092354026856 100.90615092354 18851.073431851284113 1362.4026103530484306 -6529.6892892601836138 10.631669709531928802
261000 4989.3766557225435463 986130.08694582560565 98.6130086945826 18925.708441607228451 1320.1666948056029014 -6575.013795006520013 10.589742889463812148
262000 5158.3704018398675544 1010540.0341233782237 101.054003412338 18863.809508879527129 1364.8816823980191657 -6500.7123893423531626 10.624491638512090219
263000 5048.2520301243393988 991346.66165880823974 99.1346661658808 18920.667481375588977 1335.7448549231228299 -6554.2139060105928365 10.592564273689376364
264000 5230.4048990879373378 980314.92192189523485 98.0314921921895 18988.377011564105487 1383.9416874258809003 -6575.5412753002692625 10.554792875426828758
265000 5014.9262301152339205 1019252.9906703250017 101.925299067032 18835.334433724514383 1326.9269976464402134 -6473.9406438893165614 10.640553641496691029
266000 5032.2711454871478054 987622.48972038249485 98.7622489720383 18912.387348709755315 1331.5163844933840664 -6585.1241708999768889 10.597201860464664946
267000 4999.0667151558127443 1005296.4322518752888 100.529643225188 18891.395097871911275 1322.7306410893168049 -6494.6794618560943491 10.608977545557355171
268000 5149.2516360197469112 1010516.7933329734951 101.051679333297 18868.293701726557629 1362.4688978431295254 -6505.0655479410888802 10.621966647637881564
269000 5132.934186962061176 992219.36853208125103 99.2219368532081 18948.016461728977447 1358.1513739766087383 -6535.353448884115096 10.577275294349599122
270000 4951.3772042862574381 1009507.1268936725101 100.950712689367 18852.237605238336982 1310.112210314132426 -6508.2642322402098216 10.63101317701865689
271000 4970.4834891068603611 994132.489575316431 99.4132489575316 18878.740218284161529 1315.1676476206544066 -6567.9247913171166147 10.616089001715756979
272000 5004.409670172602091 1010453.53572621278 101.045353572621 18866.990801780240872 1324.1443630333035344 -6493.1238960512382619 10.622700170006147857
273000 4968.7526922789511445 1012244.0632292957744 101.22440632293 18836.131627657294302 1314.7096865394719316 -6495.4206171367095521 10.64010330567550966
274000 4964.5351916097897629 983943.73814656597096 98.3943738146566 18970.387204228194605 1313.5937547702476422 -6553.4941885534617541 10.564802090750438524
275000 5093.4982977288309485 1020509.3110447148792 102.050931104471 18853.612088533740462 1347.7168144838828994 -6461.1854982623526666 10.63023814515969967
276000 5057.5006085046125008 1000348.6869202234084 100.034868692022 18917.59019607632581 1338.1919872994551497 -6503.9768775479315082 10.59428734422759355
277000 5001.2054429114905361 988245.88804379396606 98.8245888043794 18945.11092343060227 1323.2965388651571175 -6543.1430488431205958 10.578897490101548229
278000 5234.6690363807683752 1003931.8436144412262 100.393184361444 18902.849710583654087 1385.0699590366475604 -6513.9546612053318313 10.602548793760005807
279000 4934.9465212811410311 1004271.5121810109122 100.427151218101 18867.765217692882288 1305.7647252527701767 -6520.3052003374432388 10.622264167758295628
280000 5204.7337030575863537 995653.64093363133725 99.5653640933631 18917.782663849928213 1377.1492040449709293 -6542.8512156999568106 10.594179558926626328
281000 5226.0488442487712746 1020833.7696280485252 102.083376962805 18853.947710432770691 1382.7890948444373862 -6463.9923786432755151 10.63004891472540514
282000 5114.2478958281417363 981336.88821051444393 98.1336888210515 18989.594691225884162 1353.2070651166736752 -6556.9383497995731886 10.554116064951003295
283000 5158.9198169361470718 1008619.7091082279803 100.861970910823 18865.072513923052611 1365.0270551693652124 -6517.8436165480625277 10.623780335308012468
284000 5229.961139945994546 981117.57686589402147 98.1117576865894 18962.4109995489016 1383.8242707463771239 -6585.2448894430599466 10.569245988937966629
285000 4990.6455672963984398 989076.43155101814773 98.9076431551018 18923.836620609632519 1320.5024431192796328 -6549.2632159788236095 10.590790356924932425
286000 5231.4710656643592301 1001128.856343198102 100.11288563432 18878.169076799731556 1384.2237903221800934 -6555.7131192427095812 10.616410181635620447
287000 4992.7637183646847916 1003575.4806013554335 100.357548060136 18857.637548702005006 1321.0628963958849909 -6537.7813210024432919 10.627968953161392562
288000 5081.2868267913781892 979547.97237999271601 97.9547972379993 18971.922088080700632 1344.4857140201163475 -6563.8996637601412658 10.563947367435703839
289000 5234.8126465314844609 1014077.3000533840386 101.407730005338 18818.492358938627149 1385.1079576386962344 -6534.6648982268225154 10.650076667931283936
290000 5143.9372023191817789 1024916.4548889917787 102.491645488899 18826.979031975992257 1361.062722511549282 -6468.3746626342090167 10.645275912677341523
291000 5076.4395649506168411 991487.84420046245214 99.1487844200462 18907.862603121877328 1343.2031502682225437 -6565.2170569124482427 10.59973782359114125
292000 5146.465760734311516 990997.75192924868315 99.0997751929249 18967.688881066562317 1361.731767732197568 -6526.3269337621586601 10.566305028212049422
293000 5112.2150298292954176 1019253.3175771591486 101.925331757716 18840.20067271570224 1352.6691778870933831 -6480.5560641161428066 10.637805290886335641
294000 5004.7933044797400726 991301.33088203694206 99.1301330882037 18936.90734524698928 1324.2458709510685821 -6535.3652502680997713 10.583480329900796235
295000 5041.4539833247845309 1005827.4597645063186 100.582745976451 18834.658893349704158 1333.9461222168620225 -6549.5681777011377562 10.640935284914597503
296000 5050.8766883474436327 999697.83291329897474 99.9697832913299 18894.290357164445595 1336.4393277221277003 -6527.1165844347433449 10.607351882976626456
297000 5288.729754780901203 986833.56000629242044 98.6833560006292 18970.107065508254891 1399.3741827611208919 -6547.6166028197185369 10.564958105164269142
298000 5062.1425423375985702 997953.87937645346392 99.7953879376453 18895.445358099568693 1339.4202221810151059 -6538.0264046226957362 10.606703499140637703
299000 4943.9059070121829791 980715.00410091702361 98.0715004100917 18944.684259149158606 1308.1353385506201903 -6581.523087772900908 10.579135743620810217
300000 5248.0951830327649077 1017323.3752057788661 101.732337520578 18836.841190191309579 1388.6224572488665672 -6496.032292918010171 10.639702505000517618
